1.600000 0.000444 0.000000 1.000000
1.580662 0.221690 0.000000 0.990308
1.522993 0.437547 0.000000 0.961122
1.427586 0.642533 0.000000 0.911893
1.295508 0.830968 0.000000 0.841727
1.128427 0.996880 0.000000 0.749439
0.928812 1.133938 0.000000 0.633665
0.700212 1.235435 0.000000 0.493083
0.447645 1.294347 0.000000 0.326851
0.178094 1.303568 0.000000 0.135363
-0.098913 1.256410 0.000000 -0.078484
-0.370759 1.147548 0.000000 -0.307440
-0.621498 0.974526 0.000000 -0.537703
-0.832435 0.739822 0.000000 -0.747463
-0.984131 0.452963 0.000000 -0.908398
-1.060071 0.131529 0.000000 -0.992390
-1.051077 -0.200359 0.000000 -0.982312
-0.958264 -0.516398 0.000000 -0.880314
-0.792671 -0.793551 0.000000 -0.706714
-0.571785 -1.015887 0.000000 -0.490488
-0.315143 -1.175488 0.000000 -0.258951
-0.040981 -1.271085 0.000000 -0.032224
0.235432 -1.305883 0.000000 0.177425
0.502149 -1.285598 0.000000 0.363827
0.750216 -1.217067 0.000000 0.524732
0.973098 -1.107415 0.000000 0.660082
1.166114 -0.963615 0.000000 0.770863
1.325965 -0.792308 0.000000 0.858426
1.450366 -0.599753 0.000000 0.924107
1.537786 -0.391863 0.000000 0.969033
1.587265 -0.174280 0.000000 0.994026
1.598300 0.047534 0.000000 0.999558
1.570783 0.268199 0.000000 0.985735
1.504987 0.482313 0.000000 0.952292
1.401603 0.684348 0.000000 0.898607
1.261817 0.868558 0.000000 0.823719
1.087458 1.028892 0.000000 0.726397
0.881209 1.158929 0.000000 0.605267
0.646908 1.251880 0.000000 0.459078
0.389966 1.300676 0.000000 0.287188
0.117875 1.298249 0.000000 0.090424
-0.159197 1.238119 0.000000 -0.127530
-0.427910 1.115444 0.000000 -0.358172
-0.671637 0.928669 0.000000 -0.586025
-0.871311 0.681649 0.000000 -0.787613
-1.007790 0.385638 0.000000 -0.933957
-1.065810 0.059853 0.000000 -0.998427
-1.038277 -0.270699 0.000000 -0.967653
-0.928599 -0.580007 0.000000 -0.848149
-0.749545 -0.846358 0.000000 -0.662992
-0.519372 -1.055571 0.000000 -0.441483
-0.257543 -1.201310 0.000000 -0.209622
0.018267 -1.283438 0.000000 0.014231
0.293504 -1.305833 0.000000 0.219293
0.556899 -1.274536 0.000000 0.400390
0.800055 -1.196495 0.000000 0.555850
1.016872 -1.078828 0.000000 0.685902
1.202992 -0.928451 0.000000 0.791646
1.355354 -0.751927 0.000000 0.874444
1.471848 -0.555444 0.000000 0.935595
1.551074 -0.344859 0.000000 0.976164
1.592175 -0.125776 0.000000 0.996894
1.594737 0.096359 0.000000 0.998180
1.558735 0.316158 0.000000 0.980044
1.484531 0.528190 0.000000 0.942143
1.372920 0.726876 0.000000 0.883778
1.225222 0.906400 0.000000 0.803925
1.043443 1.060624 0.000000 0.701309
0.830500 1.183036 0.000000 0.574564
0.590557 1.266768 0.000000 0.422532
0.329452 1.304717 0.000000 0.244824
0.055239 1.289888 0.000000 0.042786
-0.221231 1.216066 0.000000 -0.178986
-0.485862 1.079000 0.000000 -0.410584
-0.721368 0.878169 0.000000 -0.634747
-0.908415 0.618957 0.000000 -0.826404
-1.028372 0.314435 0.000000 -0.956297
-1.067491 -0.014603 0.000000 -0.999906
-1.020945 -0.342479 0.000000 -0.948079
-0.894451 -0.643754 0.000000 -0.811642
-0.702362 -0.898239 0.000000 -0.615978
-0.463522 -1.093566 0.000000 -0.390254
-0.197174 -1.224950 0.000000 -0.158920
0.079645 -1.293316 0.000000 0.061465
0.353123 -1.303150 0.000000 0.261544
0.612668 -1.260773 0.000000 0.437073
0.850438 -1.173217 0.000000 0.586902
1.060752 -1.047575 0.000000 0.711512
1.239568 -0.890697 0.000000 0.812091
1.384055 -0.709067 0.000000 0.890001
1.492273 -0.508802 0.000000 0.946496
1.562952 -0.295704 0.000000 0.982569
1.595338 -0.075343 0.000000 0.998887
1.589108 0.146846 0.000000 0.995758
1.544321 0.365464 0.000000 0.973122
1.461438 0.575043 0.000000 0.930555
1.341365 0.769950 0.000000 0.867279
1.185571 0.944289 0.000000 0.782208
0.996255 1.091832 0.000000 0.674035
0.776600 1.205975 0.000000 0.541414
0.531125 1.279775 0.000000 0.383314
0.266142 1.306115 0.000000 0.199663
-0.009685 1.278111 0.000000 -0.007577
-0.284774 1.189888 0.000000 -0.232755
-0.544252 1.037900 0.000000 -0.464402
-0.770213 0.822818 0.000000 -0.683384
-0.943198 0.551699 0.000000 -0.863181
-1.045336 0.239494 0.000000 -0.974745
-1.064660 -0.091532 0.000000 -0.996325
-0.998776 -0.415290 0.000000 -0.923361
-0.855667 -0.707202 0.000000 -0.770808
-0.651097 -0.948781 0.000000 -0.565826
-0.404298 -1.129512 0.000000 -0.337003
-0.134157 -1.246103 0.000000 -0.107042
0.142995 -1.300467 0.000000 0.109298
0.414108 -1.297630 0.000000 0.304020
0.669264 -1.244148 0.000000 0.473737
0.901160 -1.147106 0.000000 0.617763
1.104527 -1.013562 0.000000 0.736796
1.275627 -0.850291 0.000000 0.832088
1.411849 -0.663696 0.000000 0.904992
1.511423 -0.459824 0.000000 0.956705
1.573203 -0.244424 0.000000 0.988145
1.596541 -0.023036 0.000000 0.999896
1.581203 0.198911 0.000000 0.992180
1.527342 0.416000 0.000000 0.964852
1.435518 0.622723 0.000000 0.917401
1.306766 0.813381 0.000000 0.848974
1.142714 0.981998 0.000000 0.758427
0.945778 1.122250 0.000000 0.644425
0.719435 1.227438 0.000000 0.505668
0.468598 1.290555 0.000000 0.341296
0.200101 1.304493 0.000000 0.151621
-0.076730 1.262528 0.000000 -0.060663
-0.349536 1.159215 0.000000 -0.288690
-0.602660 0.991844 0.000000 -0.519273
-0.817640 0.762441 0.000000 -0.731363
-0.975075 0.479883 0.000000 -0.897227
-1.058128 0.161023 0.000000 -0.988618
-1.056887 -0.170563 0.000000 -0.987227
-0.971503 -0.488677 0.000000 -0.893348
-0.812138 -0.769889 0.000000 -0.725732
-0.595763 -0.997567 0.000000 -0.512737
-0.341795 -1.163050 0.000000 -0.281955
-0.068637 -1.264473 0.000000 -0.054201
0.208141 -1.304650 0.000000 0.157545
0.476263 -1.289079 0.000000 0.346563
0.726478 -1.224506 0.000000 0.510241
0.952006 -1.118046 0.000000 0.648307
1.147977 -0.976707 0.000000 0.761636
1.310943 -0.807182 0.000000 0.851529
1.438513 -0.615793 0.000000 0.919310
1.529073 -0.408518 0.000000 0.966114
1.581606 -0.191057 0.000000 0.992783
1.595565 0.031075 0.000000 0.999810
1.570810 0.252451 0.000000 0.987330
1.507592 0.467631 0.000000 0.955108
1.406582 0.671057 0.000000 0.902547
1.268950 0.856962 0.000000 0.828721
1.096505 1.019279 0.000000 0.732428
0.891903 1.151585 0.000000 0.612325
0.658947 1.247091 0.000000 0.467180
0.402987 1.298735 0.000000 0.296353
0.131431 1.299450 0.000000 0.100630
-0.145681 1.242734 0.000000 -0.116429
-0.415173 1.123675 0.000000 -0.346578
-0.660608 0.940549 0.000000 -0.574760
-0.863069 0.696913 0.000000 -0.778021
-1.003431 0.403585 0.000000 -0.927770
-1.066198 0.079304 0.000000 -0.997245
-1.043767 -0.251265 0.000000 -0.972226
-0.938902 -0.562147 0.000000 -0.857974
-0.763805 -0.831338 0.000000 -0.676564
-0.536416 -1.044174 0.000000 -0.456952
-0.276142 -1.193828 0.000000 -0.225358
-0.000787 -1.279773 0.000000 -0.000615
0.274884 -1.305633 0.000000 0.206021
0.539375 -1.277312 0.000000 0.389012
0.784087 -1.201706 0.000000 0.546447
1.002748 -1.085932 0.000000 0.678408
1.190869 -0.936937 0.000000 0.785916
1.345285 -0.761329 0.000000 0.870299
1.463811 -0.565349 0.000000 0.932844
1.544991 -0.354905 0.000000 0.974616
1.587930 -0.135655 0.000000 0.996371
1.592184 0.086907 0.000000 0.998514
1.557712 0.307351 0.000000 0.981085
1.484866 0.520205 0.000000 0.943759
1.374438 0.719857 0.000000 0.885854
1.227748 0.900461 0.000000 0.806370
1.046805 1.055857 0.000000 0.704056
0.834533 1.179520 0.000000 0.577575
0.595098 1.264573 0.000000 0.425800
0.334332 1.303918 0.000000 0.248371
0.060272 1.290567 0.000000 0.046651
-0.216274 1.218316 0.000000 -0.174786
-0.481278 1.082905 0.000000 -0.406129
-0.717553 0.883766 0.000000 -0.630324
-0.905865 0.626163 0.000000 -0.822606
-1.027628 0.322960 0.000000 -0.953996
-1.069008 -0.005303 0.000000 -0.999988
-1.024940 -0.333145 0.000000 -0.951023
-0.900805 -0.635171 0.000000 -0.817263
-0.710655 -0.891056 0.000000 -0.623523
-0.473151 -1.088182 0.000000 -0.398746
-0.207500 -1.221501 0.000000 -0.167474
0.069196 -1.291725 0.000000 0.053492
0.343008 -1.303195 0.000000 0.254536
0.603216 -1.262159 0.000000 0.431208
0.841856 -1.175617 0.000000 0.582213
1.053146 -1.050671 0.000000 0.707938
1.232962 -0.894194 0.000000 0.809518
1.378410 -0.712707 0.000000 0.888287
1.487503 -0.512367 0.000000 0.945484
1.558938 -0.299021 0.000000 0.982097
1.591940 -0.078285 0.000000 0.998793
1.586170 0.144362 0.000000 0.995884
1.541688 0.363477 0.000000 0.973315
1.458956 0.573551 0.000000 0.930667
1.338896 0.768911 0.000000 0.867173
1.182996 0.943626 0.000000 0.781761
0.993486 1.091435 0.000000 0.673145
0.773589 1.205710 0.000000 0.540011
0.527873 1.279496 0.000000 0.381381
0.262706 1.305680 0.000000 0.197249
-0.013190 1.277404 0.000000 -0.010325
-0.288183 1.188850 0.000000 -0.235582
-0.547377 1.036554 0.000000 -0.466964
-0.772891 0.821288 0.000000 -0.685324
-0.945351 0.550195 0.000000 -0.864280
-1.047016 0.238246 0.000000 -0.975075
-1.066044 -0.092357 0.000000 -0.996268
-1.000093 -0.415655 0.000000 -0.923421
-0.857101 -0.707195 0.000000 -0.771335
-0.652730 -0.948547 0.000000 -0.566885
-0.406108 -1.129179 0.000000 -0.338427
-0.136062 -1.245738 0.000000 -0.108576
0.141090 -1.300066 0.000000 0.107892
0.412277 -1.297133 0.000000 0.302905
0.667542 -1.243461 0.000000 0.472993
0.899536 -1.146123 0.000000 0.617402
1.102949 -1.012183 0.000000 0.736773
1.274005 -0.848432 0.000000 0.832323
1.410067 -0.661300 0.000000 0.905377
1.509340 -0.456865 0.000000 0.957114
1.570668 -0.240915 0.000000 0.988440
1.593395 -0.019030 0.000000 0.999929
1.577290 0.203320 0.000000 0.991794
1.522516 0.420674 0.000000 0.963884
1.429654 0.627477 0.000000 0.915686
1.299770 0.817985 0.000000 0.846347
1.134536 0.986176 0.000000 0.754730
0.936430 1.125685 0.000000 0.639523
0.709008 1.229782 0.000000 0.499468
0.457286 1.291443 0.000000 0.333782
0.188223 1.303572 0.000000 0.142908
-0.088713 1.259503 0.000000 -0.070261
-0.361020 1.153915 0.000000 -0.298592
-0.612927 0.984300 0.000000 -0.528597
-0.825951 0.752964 0.000000 -0.739005
-0.980808 0.469091 0.000000 -0.902131
-1.060945 0.149775 0.000000 -0.990182
-1.056833 -0.181341 0.000000 -0.985596
-0.968976 -0.498199 0.000000 -0.889337
-0.807740 -0.777642 0.000000 -0.720401
-0.590124 -1.003315 0.000000 -0.506981
-0.335465 -1.166760 0.000000 -0.276324
-0.062050 -1.266221 0.000000 -0.048945
0.214651 -1.304551 0.000000 0.162357
0.482435 -1.287256 0.000000 0.350941
0.732093 -1.221077 0.000000 0.514210
0.956868 -1.113123 0.000000 0.651876
1.151898 -0.970402 0.000000 0.764786
1.313739 -0.799618 0.000000 0.854213
1.439999 -0.607109 0.000000 0.921454
1.529067 -0.398877 0.000000 0.967619
1.579930 -0.180654 0.000000 0.993526
1.592050 0.042011 0.000000 0.999652
1.565305 0.263647 0.000000 0.986110
1.499970 0.478768 0.000000 0.952649
1.396753 0.681766 0.000000 0.898661
1.256876 0.866818 0.000000 0.823211
1.082219 1.027805 0.000000 0.725101
0.875535 1.158252 0.000000 0.603013
0.640753 1.251332 0.000000 0.455778
0.383386 1.299967 0.000000 0.282874
0.111045 1.297122 0.000000 0.085297
-0.165996 1.236398 0.000000 -0.133064
-0.434322 1.113098 0.000000 -0.363500
-0.677309 0.925854 0.000000 -0.590428
-0.876004 0.678711 0.000000 -0.790499
-1.011494 0.383031 0.000000 -0.935193
-1.068783 0.057976 0.000000 -0.998532
-1.040954 -0.271660 0.000000 -0.967593
-0.931409 -0.580138 0.000000 -0.848813
-0.752739 -0.845927 0.000000 -0.664761
-0.522984 -1.054871 0.000000 -0.444186
-0.261441 -1.200539 0.000000 -0.212782
0.014282 -1.282649 0.000000 0.011134
0.289611 -1.304950 0.000000 0.216661
0.553211 -1.273392 0.000000 0.398461
0.796598 -1.194880 0.000000 0.554705
1.013580 -1.076529 0.000000 0.685500
1.199721 -0.925278 0.000000 0.791853
1.351894 -0.747736 0.000000 0.875067
1.467938 -0.550152 0.000000 0.936397
1.546421 -0.338453 0.000000 0.976877
1.586466 -0.118319 0.000000 0.997230
1.587655 0.104718 0.000000 0.997832
1.549977 0.325187 0.000000 0.978693
1.473826 0.537563 0.000000 0.939460
1.360047 0.736178 0.000000 0.879431
1.210037 0.915124 0.000000 0.797590
1.025907 1.068175 0.000000 0.692693
0.810717 1.188748 0.000000 0.563435
0.568813 1.269923 0.000000 0.408779
0.306262 1.304595 0.000000 0.228544
0.031388 1.285836 0.000000 0.024404
-0.244668 1.207613 0.000000 -0.198570
-0.507548 1.066004 0.000000 -0.429883
-0.739826 0.860982 0.000000 -0.651726
-0.922263 0.598535 0.000000 -0.838832
-1.036648 0.292300 0.000000 -0.962471
-1.069932 -0.036623 0.000000 -0.999415
-1.018055 -0.362652 0.000000 -0.942017
-0.887285 -0.660803 0.000000 -0.802018
-0.692182 -0.911461 0.000000 -0.604791
-0.451508 -1.102739 0.000000 -0.378912
-0.184291 -1.230147 0.000000 -0.148159
0.092654 -1.294744 0.000000 0.071379
0.365685 -1.301051 0.000000 0.270584
0.624318 -1.255384 0.000000 0.445287
0.860770 -1.164761 0.000000 0.594328
1.069388 -1.036271 0.000000 0.718139
1.246139 -0.876776 0.000000 0.817849
1.388193 -0.692786 0.000000 0.894765
1.493612 -0.490461 0.000000 0.950088
1.561132 -0.275658 0.000000 0.984766
1.590013 -0.054015 0.000000 0.999423
1.579956 0.168954 0.000000 0.994331
1.531064 0.387759 0.000000 0.969394
1.443858 0.596837 0.000000 0.924157
1.319335 0.790447 0.000000 0.857824
1.159086 0.962587 0.000000 0.769303
0.965478 1.106920 0.000000 0.657317
0.741918 1.216754 0.000000 0.520605
0.493215 1.285089 0.000000 0.358314
0.226051 1.304822 0.000000 0.170700
-0.050469 1.269203 0.000000 -0.039733
-0.324281 1.172675 0.000000 -0.266528
-0.580075 1.012269 0.000000 -0.497195
-0.799708 0.789516 0.000000 -0.711627
-0.963898 0.512542 0.000000 -0.882937
-1.055518 0.197297 0.000000 -0.982975
-1.063847 -0.133395 0.000000 -0.992230
-0.987862 -0.453597 0.000000 -0.908777
-0.836582 -0.739505 0.000000 -0.749240
-0.626220 -0.973662 0.000000 -0.540937
-0.375945 -1.146462 0.000000 -0.311592
-0.104307 -1.255239 0.000000 -0.082812
0.172761 -1.302248 0.000000 0.131512
0.442564 -1.292667 0.000000 0.323908
0.695453 -1.233099 0.000000 0.491245
0.924311 -1.130627 0.000000 0.632931
1.123998 -0.992298 0.000000 0.749661
1.290862 -0.824880 0.000000 0.842648
1.422351 -0.634785 0.000000 0.913184
1.516741 -0.428087 0.000000 0.962402
1.572928 -0.210579 0.000000 0.991157
1.590306 0.012137 0.000000 0.999971
1.568697 0.234555 0.000000 0.989006
1.508324 0.451163 0.000000 0.958059
1.409846 0.656344 0.000000 0.906573
1.274424 0.844277 0.000000 0.833659
1.103867 1.008859 0.000000 0.738159
0.900829 1.143638 0.000000 0.618779
0.669105 1.241816 0.000000 0.474339
0.414023 1.296329 0.000000 0.304241
0.142946 1.300121 0.000000 0.109290
-0.134175 1.246698 0.000000 -0.107006
-0.404303 1.131123 0.000000 -0.336580
-0.651188 0.951574 0.000000 -0.564749
-0.856111 0.711376 0.000000 -0.769126
-1.000047 0.420954 0.000000 -0.921674
-1.067372 0.098542 0.000000 -0.995765
-1.050050 -0.231624 0.000000 -0.976525
-0.950193 -0.543725 0.000000 -0.867945
-0.779360 -0.815549 0.000000 -0.690884
-0.555067 -1.031965 0.000000 -0.473699
-0.296587 -1.185608 0.000000 -0.242678
-0.021812 -1.275493 0.000000 -0.017098
0.254276 -1.304927 0.000000 0.191261
0.519926 -1.279630 0.000000 0.376425
0.766298 -1.206419 0.000000 0.536166
0.986912 -1.092407 0.000000 0.670369
1.177108 -0.944573 0.000000 0.779935
1.333591 -0.769590 0.000000 0.866126
1.454077 -0.573769 0.000000 0.930201
1.537038 -0.363102 0.000000 0.973213
1.581528 -0.143323 0.000000 0.995919
1.587075 0.079993 0.000000 0.998732
1.553620 0.301339 0.000000 0.981704
1.481517 0.515170 0.000000 0.944524
1.371570 0.715807 0.000000 0.886530
1.225128 0.897342 0.000000 0.806746
1.044238 1.053559 0.000000 0.703958
0.831879 1.177893 0.000000 0.576880
0.592282 1.263444 0.000000 0.424459
0.331353 1.303111 0.000000 0.246436
0.057204 1.289939 0.000000 0.044303
-0.219297 1.217793 0.000000 -0.177227
-0.484106 1.082519 0.000000 -0.408241
-0.720084 0.883667 0.000000 -0.631704
-0.908127 0.626585 0.000000 -0.823090
-1.029834 0.324123 0.000000 -0.953872
-1.071524 -0.003324 0.000000 -0.999995
-1.028155 -0.330510 0.000000 -0.952020
-0.904963 -0.632237 0.000000 -0.819758
-0.715762 -0.888242 0.000000 -0.627454
-0.479002 -1.085827 0.000000 -0.403613
-0.213771 -1.219773 0.000000 -0.172624
0.062841 -1.290619 0.000000 0.048633
0.336847 -1.302572 0.000000 0.250365
0.597431 -1.261794 0.000000 0.427934
0.836525 -1.175252 0.000000 0.579888
1.048252 -1.050048 0.000000 0.706501
1.228405 -0.893084 0.000000 0.808830
1.374023 -0.710927 0.000000 0.888158
1.483070 -0.509793 0.000000 0.945689
1.554211 -0.295594 0.000000 0.982390
1.586650 -0.074017 0.000000 0.998914
1.580046 0.149386 0.000000 0.995560
1.534467 0.369096 0.000000 0.972269
1.450404 0.579525 0.000000 0.928617
1.328821 0.774922 0.000000 0.863842
1.171273 0.949281 0.000000 0.776885
0.980078 1.096272 0.000000 0.666494
0.758578 1.209212 0.000000 0.531419
0.511493 1.281113 0.000000 0.370796
0.245376 1.304872 0.000000 0.184807
-0.030841 1.273705 0.000000 -0.024207
-0.305312 1.181963 0.000000 -0.250100
-0.562968 1.026464 0.000000 -0.480877
-0.785872 0.808377 0.000000 -0.697056
-0.954799 0.535291 0.000000 -0.872271
-1.052394 0.222542 0.000000 -0.978365
-1.067361 -0.107543 0.000000 -0.994962
-0.997878 -0.429185 0.000000 -0.918637
-0.852192 -0.718314 0.000000 -0.764611
-0.646017 -0.956910 0.000000 -0.559534
-0.398360 -1.134734 0.000000 -0.331241
-0.127873 -1.248586 0.000000 -0.101882
0.149273 -1.300354 0.000000 0.114045
0.420107 -1.295004 0.000000 0.308575
0.674724 -1.239041 0.000000 0.478242
0.905792 -1.139524 0.000000 0.622251
1.108001 -1.003520 0.000000 0.741189
1.277567 -0.837835 0.000000 0.836219
1.411843 -0.648932 0.000000 0.908616
1.509027 -0.442933 0.000000 0.959520
1.567963 -0.225679 0.000000 0.989800
1.588006 -0.002813 0.000000 0.999998
1.568945 0.220123 0.000000 0.990301
1.510982 0.437587 0.000000 0.960531
1.414750 0.643941 0.000000 0.910155
1.281395 0.833349 0.000000 0.838311
1.112699 0.999701 0.000000 0.743869
0.911287 1.136544 0.000000 0.625553
0.680909 1.237084 0.000000 0.482198
0.426833 1.294263 0.000000 0.313196
0.156329 1.301021 0.000000 0.119301
-0.120773 1.250838 0.000000 -0.096107
-0.391594 1.138700 0.000000 -0.325203
-0.640058 0.962621 0.000000 -0.553688
-0.847577 0.725642 0.000000 -0.759634
-0.995136 0.437785 0.000000 -0.915340
-1.066895 0.116849 0.000000 -0.994056
-1.054360 -0.213248 0.000000 -0.980154
-0.959051 -0.526733 0.000000 -0.876503
-0.792003 -0.801140 0.000000 -0.703040
-0.570428 -1.020905 0.000000 -0.487771
-0.313528 -1.178212 0.000000 -0.257156
-0.039303 -1.271712 0.000000 -0.030891
0.237082 -1.304469 0.000000 0.178816
0.503671 -1.282069 0.000000 0.365653
0.751438 -1.211274 0.000000 0.527167
0.973748 -1.099187 0.000000 0.663105
1.165821 -0.952811 0.000000 0.774296
1.324267 -0.778853 0.000000 0.861970
1.446732 -0.583668 0.000000 0.927373
1.531635 -0.373288 0.000000 0.971561
1.577994 -0.153491 0.000000 0.995303
1.585307 0.070114 0.000000 0.999023
1.553499 0.291984 0.000000 0.982792
1.482908 0.506547 0.000000 0.946313
1.374328 0.708100 0.000000 0.888945
1.229102 0.890716 0.000000 0.809730
1.049268 1.048167 0.000000 0.707478
0.837796 1.173882 0.000000 0.580921
0.598897 1.260957 0.000000 0.429023
0.338454 1.302296 0.000000 0.251534
0.064529 1.290944 0.000000 0.049924
-0.212077 1.220753 0.000000 -0.171162
-0.477412 1.087531 0.000000 -0.401961
-0.714444 0.890732 0.000000 -0.625687
-0.904153 0.635527 0.000000 -0.818117
-1.028138 0.334517 0.000000 -0.950933
-1.072573 0.007827 0.000000 -0.999973
-1.032115 -0.319477 0.000000 -0.955282
-0.911633 -0.622204 0.000000 -0.825959
-0.724626 -0.879910 0.000000 -0.635704
-0.489374 -1.079616 0.000000 -0.412852
-0.224943 -1.215825 0.000000 -0.181925
0.051501 -1.288854 0.000000 0.039927
0.325844 -1.302765 0.000000 0.242643
0.587138 -1.263642 0.000000 0.421376
0.827193 -1.178423 0.000000 0.574533
1.040031 -1.054214 0.000000 0.702302
1.221364 -0.897936 0.000000 0.805691
1.368169 -0.716188 0.000000 0.885957
1.478365 -0.515220 0.000000 0.944297
1.550581 -0.300980 0.000000 0.981677
1.583999 -0.079191 0.000000 0.998753
1.578263 0.144560 0.000000 0.995831
1.533433 0.364722 0.000000 0.972861
1.449996 0.575678 0.000000 0.929429
1.328920 0.771650 0.000000 0.864783
1.171766 0.946610 0.000000 0.777882
0.980864 1.094209 0.000000 0.667488
0.759571 1.207750 0.000000 0.532379
0.512619 1.280242 0.000000 0.371717
0.246576 1.304584 0.000000 0.185719
-0.029620 1.274006 0.000000 -0.023243
-0.304130 1.182877 0.000000 -0.249012
-0.561916 1.028034 0.000000 -0.479622
-0.785093 0.810643 0.000000 -0.695696
-0.954501 0.538252 0.000000 -0.871050
-1.052827 0.226105 0.000000 -0.977707
-1.068754 -0.103602 0.000000 -0.995334
-1.000353 -0.425196 0.000000 -0.920316
-0.855709 -0.714640 0.000000 -0.767537
-0.650386 -0.953854 0.000000 -0.563355
-0.403299 -1.132479 0.000000 -0.335482
-0.133079 -1.247185 0.000000 -0.106102
0.144071 -1.299754 0.000000 0.110170
0.415121 -1.295079 0.000000 0.305240
0.670097 -1.239626 0.000000 0.475533
0.901602 -1.140444 0.000000 0.620175
1.104272 -1.004604 0.000000 0.739700
1.274275 -0.838930 0.000000 0.835239
1.408931 -0.649911 0.000000 0.908049
1.506412 -0.443695 0.000000 0.959256
1.565544 -0.226155 0.000000 0.989726
1.585673 -0.002967 0.000000 0.999998
1.566582 0.220294 0.000000 0.990257
1.508477 0.438056 0.000000 0.960327
1.412002 0.644647 0.000000 0.909679
1.278317 0.834202 0.000000 0.837456
1.109231 1.000581 0.000000 0.742537
0.907400 1.137309 0.000000 0.623669
0.676620 1.237573 0.000000 0.479715
0.422209 1.294308 0.000000 0.310122
0.151501 1.300469 0.000000 0.115715
-0.125612 1.249568 0.000000 -0.100020
-0.396193 1.136661 0.000000 -0.329138
-0.644137 0.959863 0.000000 -0.557230
-0.850880 0.722335 0.000000 -0.762343
-0.997492 0.434211 0.000000 -0.916895
-1.068277 0.113341 0.000000 -0.994419
-1.054891 -0.216392 0.000000 -0.979602
-0.958947 -0.529319 0.000000 -0.875483
-0.791497 -0.803095 0.000000 -0.701945
-0.569702 -1.022244 0.000000 -0.486811
-0.312704 -1.178980 0.000000 -0.256368
-0.038448 -1.271950 0.000000 -0.030214
0.237922 -1.304195 0.000000 0.179467
0.504458 -1.281282 0.000000 0.366343
0.752123 -1.209957 0.000000 0.527928
0.974267 -1.097320 0.000000 0.663934
1.166092 -0.950380 0.000000 0.775160
1.324194 -0.775855 0.000000 0.862811
1.446204 -0.580119 0.000000 0.928114
1.530537 -0.369229 0.000000 0.972113
1.576204 -0.148988 0.000000 0.995562
1.582706 0.074964 0.000000 0.998880
1.549975 0.297054 0.000000 0.982126
1.478365 0.511674 0.000000 0.944999
1.368692 0.713086 0.000000 0.886854
1.222331 0.895327 0.000000 0.806735
1.041366 1.052136 0.000000 0.703460
0.828826 1.176910 0.000000 0.575786
0.589003 1.262728 0.000000 0.422726
0.327875 1.302489 0.000000 0.244114
0.053622 1.289267 0.000000 0.041555
-0.222826 1.216991 0.000000 -0.180102
-0.487398 1.081606 0.000000 -0.410838
-0.722989 0.882779 0.000000 -0.633613
-0.910602 0.625951 0.000000 -0.824079
-1.032000 0.323990 0.000000 -0.954087
-1.073658 -0.002812 0.000000 -0.999997
-1.030583 -0.329394 0.000000 -0.952529
-0.907929 -0.630737 0.000000 -0.821272
-0.719334 -0.886655 0.000000 -0.630026
-0.483075 -1.084408 0.000000 -0.406923
-0.218138 -1.218663 0.000000 -0.176197
0.058411 -1.289827 0.000000 0.045240
0.332549 -1.302001 0.000000 0.247469
0.593389 -1.261279 0.000000 0.425707
0.832784 -1.174597 0.000000 0.578377
1.044782 -1.049060 0.000000 0.705661
1.225109 -0.891591 0.000000 0.808547
1.370753 -0.708795 0.000000 0.888275
1.479639 -0.506936 0.000000 0.946018
1.550402 -0.291982 0.000000 0.982725
1.582234 -0.069679 0.000000 0.999032
1.574792 0.154358 0.000000 0.995231
1.528155 0.374545 0.000000 0.971253
1.442838 0.585227 0.000000 0.926674
1.319845 0.780586 0.000000 0.860733
1.160789 0.954551 0.000000 0.772385
0.968070 1.100735 0.000000 0.660406
0.745137 1.212405 0.000000 0.523609
0.496842 1.282551 0.000000 0.361229
0.229904 1.304081 0.000000 0.173618
-0.046560 1.270281 0.000000 -0.036629
-0.320514 1.175656 0.000000 -0.263026
-0.576744 1.017281 0.000000 -0.493197
-0.797272 0.796675 0.000000 -0.707371
-0.963007 0.521822 0.000000 -0.879218
-1.056941 0.208375 0.000000 -0.981115
-1.068262 -0.121235 0.000000 -0.993622
-0.995603 -0.441386 0.000000 -0.914188
-0.847486 -0.728347 0.000000 -0.758402
-0.639675 -0.964457 0.000000 -0.552727
-0.391077 -1.139738 0.000000 -0.324554
-0.120193 -1.251132 0.000000 -0.095627
0.156937 -1.300576 0.000000 0.119799
0.427433 -1.293038 0.000000 0.313861
0.681437 -1.235009 0.000000 0.483106
0.911640 -1.133541 0.000000 0.626708
1.112735 -0.995701 0.000000 0.745209
1.280933 -0.828313 0.000000 0.839728
1.413582 -0.637863 0.000000 0.911499
1.508877 -0.430511 0.000000 0.961624
1.565666 -0.212144 0.000000 0.990945
1.583312 0.011540 0.000000 0.999973
1.561625 0.234936 0.000000 0.988872
1.500842 0.452436 0.000000 0.957442
1.401646 0.658326 0.000000 0.905135
1.265254 0.846697 0.000000 0.831081
1.093547 1.011359 0.000000 0.734157
0.889280 1.145791 0.000000 0.613128
0.656378 1.243142 0.000000 0.466912
0.400332 1.296336 0.000000 0.295068
0.128683 1.298353 0.000000 0.098630
-0.148424 1.242813 0.000000 -0.118583
-0.417792 1.124988 0.000000 -0.348142
-0.663094 0.943360 0.000000 -0.575057
-0.865688 0.701613 0.000000 -0.776886
-1.006826 0.410488 0.000000 -0.925996
-1.071313 0.088356 0.000000 -0.996616
-1.051548 -0.240672 0.000000 -0.974794
-0.949904 -0.551102 0.000000 -0.864969
-0.777959 -0.821076 0.000000 -0.687790
-0.553078 -1.035702 0.000000 -0.471055
-0.294339 -1.187698 0.000000 -0.240547
-0.019493 -1.276053 0.000000 -0.015274
0.256550 -1.304005 0.000000 0.193040
0.522046 -1.277211 0.000000 0.378354
0.768121 -1.202446 0.000000 0.538335
0.988246 -1.086813 0.000000 0.672760
1.177710 -0.937310 0.000000 0.782441
1.333169 -0.760648 0.000000 0.868569
1.452304 -0.563198 0.000000 0.932348
1.533561 -0.351021 0.000000 0.974790
1.575987 -0.129932 0.000000 0.996619
1.579112 0.094404 0.000000 0.998218
1.542904 0.316383 0.000000 0.979616
1.467761 0.530358 0.000000 0.940486
1.354555 0.730544 0.000000 0.880154
1.204737 0.910925 0.000000 0.797651
1.020489 1.065185 0.000000 0.691795
0.804975 1.186669 0.000000 0.561375
0.562661 1.268419 0.000000 0.405488
0.299752 1.303336 0.000000 0.224137
0.024711 1.284554 0.000000 0.019233
-0.251213 1.206176 0.000000 -0.203897
-0.513624 1.064475 0.000000 -0.434570
-0.745177 0.859650 0.000000 -0.655005
-0.926867 0.597855 0.000000 -0.840348
-1.040813 0.292722 0.000000 -0.962653
-1.074245 -0.034883 0.000000 -0.999473
-1.023165 -0.359763 0.000000 -0.943382
-0.893630 -0.657269 0.000000 -0.805570
-0.699829 -0.907906 0.000000 -0.610499
-0.460187 -1.099672 0.000000 -0.386038
-0.193543 -1.227823 0.000000 -0.155708
0.083315 -1.293154 0.000000 0.064295
0.356657 -1.299972 0.000000 0.264580
0.615851 -1.254466 0.000000 0.440686
0.852950 -1.163598 0.000000 0.591204
1.062150 -1.034467 0.000000 0.716381
1.239285 -0.873980 0.000000 0.817219
1.381421 -0.688729 0.000000 0.894940
1.486541 -0.484971 0.000000 0.950687
1.553330 -0.268674 0.000000 0.985369
1.581021 -0.045599 0.000000 0.999584
1.569313 0.178615 0.000000 0.993585
1.518331 0.398349 0.000000 0.967264
1.428649 0.607904 0.000000 0.920162
1.301346 0.801407 0.000000 0.851489
1.138133 0.972726 0.000000 0.760185
0.941541 1.115413 0.000000 0.645036
0.715193 1.222681 0.000000 0.504904
0.464171 1.287490 0.000000 0.339156
0.195485 1.302771 0.000000 0.148392
-0.081389 1.261924 0.000000 -0.064362
-0.354020 1.159718 0.000000 -0.291964
-0.606823 0.993707 0.000000 -0.521174
-0.821605 0.766134 0.000000 -0.731365
-0.979398 0.485894 0.000000 -0.895815
-1.063795 0.169530 0.000000 -0.987539
-1.065038 -0.159987 0.000000 -0.988905
-0.982974 -0.477083 0.000000 -0.899638
-0.827109 -0.758643 0.000000 -0.736950
-0.613709 -0.987898 0.000000 -0.527692
-0.361724 -1.155734 0.000000 -0.298694
-0.089405 -1.259730 0.000000 -0.070793
0.187566 -1.302223 0.000000 0.142564
0.456657 -1.288384 0.000000 0.334077
0.708307 -1.224790 0.000000 0.500622
0.935433 -1.118507 0.000000 0.641537
1.132898 -0.976588 0.000000 0.757426
1.297036 -0.805835 0.000000 0.849412
1.425285 -0.612715 0.000000 0.918706
1.515914 -0.403378 0.000000 0.966372
1.567823 -0.183711 0.000000 0.993205
1.580429 0.040571 0.000000 0.999671
1.553596 0.263839 0.000000 0.985884
1.487619 0.480443 0.000000 0.951603
1.383257 0.684618 0.000000 0.896237
1.241821 0.870392 0.000000 0.818886
1.065318 1.031506 0.000000 0.718416
0.856673 1.161374 0.000000 0.593614
0.620035 1.253090 0.000000 0.443484
0.361183 1.299563 0.000000 0.267777
0.088030 1.293834 0.000000 0.067881
-0.188845 1.229709 0.000000 -0.151789
-0.455777 1.102852 0.000000 -0.381940
-0.696053 0.912408 0.000000 -0.606531
-0.890891 0.663005 0.000000 -0.802226
-1.021876 0.366481 0.000000 -0.941296
-1.074729 0.042151 0.000000 -0.999232
-1.043205 -0.285464 0.000000 -0.964540
-0.931059 -0.591184 0.000000 -0.844198
-0.750845 -0.854036 0.000000 -0.660278
-0.520320 -1.060205 0.000000 -0.440574
-0.258464 -1.203347 0.000000 -0.209998
0.017330 -1.283109 0.000000 0.013505
0.292582 -1.303110 0.000000 0.219072
0.555945 -1.269195 0.000000 0.401226
0.798870 -1.188206 0.000000 0.557951
1.015075 -1.067248 0.000000 0.689174
1.200033 -0.913295 0.000000 0.795756
1.350535 -0.733029 0.000000 0.878886
1.464361 -0.532798 0.000000 0.939731
1.540039 -0.318650 0.000000 0.979258
1.576678 -0.096405 0.000000 0.998136
1.573872 0.128258 0.000000 0.996696
1.531652 0.349701 0.000000 0.974912
1.450491 0.562231 0.000000 0.932405
1.331354 0.760002 0.000000 0.868460
1.175810 0.936929 0.000000 0.782074
0.986206 1.086617 0.000000 0.672065
0.765913 1.202344 0.000000 0.537268
0.519682 1.277105 0.000000 0.376911
0.254080 1.303808 0.000000 0.191277
-0.021979 1.275704 0.000000 -0.017227
-0.296726 1.187187 0.000000 -0.242481
-0.555246 1.035086 0.000000 -0.472708
-0.779831 0.820483 0.000000 -0.688922
-0.951487 0.550705 0.000000 -0.865488
-1.052958 0.240631 0.000000 -0.974867
-1.072750 -0.087968 0.000000 -0.996655
-1.008498 -0.409727 0.000000 -0.926459
-0.867725 -0.700636 0.000000 -0.778037
-0.665501 -0.942351 0.000000 -0.576864
-0.420473 -1.124085 0.000000 -0.350350
-0.151230 -1.242066 0.000000 -0.120864
0.125901 -1.297724 0.000000 0.096563
0.397681 -1.295723 0.000000 0.293410
0.653913 -1.242405 0.000000 0.465755
0.886994 -1.144779 0.000000 0.612481
1.091379 -1.009930 0.000000 0.733964
1.263097 -0.844735 0.000000 0.831238
1.399355 -0.655748 0.000000 0.905509
1.498245 -0.449201 0.000000 0.957874
1.558536 -0.231052 0.000000 0.989189
1.579537 -0.007064 0.000000 0.999990
1.561016 0.217101 0.000000 0.990467
1.503177 0.435784 0.000000 0.960453
1.406684 0.643233 0.000000 0.909431
1.272731 0.833505 0.000000 0.836567
1.103179 1.000390 0.000000 0.740775
0.900759 1.137354 0.000000 0.620853
0.669359 1.237545 0.000000 0.475746
0.414409 1.293887 0.000000 0.305020
0.143366 1.299361 0.000000 0.109671
-0.133755 1.247564 0.000000 -0.106602
-0.403926 1.133694 0.000000 -0.335626
-0.651020 0.956066 0.000000 -0.562839
-0.856559 0.718057 0.000000 -0.766344
-1.001830 0.429960 0.000000 -0.918944
-1.071421 0.109633 0.000000 -0.994806
-1.057224 -0.219203 0.000000 -0.979175
-0.960932 -0.531144 0.000000 -0.875202
-0.793491 -0.804071 0.000000 -0.702408
-0.571874 -1.022599 0.000000 -0.488096
-0.315050 -1.178907 0.000000 -0.258179
-0.040871 -1.271536 0.000000 -0.032127
0.235536 -1.303415 0.000000 0.177826
0.502180 -1.280023 0.000000 0.365220
0.749955 -1.208057 0.000000 0.527427
0.972136 -1.094607 0.000000 0.664040
1.163850 -0.946698 0.000000 0.775765
1.321631 -0.771088 0.000000 0.863740
1.443066 -0.574209 0.000000 0.929145
1.526532 -0.362181 0.000000 0.972990
1.571026 -0.140883 0.000000 0.996003
1.576045 0.083963 0.000000 0.998584
1.541535 0.306698 0.000000 0.980777
1.467882 0.521627 0.000000 0.942273
1.355956 0.722919 0.000000 0.882423
1.207209 0.904522 0.000000 0.800281
1.023834 1.060092 0.000000 0.694699
0.809002 1.182954 0.000000 0.564500
0.567189 1.266140 0.000000 0.408821
0.304603 1.302554 0.000000 0.227707
0.029690 1.285343 0.000000 0.023093
-0.246336 1.208620 0.000000 -0.199710
-0.509154 1.068662 0.000000 -0.430117
-0.741525 0.865621 0.000000 -0.650571
-0.924551 0.605526 0.000000 -0.836550
-1.040404 0.301794 0.000000 -0.960410
-1.076233 -0.024976 0.000000 -0.999731
-1.027789 -0.349805 0.000000 -0.946673
-0.900778 -0.648096 0.000000 -0.811733
-0.709065 -0.900220 0.000000 -0.618765
-0.470872 -1.093914 0.000000 -0.395374
-0.204986 -1.224154 0.000000 -0.165151
0.071743 -1.291496 0.000000 0.055465
0.345462 -1.300088 0.000000 0.256810
0.605397 -1.256026 0.000000 0.434190
0.843468 -1.166239 0.000000 0.586031
1.053752 -1.037828 0.000000 0.712470
1.231992 -0.877727 0.000000 0.814442
1.375178 -0.692570 0.000000 0.893129
1.481240 -0.488663 0.000000 0.949656
1.548821 -0.272028 0.000000 0.984924
1.577131 -0.048479 0.000000 0.999528
1.565853 0.176290 0.000000 0.993722
1.515114 0.396605 0.000000 0.967405
1.425493 0.606717 0.000000 0.920126
1.298089 0.800705 0.000000 0.851107
1.134645 0.972392 0.000000 0.759310
0.937732 1.115292 0.000000 0.643549
0.711029 1.222593 0.000000 0.502736
0.459683 1.287243 0.000000 0.336306
0.190779 1.302186 0.000000 0.144959
-0.086136 1.260868 0.000000 -0.068156
-0.358573 1.158137 0.000000 -0.295760
-0.610926 0.991662 0.000000 -0.524516
-0.825047 0.763815 0.000000 -0.733813
-0.982089 0.483589 0.000000 -0.897135
-1.065813 0.167542 0.000000 -0.987869
-1.066607 -0.161445 0.000000 -0.988738
-0.984374 -0.477958 0.000000 -0.899568
-0.828564 -0.759022 0.000000 -0.737373
-0.615323 -0.987937 0.000000 -0.528678
-0.363488 -1.155567 0.000000 -0.300059
-0.091244 -1.259425 0.000000 -0.072260
0.185740 -1.301771 0.000000 0.141252
0.454909 -1.287716 0.000000 0.333095
0.706657 -1.223800 0.000000 0.500051
0.933852 -1.117079 0.000000 0.641380
1.131305 -0.974615 0.000000 0.757625
1.295313 -0.803231 0.000000 0.849863
1.423281 -0.609429 0.000000 0.919273
1.513451 -0.399398 0.000000 0.966898
1.564713 -0.179073 0.000000 0.993515
1.576480 0.045782 0.000000 0.999579
1.548621 0.269484 0.000000 0.985195
1.481450 0.486328 0.000000 0.950114
1.375756 0.690493 0.000000 0.893747
1.232895 0.875951 0.000000 0.815197
1.054939 1.036392 0.000000 0.713350
0.844895 1.165182 0.000000 0.587030
0.607022 1.255388 0.000000 0.435315
0.347235 1.299915 0.000000 0.258073
0.073605 1.291841 0.000000 0.056884
-0.203118 1.225076 0.000000 -0.163567
-0.469113 1.095472 0.000000 -0.393654
-0.707576 0.902454 0.000000 -0.617015
-0.899766 0.650999 0.000000 -0.810180
-1.027487 0.353284 0.000000 -0.945662
-1.076850 0.028830 0.000000 -0.999642
-1.042057 -0.297861 0.000000 -0.961492
-0.927217 -0.601841 0.000000 -0.838795
-0.745042 -0.862469 0.000000 -0.653712
-0.513272 -1.066226 0.000000 -0.433750
-0.250774 -1.206963 0.000000 -0.203428
0.025190 -1.284425 0.000000 0.019608
0.300245 -1.302266 0.000000 0.224662
0.563116 -1.266331 0.000000 0.406320
0.805293 -1.183457 0.000000 0.562569
1.020514 -1.060746 0.000000 0.693309
1.204260 -0.905179 0.000000 0.799367
1.353323 -0.723455 0.000000 0.881897
1.465484 -0.521947 0.000000 0.942035
1.539275 -0.306736 0.000000 0.980718
1.573813 -0.083684 0.000000 0.998589
1.568709 0.141480 0.000000 0.995958
1.524020 0.363066 0.000000 0.972777
1.440259 0.575321 0.000000 0.928651
1.318445 0.772334 0.000000 0.862854
1.160225 0.947957 0.000000 0.774388
0.968047 1.095735 0.000000 0.662091
0.745420 1.208893 0.000000 0.524856
0.497269 1.280400 0.000000 0.362026
0.230380 1.303179 0.000000 0.174084
-0.046076 1.270570 0.000000 -0.036240
-0.320053 1.177161 0.000000 -0.262362
-0.576396 1.020126 0.000000 -0.491930
-0.797273 0.801046 0.000000 -0.705435
-0.963806 0.527855 0.000000 -0.877074
-1.059170 0.215992 0.000000 -0.979834
-1.072575 -0.112461 0.000000 -0.994548
-1.002429 -0.432218 0.000000 -0.918279
-0.856846 -0.719696 0.000000 -0.765729
-0.651167 -0.957128 0.000000 -0.562499
-0.404021 -1.134245 0.000000 -0.335551
-0.133821 -1.247644 0.000000 -0.106647
0.143329 -1.298964 0.000000 0.109676
0.414394 -1.292965 0.000000 0.305207
0.669330 -1.236026 0.000000 0.476182
0.900645 -1.135158 0.000000 0.621542
1.102871 -0.997447 0.000000 0.741666
1.272086 -0.829767 0.000000 0.837567
1.405535 -0.638683 0.000000 0.910414
1.501339 -0.430445 0.000000 0.961271
1.558292 -0.211041 0.000000 0.990953
1.575732 0.013728 0.000000 0.999962
1.553463 0.238150 0.000000 0.988452
1.491736 0.456508 0.000000 0.956226
1.391278 0.662983 0.000000 0.902742
1.253366 0.851561 0.000000 0.827150
1.079977 1.015957 0.000000 0.728366
0.873991 1.149568 0.000000 0.605223
0.639496 1.245490 0.000000 0.456760
0.382179 1.296633 0.000000 0.282722
0.109812 1.296029 0.000000 0.084427
-0.167224 1.237443 0.000000 -0.133920
-0.435522 1.116409 0.000000 -0.363434
-0.678652 0.931797 0.000000 -0.588729
-0.878054 0.687752 0.000000 -0.787253
-1.015311 0.395436 0.000000 -0.931821
-1.075763 0.073433 0.000000 -0.997678
-1.052379 -0.254251 0.000000 -0.972034
-0.947919 -0.562492 0.000000 -0.859988
-0.774062 -0.829878 0.000000 -0.682087
-0.548050 -1.041858 0.000000 -0.465549
-0.288752 -1.191320 0.000000 -0.235559
-0.013737 -1.277284 0.000000 -0.010754
0.262193 -1.302950 0.000000 0.197276
0.527337 -1.273923 0.000000 0.382474
0.772815 -1.196945 0.000000 0.542421
0.992067 -1.079108 0.000000 0.676793
1.180342 -0.927430 0.000000 0.786313
1.334260 -0.748661 0.000000 0.872094
1.451468 -0.549234 0.000000 0.935280
1.530398 -0.335284 0.000000 0.976832
1.570090 -0.112716 0.000000 0.997433
1.570090 0.112707 0.000000 0.997433
1.530400 0.335275 0.000000 0.976833
1.451474 0.549226 0.000000 0.935282
1.334272 0.748656 0.000000 0.872098
1.180366 0.927429 0.000000 0.786319
0.992106 1.079117 0.000000 0.676805
0.772875 1.196971 0.000000 0.542442
0.527424 1.273977 0.000000 0.382514
0.262311 1.303049 0.000000 0.197347
-0.013588 1.277451 0.000000 -0.010636
-0.288580 1.191586 0.000000 -0.235377
-0.547876 1.042258 0.000000 -0.465293
-0.773928 0.830445 0.000000 -0.681775
-0.947889 0.563245 0.000000 -0.859681
-1.052531 0.255181 0.000000 -0.971845
-1.076173 -0.072377 0.000000 -0.997746
-1.016022 -0.394340 0.000000 -0.932246
-0.879061 -0.686716 0.000000 -0.788046
-0.679899 -0.930904 0.000000 -0.589803
-0.436924 -1.115707 0.000000 -0.364648
-0.168686 -1.236933 0.000000 -0.135124
0.108370 -1.295676 0.000000 0.083349
0.380817 -1.296376 0.000000 0.281846
0.638242 -1.245257 0.000000 0.456118
0.872848 -1.149284 0.000000 0.604816
1.078923 -1.015553 0.000000 0.728168
1.252361 -0.850980 0.000000 0.827118
1.390263 -0.662184 0.000000 0.902822
1.490645 -0.455467 0.000000 0.956353
1.552221 -0.236863 0.000000 0.988557
1.574262 -0.012211 0.000000 0.999970
1.556520 0.212751 0.000000 0.990788
1.499196 0.432289 0.000000 0.960853
1.402964 0.640579 0.000000 0.909665
1.269045 0.831615 0.000000 0.836409
1.099341 0.999127 0.000000 0.740032
0.896640 1.136534 0.000000 0.619379
0.664900 1.236952 0.000000 0.473464
0.409636 1.293298 0.000000 0.301953
0.138395 1.298577 0.000000 0.105974
-0.138726 1.246448 0.000000 -0.110614
-0.408645 1.132220 0.000000 -0.339488
-0.655237 0.954351 0.000000 -0.566013
-0.860118 0.716357 0.000000 -0.768401
-1.004750 0.428606 0.000000 -0.919807
-1.073924 0.108910 0.000000 -0.994897
-1.059668 -0.219186 0.000000 -0.979271
-0.963662 -0.530495 0.000000 -0.876031
-0.796706 -0.803050 0.000000 -0.704297
-0.575581 -1.021490 0.000000 -0.490904
-0.319105 -1.177911 0.000000 -0.261482
-0.045064 -1.270722 0.000000 -0.035441
0.231405 -1.302729 0.000000 0.174893
0.498254 -1.279321 0.000000 0.362915
0.746297 -1.207148 0.000000 0.525853
0.968725 -1.093287 0.000000 0.663183
1.160591 -0.944781 0.000000 0.775525
1.318365 -0.768424 0.000000 0.863957
1.439586 -0.570697 0.000000 0.929616
1.522598 -0.357782 0.000000 0.973485
1.566377 -0.135625 0.000000 0.996272
1.570415 0.089981 0.000000 0.998363
1.534668 0.313301 0.000000 0.979791
1.459547 0.528564 0.000000 0.940244
1.345966 0.729863 0.000000 0.879074
1.195440 0.911069 0.000000 0.795349
1.010253 1.065769 0.000000 0.687952
0.793693 1.187231 0.000000 0.555769
0.550385 1.268457 0.000000 0.398046
0.286721 1.302352 0.000000 0.215007
0.011358 1.282136 0.000000 0.008859
-0.264274 1.202078 0.000000 -0.214720
-0.525672 1.058723 0.000000 -0.444715
-0.755520 0.852609 0.000000 -0.663209
-0.935030 0.590212 0.000000 -0.845625
-1.046715 0.285341 0.000000 -0.964793
-1.078250 -0.041218 0.000000 -0.999270
-1.025934 -0.364595 0.000000 -0.942267
-0.895846 -0.660539 0.000000 -0.804866
-0.701976 -0.909837 0.000000 -0.610859
-0.462470 -1.100564 0.000000 -0.387398
-0.195954 -1.227894 0.000000 -0.157591
0.080879 -1.292469 0.000000 0.062455
0.354294 -1.298454 0.000000 0.263235
0.613588 -1.251935 0.000000 0.440096
0.850712 -1.159832 0.000000 0.591440
1.059756 -1.029244 0.000000 0.717358
1.236459 -0.867121 0.000000 0.818734
1.377807 -0.680124 0.000000 0.896701
1.481728 -0.474598 0.000000 0.952341
1.546866 -0.256619 0.000000 0.986517
1.572443 -0.032061 0.000000 0.999792
1.558166 0.193312 0.000000 0.992392
1.504198 0.413748 0.000000 0.964190
1.411176 0.623416 0.000000 0.914717
1.280279 0.816305 0.000000 0.843189
1.113359 0.986155 0.000000 0.748576
0.913136 1.126397 0.000000 0.629736
0.683483 1.230160 0.000000 0.485676
0.429793 1.290366 0.000000 0.316010
0.159453 1.300002 0.000000 0.121744
-0.117641 1.252662 0.000000 -0.093501
-0.388644 1.143501 0.000000 -0.321794
-0.637665 0.970693 0.000000 -0.549046
-0.846470 0.737307 0.000000 -0.754056
-0.996465 0.453130 0.000000 -0.910301
-1.072079 0.135384 0.000000 -0.992121
-1.064666 -0.192770 0.000000 -0.984001
-0.975097 -0.506156 0.000000 -0.887550
-0.813482 -0.782432 0.000000 -0.720728
-0.596210 -1.005642 0.000000 -0.509976
-0.342023 -1.167276 0.000000 -0.281188
-0.068851 -1.265262 0.000000 -0.054336
0.207926 -1.302085 0.000000 0.157689
0.475993 -1.282953 0.000000 0.347845
0.725927 -1.214437 0.000000 0.513074
0.950720 -1.103595 0.000000 0.652681
1.145271 -0.957488 0.000000 0.767200
1.305931 -0.782945 0.000000 0.857671
1.430146 -0.586486 0.000000 0.925223
1.516194 -0.374333 0.000000 0.970849
1.562998 -0.152467 0.000000 0.995276
1.570010 0.073290 0.000000 0.998912
1.537151 0.297182 0.000000 0.981819
1.464800 0.513419 0.000000 0.943710
1.353839 0.716089 0.000000 0.883963
1.205750 0.899063 0.000000 0.801672
1.022767 1.055932 0.000000 0.695737
0.808121 1.179975 0.000000 0.565051
0.566356 1.264199 0.000000 0.408843
0.303751 1.301510 0.000000 0.227276
0.028819 1.285097 0.000000 0.022420
-0.247192 1.209149 0.000000 -0.200292
-0.509978 1.070044 0.000000 -0.430231
-0.742398 0.868025 0.000000 -0.649971
-0.925728 0.609144 0.000000 -0.835371
-1.042333 0.306705 0.000000 -0.959332
-1.079466 -0.018948 0.000000 -0.999846
-1.032789 -0.343139 0.000000 -0.948993
-0.907726 -0.641479 0.000000 -0.816658
-0.717787 -0.894340 0.000000 -0.625925
-0.480911 -1.089277 0.000000 -0.403884
-0.215750 -1.220994 0.000000 -0.174005
0.060836 -1.289784 0.000000 0.047115
0.334890 -1.299599 0.000000 0.249536
0.595495 -1.256414 0.000000 0.428293
0.834411 -1.167106 0.000000 0.581591
1.045579 -1.038776 0.000000 0.709411
1.224617 -0.878397 0.000000 0.812580
1.368423 -0.692663 0.000000 0.892212
1.474854 -0.487957 0.000000 0.949388
1.542505 -0.270388 0.000000 0.984982
1.570556 -0.045860 0.000000 0.999574
1.558684 0.179836 0.000000 0.993410
1.507025 0.400931 0.000000 0.966385
1.416191 0.611578 0.000000 0.918053
1.287337 0.805761 0.000000 0.847650
1.122284 0.977217 0.000000 0.754167
0.923716 1.119382 0.000000 0.636475
0.695449 1.225388 0.000000 0.493583
0.442810 1.288163 0.000000 0.325082
0.173087 1.300684 0.000000 0.131911
-0.103949 1.256508 0.000000 -0.082447
-0.375605 1.150703 0.000000 -0.310301
-0.626148 0.981268 0.000000 -0.537917
-0.837456 0.750998 0.000000 -0.744492
-0.990925 0.469301 0.000000 -0.903768
-1.070773 0.153000 0.000000 -0.989945
-1.067932 -0.175030 0.000000 -0.986834
-0.982731 -0.489660 0.000000 -0.895048
-0.824799 -0.768325 0.000000 -0.731713
-0.610230 -0.994683 0.000000 -0.522927
-0.357685 -1.159810 0.000000 -0.294703
-0.085173 -1.261292 0.000000 -0.067375
0.191762 -1.301380 0.000000 0.145779
0.460627 -1.285146 0.000000 0.337405
0.711826 -1.219097 0.000000 0.504233
0.938211 -1.110277 0.000000 0.645439
1.134568 -0.965757 0.000000 0.761484
1.297160 -0.792390 0.000000 0.853375
1.423366 -0.596730 0.000000 0.922233
1.511415 -0.385028 0.000000 0.969050
1.560190 -0.163298 0.000000 0.994567
1.569115 0.062614 0.000000 0.999205
1.538088 0.286928 0.000000 0.983041
1.467471 0.503838 0.000000 0.945806
1.358128 0.707418 0.000000 0.886898
1.211520 0.891531 0.000000 0.805426
1.029862 1.049766 0.000000 0.700307
0.816354 1.175402 0.000000 0.570444
0.575500 1.261450 0.000000 0.415066
0.313524 1.300813 0.000000 0.234312
0.038860 1.286669 0.000000 0.030189
-0.237342 1.213168 0.000000 -0.191999
-0.500898 1.076603 0.000000 -0.421836
-0.734776 0.877060 0.000000 -0.642190
-0.920310 0.620351 0.000000 -0.829207
-1.039804 0.319479 0.000000 -0.955898
-1.080284 -0.005492 0.000000 -0.999987
-1.037044 -0.330041 0.000000 -0.952907
-0.915100 -0.629725 0.000000 -0.823792
-0.727644 -0.884685 0.000000 -0.635228
-0.492459 -1.082161 0.000000 -0.414198
-0.228194 -1.216556 0.000000 -0.184358
0.048199 -1.287936 0.000000 0.037397
0.322627 -1.300103 0.000000 0.240850
0.584033 -1.258953 0.000000 0.420826
0.824055 -1.171332 0.000000 0.575393
1.036528 -1.044340 0.000000 0.704447
1.216992 -0.884967 0.000000 0.808774
1.362281 -0.699930 0.000000 0.889466
1.470206 -0.495641 0.000000 0.947600
1.539326 -0.278237 0.000000 0.984054
1.568795 -0.053647 0.000000 0.999416
1.558270 0.172313 0.000000 0.993942
1.507873 0.393853 0.000000 0.967540
1.418206 0.605111 0.000000 0.919776
1.290412 0.800057 0.000000 0.849902
1.126303 0.972418 0.000000 0.756922
0.928550 1.115626 0.000000 0.639721
0.700955 1.222812 0.000000 0.497318
0.448818 1.286902 0.000000 0.329306
0.179391 1.300872 0.000000 0.136608
-0.097608 1.258269 0.000000 -0.077341
-0.369555 1.154131 0.000000 -0.304950
-0.620795 0.986391 0.000000 -0.532650
-0.833277 0.757721 0.000000 -0.739854
-0.988418 0.477351 0.000000 -0.900486
-1.070360 0.161896 0.000000 -0.988754
-1.069842 -0.165942 0.000000 -0.988183
-0.986921 -0.481089 0.000000 -0.898889
-0.830959 -0.760900 0.000000 -0.737513
-0.617867 -0.988841 0.000000 -0.529901
-0.366239 -1.155766 0.000000 -0.302076
-0.094111 -1.259069 0.000000 -0.074538
0.182893 -1.300859 0.000000 0.139225
0.452179 -1.286123 0.000000 0.331680
0.704055 -1.221329 0.000000 0.499425
0.931287 -1.113505 0.000000 0.641552
1.128592 -0.969732 0.000000 0.758470
1.292177 -0.796880 0.000000 0.851160
1.419382 -0.601524 0.000000 0.920731
1.508402 -0.389941 0.000000 0.968172
1.558100 -0.168168 0.000000 0.994226
1.567882 0.057923 0.000000 0.999318
1.537636 0.282533 0.000000 0.983535
1.467717 0.499834 0.000000 0.946613
1.358985 0.703885 0.000000 0.887961
1.212902 0.888533 0.000000 0.806699
1.031682 1.047356 0.000000 0.701756
0.818527 1.173626 0.000000 0.572049
0.577941 1.260350 0.000000 0.416822
0.316141 1.300432 0.000000 0.236224
0.041552 1.287051 0.000000 0.032268
-0.234699 1.214361 0.000000 -0.189758
-0.498462 1.078644 0.000000 -0.419493
-0.732752 0.879958 0.000000 -0.639903
-0.918946 0.624053 0.000000 -0.827274
-1.039364 0.323831 0.000000 -0.954733
-1.080984 -0.000763 0.000000 -1.000000
-1.038987 -0.325298 0.000000 -0.954319
-0.918231 -0.625354 0.000000 -0.826526
-0.731763 -0.881010 0.000000 -0.638941
-0.497275 -1.079390 0.000000 -0.418430
-0.233390 -1.214772 0.000000 -0.188676
0.042913 -1.287114 0.000000 0.033322
0.317491 -1.300144 0.000000 0.237226
0.579222 -1.259715 0.000000 0.417758
0.819686 -1.172655 0.000000 0.572912
1.032667 -1.046063 0.000000 0.702535
1.213662 -0.886938 0.000000 0.807381
1.359472 -0.702015 0.000000 0.888527
1.467881 -0.497723 0.000000 0.947039
1.537433 -0.280221 0.000000 0.983792
1.567267 -0.055463 0.000000 0.999374
1.557036 0.170717 0.000000 0.994043
1.506857 0.392506 0.000000 0.967709
1.417334 0.604021 0.000000 0.919944
1.289617 0.799215 0.000000 0.850005
1.125528 0.971799 0.000000 0.756905
0.927750 1.115190 0.000000 0.639544
0.700104 1.222510 0.000000 0.496956
0.447909 1.286683 0.000000 0.328761
0.178441 1.300689 0.000000 0.135917
-0.098563 1.258092 0.000000 -0.078104
-0.370469 1.153953 0.000000 -0.305677
-0.621626 0.986239 0.000000 -0.533219
-0.834005 0.757654 0.000000 -0.740175
-0.989069 0.477439 0.000000 -0.900567
-1.071010 0.162190 0.000000 -0.988727
-1.070594 -0.165442 0.000000 -0.988270
-0.987869 -0.480444 0.000000 -0.899286
-0.832144 -0.760209 0.000000 -0.738298
-0.619271 -0.988207 0.000000 -0.531011
-0.367798 -1.155260 0.000000 -0.303365
-0.095740 -1.258718 0.000000 -0.075842
0.181275 -1.300646 0.000000 0.138039
0.450634 -1.286005 0.000000 0.330698
0.702619 -1.221240 0.000000 0.498687
0.929969 -1.113379 0.000000 0.641060
1.127376 -0.969502 0.000000 0.758199
1.291028 -0.796490 0.000000 0.851066
1.418247 -0.600933 0.000000 0.920756
1.507217 -0.389126 0.000000 0.968251
1.556792 -0.167123 0.000000 0.994287
1.566379 0.059184 0.000000 0.999287
1.535864 0.283971 0.000000 0.983333
1.465610 0.501393 0.000000 0.946164
1.356487 0.705484 0.000000 0.887187
1.209973 0.890073 0.000000 0.805528
1.028307 1.048717 0.000000 0.700124
0.814719 1.174674 0.000000 0.569911
0.573753 1.260940 0.000000 0.414161
0.311675 1.300422 0.000000 0.233071
0.036961 1.286317 0.000000 0.028722
-0.239208 1.212817 0.000000 -0.193505
-0.502635 1.076274 0.000000 -0.423144
-0.736319 0.876840 0.000000 -0.643076
-0.921665 0.620375 0.000000 -0.829578
-1.041076 0.319876 0.000000 -0.955896
-1.081662 -0.004667 0.000000 -0.999991
-1.038735 -0.328852 0.000000 -0.953363
-0.917243 -0.628344 0.000000 -0.824990
-0.730261 -0.883326 0.000000 -0.637170
-0.495460 -1.081001 0.000000 -0.416655
-0.231421 -1.215695 0.000000 -0.187003
0.044917 -1.287381 0.000000 0.034869
0.319437 -1.299789 0.000000 0.238659
0.581034 -1.258767 0.000000 0.419096
0.821291 -1.171140 0.000000 0.574163
1.033992 -1.044005 0.000000 0.703691
1.214631 -0.884366 0.000000 0.808420
1.360004 -0.698966 0.000000 0.889411
1.467896 -0.494247 0.000000 0.947721
1.536846 -0.276383 0.000000 0.984211
1.565998 -0.051344 0.000000 0.999463
1.555009 0.175014 0.000000 0.993726
1.504007 0.396858 0.000000 0.966906
1.413611 0.608281 0.000000 0.918568
1.284992 0.803212 0.000000 0.847971
1.120001 0.975339 0.000000 0.754130
0.921362 1.118056 0.000000 0.635958
0.692948 1.224472 0.000000 0.492518
0.440143 1.287502 0.000000 0.323478
0.170302 1.300142 0.000000 0.129878
-0.106749 1.255994 0.000000 -0.084686
-0.378282 1.150202 0.000000 -0.312420
-0.628577 0.980866 0.000000 -0.539555
-0.839588 0.750867 0.000000 -0.745393
-0.992847 0.469650 0.000000 -0.903965
-1.072717 0.153976 0.000000 -0.989855
-1.070212 -0.173440 0.000000 -0.987121
-0.985619 -0.487645 0.000000 -0.896298
-0.828416 -0.766194 0.000000 -0.734140
-0.614512 -0.992743 0.000000 -0.526328
-0.362433 -1.158272 0.000000 -0.298630
-0.090127 -1.260233 0.000000 -0.071334
0.186848 -1.300750 0.000000 0.142187
0.455938 -1.284805 0.000000 0.334436
0.707471 -1.218853 0.000000 0.502003
0.934217 -1.109922 0.000000 0.643953
1.130887 -0.965092 0.000000 0.760664
1.293682 -0.791250 0.000000 0.853086
1.419934 -0.594989 0.000000 0.922303
1.507835 -0.382614 0.000000 0.969281
1.556248 -0.160195 0.000000 0.994744
1.564590 0.066358 0.000000 0.999102
1.532761 0.291204 0.000000 0.982427
1.461142 0.508472 0.000000 0.944447
1.350630 0.712171 0.000000 0.884564
1.202736 0.896102 0.000000 0.801900
1.019746 1.053797 0.000000 0.695401
0.804951 1.178489 0.000000 0.564023
0.562972 1.263163 0.000000 0.407084
0.300172 1.300729 0.000000 0.224863
0.025149 1.284415 0.000000 0.019576
-0.250789 1.208497 0.000000 -0.203192
-0.513322 1.069469 0.000000 -0.432715
-0.745370 0.867707 0.000000 -0.651608
-0.928355 0.609348 0.000000 -0.836000
-1.044841 0.307680 0.000000 -0.959273
-1.082241 -0.017111 0.000000 -0.999875
-1.036242 -0.340592 0.000000 -0.950001
-0.912124 -0.638582 0.000000 -0.819192
-0.723157 -0.891525 0.000000 -0.629959
-0.487055 -1.086902 0.000000 -0.408932
-0.222342 -1.219248 0.000000 -0.179402
0.054145 -1.288678 0.000000 0.041979
0.328397 -1.298994 0.000000 0.245098
0.589397 -1.256079 0.000000 0.424794
0.828797 -1.166767 0.000000 0.579104
1.040432 -1.038157 0.000000 0.707880
1.219829 -0.877251 0.000000 0.811858
1.363813 -0.690794 0.000000 0.892090
1.470185 -0.485232 0.000000 0.949615
1.537503 -0.266747 0.000000 0.985281
1.564928 -0.041325 0.000000 0.999652
1.552135 0.185162 0.000000 0.992959
1.499273 0.406858 0.000000 0.965095
1.406991 0.617830 0.000000 0.915614
1.276498 0.811977 0.000000 0.843763
1.109695 0.982956 0.000000 0.748560
0.909372 1.124134 0.000000 0.628930
0.679488 1.228596 0.000000 0.483974
0.425539 1.289252 0.000000 0.313435
0.155018 1.299117 0.000000 0.118485
-0.122088 1.251866 0.000000 -0.097064
-0.392884 1.142781 0.000000 -0.325119
-0.641507 0.970196 0.000000 -0.551547
-0.849858 0.737325 0.000000 -0.755345
-0.999569 0.453998 0.000000 -0.910487
-1.075308 0.137321 0.000000 -0.991944
-1.068548 -0.189819 0.000000 -0.984586
-0.980071 -0.502543 0.000000 -0.889839
-0.819722 -0.778689 0.000000 -0.725020
-0.603584 -1.002286 0.000000 -0.515885
-0.350173 -1.164652 0.000000 -0.287934
-0.077330 -1.263486 0.000000 -0.061089
0.199534 -1.301061 0.000000 0.151590
0.468002 -1.282437 0.000000 0.342818
0.718515 -1.214100 0.000000 0.509303
0.943930 -1.103085 0.000000 0.650167
1.139020 -0.956472 0.000000 0.765806
1.300034 -0.781142 0.000000 0.857167
1.424338 -0.583688 0.000000 0.925318
1.510153 -0.370419 0.000000 0.971210
1.556367 -0.147413 0.000000 0.995544
1.562417 0.079407 0.000000 0.998711
1.528233 0.304177 0.000000 0.980762
1.454227 0.521001 0.000000 0.941406
1.341336 0.723858 0.000000 0.880032
1.191125 0.906517 0.000000 0.795756
1.005947 1.062475 0.000000 0.687526
0.789187 1.184937 0.000000 0.554326
0.545585 1.266868 0.000000 0.395537
0.281655 1.301186 0.000000 0.211561
0.006176 1.281175 0.000000 0.004821
-0.269336 1.201232 0.000000 -0.218785
-0.530366 1.058081 0.000000 -0.448109
-0.759698 0.852445 0.000000 -0.665327
-0.938773 0.590918 0.000000 -0.846298
-1.050398 0.287261 0.000000 -0.964580
-1.082474 -0.037998 0.000000 -0.999384
-1.031305 -0.360355 0.000000 -0.944030
-0.902734 -0.655859 0.000000 -0.809023
-0.710374 -0.905385 0.000000 -0.617284
-0.472045 -1.096871 0.000000 -0.395304
-0.206189 -1.225230 0.000000 -0.165952
0.070527 -1.290827 0.000000 0.054555
0.344272 -1.297610 0.000000 0.256441
0.604195 -1.251528 0.000000 0.434754
0.842077 -1.159440 0.000000 0.587646
1.051850 -1.028447 0.000000 0.715017
1.229117 -0.865545 0.000000 0.817615
1.370754 -0.677471 0.000000 0.896486
1.474605 -0.470671 0.000000 0.952649
1.539263 -0.251328 0.000000 0.986931
1.563919 -0.025438 0.000000 0.999868
1.548277 0.201108 0.000000 0.991669
1.492526 0.422433 0.000000 0.962203
1.397354 0.632572 0.000000 0.911001
1.264027 0.825391 0.000000 0.837300
1.094516 0.994509 0.000000 0.740110
0.891706 1.133258 0.000000 0.618374
0.659678 1.234694 0.000000 0.471242
0.404089 1.291722 0.000000 0.298561
0.132626 1.297390 0.000000 0.101695
-0.144490 1.245474 0.000000 -0.115239
-0.414118 1.131464 0.000000 -0.343704
-0.660192 0.954037 0.000000 -0.569038
-0.864527 0.716893 0.000000 -0.769772
-1.008907 0.430434 0.000000 -0.919789
-1.078443 0.112276 0.000000 -0.994624
-1.065296 -0.214430 0.000000 -0.980337
-0.970980 -0.524912 0.000000 -0.879685
-0.805900 -0.797424 0.000000 -0.710835
-0.586405 -1.016550 0.000000 -0.499680
-0.331011 -1.174125 0.000000 -0.271344
-0.057398 -1.268225 0.000000 -0.045213
0.219240 -1.301360 0.000000 0.166129
0.486700 -1.278715 0.000000 0.355721
0.735602 -1.206829 0.000000 0.520469
0.958943 -1.092749 0.000000 0.659590
1.151602 -0.943551 0.000000 0.773519
1.309905 -0.766106 0.000000 0.863206
1.431279 -0.566999 0.000000 0.929706
1.513991 -0.352534 0.000000 0.973945
1.556967 -0.128795 0.000000 0.996596
1.559684 0.098283 0.000000 0.998020
1.522110 0.322816 0.000000 0.978241
1.444701 0.538879 0.000000 0.936943
1.328453 0.740418 0.000000 0.873490
1.175002 0.921161 0.000000 0.786986
0.986796 1.074565 0.000000 0.676387
0.767344 1.193797 0.000000 0.540709
0.521547 1.271806 0.000000 0.379420
0.256126 1.301523 0.000000 0.193086
-0.019892 1.276306 0.000000 -0.015583
-0.294709 1.190730 0.000000 -0.240254
-0.553541 1.041836 0.000000 -0.469199
-0.778993 0.830835 0.000000 -0.683981
-0.952536 0.564953 0.000000 -0.860099
-1.057329 0.258602 0.000000 -0.971369
-1.081953 -0.067220 0.000000 -0.998076
-1.023573 -0.387920 0.000000 -0.935098
-0.888808 -0.679878 0.000000 -0.794271
-0.691753 -0.924565 0.000000 -0.599073
-0.450365 -1.110564 0.000000 -0.375803
-0.182975 -1.233314 0.000000 -0.146754
0.093982 -1.293536 0.000000 0.072464
0.366936 -1.295383 0.000000 0.272542
0.625267 -1.244902 0.000000 0.448830
0.860946 -1.148987 0.000000 0.599646
1.068048 -1.014742 0.000000 0.724967
1.242283 -0.849150 0.000000 0.825565
1.380611 -0.658935 0.000000 0.902479
1.480937 -0.450533 0.000000 0.956708
1.541905 -0.230127 0.000000 0.989045
1.562750 -0.003718 0.000000 0.999997
1.543223 0.222786 0.000000 0.989740
1.483559 0.443483 0.000000 0.958108
1.384506 0.652375 0.000000 0.904606
1.247399 0.843287 0.000000 0.828450
1.074306 1.009795 0.000000 0.728646
0.868236 1.145186 0.000000 0.604154
0.633431 1.242487 0.000000 0.454191
0.375754 1.294599 0.000000 0.278744
0.103156 1.294619 0.000000 0.079429
-0.173841 1.236465 0.000000 -0.139226
-0.441776 1.115907 0.000000 -0.368094
-0.684316 0.932084 0.000000 -0.591807
-0.883183 0.689347 0.000000 -0.788301
-1.020379 0.398855 0.000000 -0.931374
-1.081623 0.078888 0.000000 -0.997351
-1.059994 -0.247082 0.000000 -0.973892
-0.957974 -0.554443 0.000000 -0.865494
-0.786693 -0.822019 0.000000 -0.691413
-0.562836 -1.035131 0.000000 -0.477687
-0.304913 -1.186293 0.000000 -0.248938
-0.030384 -1.274083 0.000000 -0.023841
0.245848 -1.301324 0.000000 0.185638
0.511867 -1.273363 0.000000 0.372974
0.758533 -1.196810 0.000000 0.535331
0.979034 -1.078731 0.000000 0.672060
1.168393 -0.926191 0.000000 0.783650
1.323046 -0.746045 0.000000 0.871060
1.440500 -0.544862 0.000000 0.935328
1.519087 -0.328939 0.000000 0.977349
1.557790 -0.104358 0.000000 0.997764
1.556134 0.122932 0.000000 0.996894
1.514141 0.347029 0.000000 0.974727
1.432327 0.561976 0.000000 0.930911
1.311759 0.761679 0.000000 0.864785
1.154166 0.939819 0.000000 0.775437
0.962120 1.089807 0.000000 0.661825
0.739288 1.204768 0.000000 0.523015
0.490778 1.277632 0.000000 0.358585
0.223573 1.301354 0.000000 0.169320
-0.052978 1.269399 0.000000 -0.041699
-0.326726 1.176576 0.000000 -0.267567
-0.582545 1.020348 0.000000 -0.495811
-0.802832 0.802562 0.000000 -0.707226
-0.969124 0.531256 0.000000 -0.876888
-1.065059 0.221667 0.000000 -0.979021
-1.080114 -0.104638 0.000000 -0.995340
-1.012558 -0.422995 0.000000 -0.922722
-0.869979 -0.710236 0.000000 -0.774640
-0.667060 -0.948610 0.000000 -0.575217
-0.421912 -1.127517 0.000000 -0.350463
-0.152710 -1.243059 0.000000 -0.121934
0.124416 -1.296406 0.000000 0.095531
0.396229 -1.291966 0.000000 0.293208
0.652406 -1.235909 0.000000 0.466827
0.885162 -1.135170 0.000000 0.614915
1.088758 -0.996853 0.000000 0.737550
1.259046 -0.827926 0.000000 0.835537
1.393091 -0.635092 0.000000 0.909906
1.488883 -0.424770 0.000000 0.961630
1.545129 -0.203139 0.000000 0.991468
1.561127 0.023796 0.000000 0.999884
1.536682 0.250114 0.000000 0.987012
1.472092 0.469882 0.000000 0.952647
1.368178 0.677066 0.000000 0.896260
1.226369 0.865444 0.000000 0.817039
1.048851 1.028542 0.000000 0.713985
0.838786 1.159598 0.000000 0.586087
0.600621 1.251604 0.000000 0.432644
0.340482 1.297465 0.000000 0.253827
0.066642 1.290349 0.000000 0.051577
-0.209997 1.224364 0.000000 -0.169046
-0.475581 1.095645 0.000000 -0.398172
-0.713464 0.903930 0.000000 -0.619556
-0.905283 0.654392 0.000000 -0.810434
-1.033353 0.359130 0.000000 -0.944581
-1.084193 0.037218 0.000000 -0.999411
-1.052041 -0.287524 0.000000 -0.964623
-0.940566 -0.590738 0.000000 -0.846829
-0.761762 -0.851983 0.000000 -0.666533
-0.532692 -1.057504 0.000000 -0.449874
-0.271828 -1.200643 0.000000 -0.220813
0.003652 -1.280586 0.000000 0.002852
0.279213 -1.300529 0.000000 0.209909
0.543293 -1.266018 0.000000 0.394357
0.787053 -1.183744 0.000000 0.553672
1.003915 -1.060789 0.000000 0.687368
1.189085 -0.904206 0.000000 0.796000
1.339132 -0.720826 0.000000 0.880538
1.451668 -0.517197 0.000000 0.942000
1.525107 -0.299602 0.000000 0.981245
1.558500 -0.074122 0.000000 0.998871
1.551437 0.153288 0.000000 0.995154
1.504005 0.376699 0.000000 0.970037
1.416794 0.590122 0.000000 0.923125
1.290963 0.787417 0.000000 0.853724
1.128357 0.962213 0.000000 0.760903
0.931697 1.107866 0.000000 0.643633
0.704848 1.217458 0.000000 0.501038
0.453175 1.283898 0.000000 0.332843
0.183986 1.300185 0.000000 0.140112
-0.092981 1.259926 0.000000 -0.073599
-0.365145 1.158239 0.000000 -0.300671
-0.616984 0.993124 0.000000 -0.527710
-0.830669 0.767229 0.000000 -0.734602
-0.987866 0.489589 0.000000 -0.895998
-1.072856 0.176423 0.000000 -0.986748
-1.076249 -0.150068 0.000000 -0.990418
-0.997651 -0.465205 0.000000 -0.906310
-0.845793 -0.746428 0.000000 -0.749776
-0.636013 -0.976947 0.000000 -0.545590
-0.386564 -1.147148 0.000000 -0.319335
-0.115406 -1.253915 0.000000 -0.091649
0.161709 -1.298940 0.000000 0.123539
0.431949 -1.286924 0.000000 0.318199
0.685351 -1.224180 0.000000 0.488501
0.914422 -1.117686 0.000000 0.633217
1.113648 -0.974545 0.000000 0.752542
1.279053 -0.801699 0.000000 0.847316
1.407831 -0.605825 0.000000 0.918561
1.498070 -0.393323 0.000000 0.967218
1.548563 -0.170359 0.000000 0.994003
1.558677 0.057057 0.000000 0.999331
1.528288 0.282987 0.000000 0.983285
1.457772 0.501469 0.000000 0.945615
1.348039 0.706426 0.000000 0.885748
1.200630 0.891583 0.000000 0.802844
1.017878 1.050408 0.000000 0.695899
0.803135 1.176085 0.000000 0.563940
0.561098 1.261575 0.000000 0.406379
0.298209 1.299791 0.000000 0.223618
0.023137 1.284007 0.000000 0.018016
-0.252761 1.208577 0.000000 -0.204710
-0.515173 1.070108 0.000000 -0.433772
-0.747103 0.869080 0.000000 -0.651886
-0.930139 0.611680 0.000000 -0.835522
-1.047041 0.311118 0.000000 -0.958577
-1.085349 -0.012635 0.000000 -0.999932
-1.040709 -0.335429 0.000000 -0.951784
-0.918177 -0.633292 0.000000 -0.823185
-0.730711 -0.886711 0.000000 -0.635955
-0.495760 -1.083027 0.000000 -0.416219
-0.231706 -1.216550 0.000000 -0.187098
0.044629 -1.287157 0.000000 0.034652
0.319152 -1.298467 0.000000 0.238687
0.580721 -1.256244 0.000000 0.419604
0.820848 -1.167266 0.000000 0.575230
1.033235 -1.038631 0.000000 0.705263
1.213297 -0.877373 0.000000 0.810330
1.357766 -0.690292 0.000000 0.891411
1.464376 -0.483910 0.000000 0.949500
1.531638 -0.264491 0.000000 0.985415
1.558685 -0.038112 0.000000 0.999701
1.545185 0.189261 0.000000 0.992582
1.491305 0.411677 0.000000 0.963946
1.397725 0.623106 0.000000 0.913351
1.265713 0.817356 0.000000 0.840065
1.097256 0.987999 0.000000 0.743137
0.895258 1.128327 0.000000 0.621556
0.663822 1.231379 0.000000 0.474528
0.408625 1.290051 0.000000 0.301965
0.137364 1.297405 0.000000 0.105288
-0.139757 1.247241 0.000000 -0.111356
-0.409652 1.135074 0.000000 -0.339472
-0.656355 0.959577 0.000000 -0.564568
-0.861815 0.724377 0.000000 -0.765507
-1.007934 0.439695 0.000000 -0.916583
-1.079836 0.122869 0.000000 -0.993589
-1.069514 -0.203250 0.000000 -0.982417
-0.978143 -0.514072 0.000000 -0.885194
-0.815729 -0.787827 0.000000 -0.719302
-0.598295 -1.008885 0.000000 -0.510078
-0.344192 -1.168762 0.000000 -0.282497
-0.071094 -1.265227 0.000000 -0.056102
0.205705 -1.300547 0.000000 0.156226
0.473847 -1.279747 0.000000 0.347228
0.723784 -1.209285 0.000000 0.513563
0.948358 -1.096186 0.000000 0.654273
1.142317 -0.947541 0.000000 0.769674
1.301879 -0.770265 0.000000 0.860645
1.424389 -0.571002 0.000000 0.928196
1.508052 -0.356125 0.000000 0.973231
1.551756 -0.131788 0.000000 0.996413
1.554953 0.095997 0.000000 0.998100
1.517605 0.321273 0.000000 0.978318
1.440177 0.538043 0.000000 0.936761
1.323689 0.740183 0.000000 0.872810
1.169818 0.921358 0.000000 0.785595
0.981071 1.074972 0.000000 0.674110
0.761031 1.194151 0.000000 0.537437
0.514692 1.271824 0.000000 0.375134
0.248879 1.300937 0.000000 0.187900
-0.027271 1.274901 0.000000 -0.021386
-0.301871 1.188397 0.000000 -0.246197
-0.560088 1.038620 0.000000 -0.474646
-0.784564 0.826969 0.000000 -0.688262
-0.956905 0.560834 0.000000 -0.862741
-1.060493 0.254700 0.000000 -0.972349
-1.084143 -0.070501 0.000000 -0.997892
-1.025160 -0.390364 0.000000 -0.934540
-0.890156 -0.681484 0.000000 -0.794024
-0.693109 -0.925472 0.000000 -0.599449
-0.451822 -1.110943 0.000000 -0.376736
-0.184514 -1.233283 0.000000 -0.147965
0.092430 -1.293129 0.000000 0.071296
0.365434 -1.294549 0.000000 0.271670
0.623834 -1.243537 0.000000 0.448401
0.859542 -1.146961 0.000000 0.599697
1.066573 -1.011925 0.000000 0.725447
1.240581 -0.845439 0.000000 0.826355
1.378480 -0.654268 0.000000 0.903407
1.478143 -0.444898 0.000000 0.957566
1.538193 -0.223576 0.000000 0.989601
1.557860 0.003629 0.000000 0.999997
1.536902 0.230740 0.000000 0.988917
1.475578 0.451776 0.000000 0.956188
1.374677 0.660665 0.000000 0.901313
1.235599 0.851155 0.000000 0.823519
1.060498 1.016752 0.000000 0.721838
0.852497 1.150685 0.000000 0.595290
0.615988 1.245942 0.000000 0.443190
0.357014 1.295423 0.000000 0.265691
0.083736 1.292284 0.000000 0.064661
-0.193101 1.230580 0.000000 -0.155021
-0.459835 1.106330 0.000000 -0.383807
-0.700019 0.919040 0.000000 -0.605933
-0.895428 0.673509 0.000000 -0.799169
-1.028339 0.381332 0.000000 -0.937610
-1.084963 0.061064 0.000000 -0.998420
-1.058950 -0.263824 0.000000 -0.970339
-0.953250 -0.568994 0.000000 -0.858665
-0.779232 -0.833686 0.000000 -0.682845
-0.553585 -1.043612 0.000000 -0.468604
-0.294688 -1.191557 0.000000 -0.240080
-0.019839 -1.276248 0.000000 -0.015543
0.256203 -1.300562 0.000000 0.193280
0.521618 -1.269857 0.000000 0.379962
0.767325 -1.190740 0.000000 0.541681
0.986537 -1.070275 0.000000 0.677757
1.174292 -0.915537 0.000000 0.788636
1.327027 -0.733404 0.000000 0.875228
1.442253 -0.530481 0.000000 0.938528
1.518307 -0.313113 0.000000 0.979391
1.554185 -0.087440 0.000000 0.998421
1.549439 0.140524 0.000000 0.995913
1.504126 0.364801 0.000000 0.971826
1.418822 0.579354 0.000000 0.925792
1.294673 0.778004 0.000000 0.857142
1.133518 0.954350 0.000000 0.764975
0.938074 1.101724 0.000000 0.648293
0.712196 1.213195 0.000000 0.506255
0.461233 1.281668 0.000000 0.338611
0.192461 1.300141 0.000000 0.146435
-0.084439 1.262220 0.000000 -0.066748
-0.356973 1.163003 0.000000 -0.293429
-0.609736 1.000422 0.000000 -0.520435
-0.825020 0.776983 0.000000 -0.727983
-0.984567 0.501480 0.000000 -0.891073
-1.072604 0.189817 0.000000 -0.984700
-1.079502 -0.136109 0.000000 -0.992145
-1.004473 -0.451774 0.000000 -0.912003
-0.855812 -0.734557 0.000000 -0.758816
-0.648518 -0.967414 0.000000 -0.556824
-0.400680 -1.140383 0.000000 -0.331489
-0.130257 -1.250019 0.000000 -0.103643
0.146890 -1.297752 0.000000 0.112470
0.417771 -1.288120 0.000000 0.308506
0.672254 -1.227343 0.000000 0.480390
0.902690 -1.122370 0.000000 0.626723
1.103437 -0.980308 0.000000 0.747586
1.270413 -0.808134 0.000000 0.843755
1.400729 -0.612569 0.000000 0.916217
1.492413 -0.400065 0.000000 0.965898
1.544214 -0.176842 0.000000 0.993506
1.555469 0.051035 0.000000 0.999462
1.526039 0.277574 0.000000 0.983857
1.456294 0.496762 0.000000 0.946451
1.347149 0.702476 0.000000 0.886689
1.200158 0.888400 0.000000 0.803751
1.017676 1.047965 0.000000 0.696663
0.803085 1.174333 0.000000 0.564490
0.561116 1.260449 0.000000 0.406693
0.298248 1.299231 0.000000 0.223738
0.023178 1.283971 0.000000 0.018049
-0.252721 1.209063 0.000000 -0.204601
-0.515156 1.071162 0.000000 -0.433414
-0.747185 0.870786 0.000000 -0.651192
-0.930488 0.614122 0.000000 -0.834609
-1.047919 0.314306 0.000000 -0.957844
-1.087061 -0.008829 0.000000 -0.999967
-1.043502 -0.331297 0.000000 -0.953117
-0.922139 -0.629233 0.000000 -0.826018
-0.735735 -0.883120 0.000000 -0.640082
-0.501581 -1.080202 0.000000 -0.421152
-0.237982 -1.214634 0.000000 -0.192273
0.038241 -1.286149 0.000000 0.029720
0.312940 -1.298248 0.000000 0.234336
0.574892 -1.256623 0.000000 0.416020
0.815523 -1.168019 0.000000 0.572477
1.028452 -1.039531 0.000000 0.703309
1.209027 -0.878209 0.000000 0.809081
1.353924 -0.690886 0.000000 0.890733
1.460834 -0.484125 0.000000 0.949231
1.528238 -0.264239 0.000000 0.985379
1.555255 -0.037353 0.000000 0.999712
1.541545 0.190513 0.000000 0.992450
1.487281 0.413356 0.000000 0.963481
1.393160 0.625094 0.000000 0.912369
1.260481 0.819485 0.000000 0.838391
1.091274 0.990055 0.000000 0.740620
0.888502 1.130060 0.000000 0.618079
0.656343 1.232510 0.000000 0.470033
0.400564 1.290301 0.000000 0.296484
0.128966 1.296519 0.000000 0.098982
-0.148144 1.245032 0.000000 -0.118155
-0.417591 1.131473 0.000000 -0.346240
-0.663368 0.954684 0.000000 -0.570624
-0.867467 0.718490 0.000000 -0.770139
-1.011930 0.433289 0.000000 -0.919275
-1.082112 0.116505 0.000000 -0.994254
-1.070246 -0.209053 0.000000 -0.981452
-0.977673 -0.518952 0.000000 -0.883279
-0.814442 -0.791616 0.000000 -0.717084
-0.596524 -1.011560 0.000000 -0.507962
-0.342178 -1.170377 0.000000 -0.280618
-0.068995 -1.265846 0.000000 -0.054424
0.207781 -1.300211 0.000000 0.157803
0.475807 -1.278471 0.000000 0.348796
0.725531 -1.207064 0.000000 0.515171
0.949775 -1.093007 0.000000 0.655917
1.143264 -0.943402 0.000000 0.771304
1.302195 -0.765180 0.000000 0.862170
1.423894 -0.565017 0.000000 0.929495
1.506557 -0.349322 0.000000 0.974156
1.549067 -0.124295 0.000000 0.996796
1.550884 0.104005 0.000000 0.997759
1.511984 0.329568 0.000000 0.977059
1.432864 0.546342 0.000000 0.934382
1.314584 0.748147 0.000000 0.869109
1.158884 0.928594 0.000000 0.780380
0.968352 1.081034 0.000000 0.667220
0.746677 1.198559 0.000000 0.528765
0.498988 1.274080 0.000000 0.364675
0.232271 1.300561 0.000000 0.175811
-0.044154 1.271490 0.000000 -0.034705
-0.318213 1.181701 0.000000 -0.260021
-0.574924 1.028642 0.000000 -0.487883
-0.796876 0.814061 0.000000 -0.699524
-0.965784 0.545743 0.000000 -0.870615
-1.065344 0.238522 0.000000 -0.975841
-1.084835 -0.086506 0.000000 -0.996836
-1.022053 -0.405016 0.000000 -0.929665
-0.883966 -0.693892 0.000000 -0.786600
-0.684700 -0.935114 0.000000 -0.590774
-0.442034 -1.117616 0.000000 -0.367792
-0.174066 -1.237004 0.000000 -0.139343
0.102958 -1.294031 0.000000 0.079313
0.375580 -1.292818 0.000000 0.278979
0.633222 -1.239375 0.000000 0.454977
0.867853 -1.140570 0.000000 0.605534
1.073521 -1.003514 0.000000 0.730525
1.245903 -0.835225 0.000000 0.830625
1.381924 -0.642485 0.000000 0.906789
1.479471 -0.431809 0.000000 0.959948
1.537180 -0.209477 0.000000 0.990842
1.554301 0.018400 0.000000 0.999930
1.530620 0.245792 0.000000 0.987351
1.466435 0.466665 0.000000 0.952912
1.362590 0.674885 0.000000 0.896107
1.220559 0.864139 0.000000 0.816158
1.042596 1.027872 0.000000 0.712117
0.831954 1.159263 0.000000 0.583051
0.593192 1.251268 0.000000 0.428373
0.332563 1.296792 0.000000 0.248412
0.058475 1.289058 0.000000 0.045316
-0.218052 1.222288 0.000000 -0.175624
-0.483100 1.092795 0.000000 -0.404330
-0.720051 0.900533 0.000000 -0.624497
-0.910696 0.650877 0.000000 -0.813573
-1.037615 0.356018 0.000000 -0.945872
-1.087617 0.034949 0.000000 -0.999484
-1.055116 -0.288753 0.000000 -0.964533
-0.943766 -0.591022 0.000000 -0.847526
-0.765375 -0.851616 0.000000 -0.668444
-0.536768 -1.056812 0.000000 -0.452848
-0.276232 -1.199858 0.000000 -0.224352
-0.000863 -1.279783 0.000000 -0.000674
0.274795 -1.299636 0.000000 0.206866
0.539108 -1.264856 0.000000 0.392092
0.783137 -1.182077 0.000000 0.552299
1.000202 -1.058372 0.000000 0.686852
1.185410 -0.900819 0.000000 0.796192
1.335254 -0.716303 0.000000 0.881208
1.447284 -0.511443 0.000000 0.942860
1.519873 -0.292610 0.000000 0.981967
1.552051 -0.065979 0.000000 0.999098
1.543411 0.162392 0.000000 0.994510
1.494061 0.386469 0.000000 0.968135
1.404641 0.600156 0.000000 0.919579
1.276382 0.797205 0.000000 0.848158
1.111236 0.971145 0.000000 0.752975
0.912070 1.115247 0.000000 0.633070
0.682931 1.222530 0.000000 0.487687
0.429414 1.285889 0.000000 0.316749
0.159094 1.298373 0.000000 0.121624
-0.118001 1.253742 0.000000 -0.093705
-0.389019 1.147403 0.000000 -0.321090
-0.638260 0.977792 0.000000 -0.546610
-0.847905 0.748116 0.000000 -0.749853
-0.999908 0.467983 0.000000 -0.905711
-1.079126 0.154025 0.000000 -0.989967
-1.076893 -0.171481 0.000000 -0.987558
-0.993457 -0.484143 0.000000 -0.898936
-0.837912 -0.761911 0.000000 -0.739864
-0.625648 -0.988515 0.000000 -0.534801
-0.374768 -1.154716 0.000000 -0.308702
-0.103017 -1.257602 0.000000 -0.081642
0.174041 -1.298942 0.000000 0.132800
0.443705 -1.283447 0.000000 0.326739
0.696083 -1.217417 0.000000 0.496363
0.923712 -1.107825 0.000000 0.640399
1.121085 -0.961783 0.000000 0.758971
1.284220 -0.786263 0.000000 0.852849
1.410305 -0.587992 0.000000 0.922992
1.497428 -0.373434 0.000000 0.970283
1.544393 -0.148836 0.000000 0.995388
1.550591 0.079700 0.000000 0.998682
1.515945 0.306131 0.000000 0.980213
1.440898 0.524384 0.000000 0.939705
1.326462 0.728266 0.000000 0.876575
1.174314 0.911383 0.000000 0.789995
0.986972 1.067095 0.000000 0.679008
0.768030 1.188499 0.000000 0.542754
0.522489 1.268509 0.000000 0.380850
0.257169 1.300073 0.000000 0.194051
-0.018826 1.276616 0.000000 -0.014745
-0.293681 1.192830 0.000000 -0.239066
-0.552683 1.045887 0.000000 -0.467213
-0.778634 0.837088 0.000000 -0.681079
-0.953285 0.573603 0.000000 -0.856845
-1.060060 0.269570 0.000000 -0.969155
-1.087602 -0.054476 0.000000 -0.998748
-1.032816 -0.374425 0.000000 -0.940127
-0.901784 -0.666922 0.000000 -0.804012
-0.708002 -0.913360 0.000000 -0.612651
-0.468977 -1.101960 0.000000 -0.391596
-0.202848 -1.227681 0.000000 -0.163019
0.073909 -1.290796 0.000000 0.057164
0.347535 -1.295122 0.000000 0.259172
0.607151 -1.246505 0.000000 0.437899
0.844460 -1.151750 0.000000 0.591292
1.053294 -1.017961 0.000000 0.719064
1.229156 -0.852184 0.000000 0.821807
1.368841 -0.661246 0.000000 0.900442
1.470132 -0.451710 0.000000 0.955896
1.531587 -0.229903 0.000000 0.988921
1.552397 -0.001981 0.000000 0.999999
1.532295 0.225993 0.000000 0.989298
1.471538 0.447957 0.000000 0.956656
1.370930 0.657760 0.000000 0.901597
1.231900 0.849078 0.000000 0.823372
1.056651 1.015353 0.000000 0.721057
0.848371 1.149767 0.000000 0.593731
0.611530 1.245279 0.000000 0.440796
0.352263 1.294789 0.000000 0.262520
0.078825 1.291486 0.000000 0.060921
-0.197961 1.229509 0.000000 -0.158961
-0.464395 1.104998 0.000000 -0.387442
-0.704061 0.917605 0.000000 -0.608739
-0.898853 0.672257 0.000000 -0.800804
-1.031241 0.380588 0.000000 -0.938149
-1.087635 0.061065 0.000000 -0.998428
-1.061785 -0.263045 0.000000 -0.970657
-0.956588 -0.567630 0.000000 -0.859991
-0.783232 -0.832061 0.000000 -0.685419
-0.558199 -1.042049 0.000000 -0.472194
-0.299715 -1.190273 0.000000 -0.244181
-0.025016 -1.275308 0.000000 -0.019612
0.251119 -1.299893 0.000000 0.189677
0.516802 -1.269288 0.000000 0.377099
0.762858 -1.190047 0.000000 0.539670
0.982408 -1.069221 0.000000 0.676581
1.170400 -0.913905 0.000000 0.788178
1.323202 -0.731018 0.000000 0.875305
1.438269 -0.527224 0.000000 0.938906
1.513900 -0.308938 0.000000 0.979807
1.549070 -0.082374 0.000000 0.998589
1.543328 0.146369 0.000000 0.995533
1.496746 0.371231 0.000000 0.970592
1.409932 0.586089 0.000000 0.923398
1.284088 0.784681 0.000000 0.853294
1.121132 0.960527 0.000000 0.759405
0.923887 1.106892 0.000000 0.640789
0.696347 1.216797 0.000000 0.496695
0.444031 1.283133 0.000000 0.327025
0.174411 1.298936 0.000000 0.133078
-0.102617 1.257924 0.000000 -0.081307
-0.374364 1.155404 0.000000 -0.308235
-0.625297 0.989630 0.000000 -0.534156
-0.837718 0.763512 0.000000 -0.739083
