1 0.000753982 0 -50.5324 0.78125
0.901195 0.365078 0 -50.5324 0.78125
0.610325 0.648992 0 -50.5324 0.78125
0.155057 0.747503 0 -50.5324 0.78125
-0.347791 0.516426 0 -50.5324 0.78125
-0.55808 -0.0796711 0 -50.5324 0.78125
-0.237329 -0.608933 0 -50.5324 0.78125
0.274921 -0.748059 0 -50.5324 0.78125
0.696314 -0.59356 0 -50.5324 0.78125
0.942541 -0.282309 0 -50.5324 0.78125
0.994486 0.0889473 0 -50.5324 0.78125
0.849826 0.442116 0 -50.5324 0.78125
0.516354 0.693452 0 -50.5324 0.78125
0.0334458 0.728598 0 -50.5324 0.78125
-0.440628 0.402253 0 -50.5324 0.78125
-0.524313 -0.231614 0 -50.5324 0.78125
-0.119297 -0.676153 0 -50.5324 0.78125
0.386893 -0.732424 0 -50.5324 0.78125
0.770933 -0.530564 0 -50.5324 0.78125
0.972376 -0.197676 0 -50.5324 0.78125
0.978141 0.17617 0 -50.5324 0.78125
0.78798 0.513693 0 -50.5324 0.78125
0.413744 0.726263 0 -50.5324 0.78125
-0.08902 0.68935 0 -50.5324 0.78125
-0.511009 0.267775 0 -50.5324 0.78125
-0.460561 -0.370426 0 -50.5324 0.78125
0.00282704 -0.720786 0 -50.5324 0.78125
0.491519 -0.702802 0 -50.5324 0.78125
0.835363 -0.46054 0 -50.5324 0.78125
0.99142 -0.110847 0 -50.5324 0.78125
0.950995 0.261445 0 -50.5324 0.78125
0.715876 0.578568 0 -50.5324 0.78125
0.303483 0.745576 0 -50.5324 0.78125
-0.208517 0.627897 0 -50.5324 0.78125
-0.552704 0.118397 0 -50.5324 0.78125
-0.372693 -0.490021 0 -50.5324 0.78125
0.124954 -0.744575 0 -50.5324 0.78125
0.587721 -0.661085 0 -50.5324 0.78125
0.889364 -0.384754 0 -50.5324 0.78125
0.999639 -0.0228052 0 -50.5324 0.78125
0.913104 0.343761 0 -50.5324 0.78125
0.63383 0.635387 0 -50.5324 0.78125
0.186958 0.749379 0 -50.5324 0.78125
-0.320113 0.54304 0 -50.5324 0.78125
-0.561498 -0.0379698 0 -50.5324 0.78125
-0.267474 -0.587045 0 -50.5324 0.78125
0.244001 -0.749608 0 -50.5324 0.78125
0.674735 -0.608998 0 -50.5324 0.78125
0.93277 -0.304377 0 -50.5324 0.78125
0.997016 0.0654841 0 -50.5324 0.78125
0.864556 0.422058 0 -50.5324 0.78125
0.542291 0.682662 0 -50.5324 0.78125
0.0660928 0.735543 0 -50.5324 0.78125
-0.417786 0.434842 0 -50.5324 0.78125
-0.536448 -0.192067 0 -50.5324 0.78125
-0.151367 -0.660494 0 -50.5324 0.78125
0.357698 -0.738043 0 -50.5324 0.78125
0.752019 -0.548105 0 -50.5324 0.78125
0.965473 -0.220501 0 -50.5324 0.78125
0.983558 0.153061 0 -50.5324 0.78125
0.805486 0.495208 0 -50.5324 0.78125
0.441901 0.718754 0 -50.5324 0.78125
-0.0564759 0.701918 0 -50.5324 0.78125
-0.494812 0.305365 0 -50.5324 0.78125
-0.48019 -0.335086 0 -50.5324 0.78125
-0.0298891 -0.711003 0 -50.5324 0.78125
0.464404 -0.711959 0 -50.5324 0.78125
0.819193 -0.479827 0 -50.5324 0.78125
0.987399 -0.13416 0 -50.5324 0.78125
0.959288 0.238952 0 -50.5324 0.78125
0.736091 0.561997 0 -50.5324 0.78125
0.333564 0.741857 0 -50.5324 0.78125
-0.1772 0.646541 0 -50.5324 0.78125
-0.544679 0.159278 0 -50.5324 0.78125
-0.398102 -0.460244 0 -50.5324 0.78125
0.092577 -0.740154 0 -50.5324 0.78125
0.562939 -0.673292 0 -50.5324 0.78125
0.875994 -0.405459 0 -50.5324 0.78125
0.998507 -0.0463468 0 -50.5324 0.78125
0.924255 0.322158 0 -50.5324 0.78125
0.656658 0.621104 0 -50.5324 0.78125
0.218547 0.75 0 -50.5324 0.78125
-0.291449 0.567983 0 -50.5324 0.78125
-0.562489 0.00389555 0 -50.5324 0.78125
-0.29685 -0.563471 0 -50.5324 0.78125
0.212697 -0.749977 0 -50.5324 0.78125
0.652464 -0.623811 0 -50.5324 0.78125
0.922238 -0.326197 0 -50.5324 0.78125
0.998776 0.0419702 0 -50.5324 0.78125
0.878537 0.401634 0 -50.5324 0.78125
0.567597 0.671079 0 -50.5324 0.78125
0.0986137 0.741079 0 -50.5324 0.78125
-0.393475 0.465903 0 -50.5324 0.78125
-0.546348 -0.15172 0 -50.5324 0.78125
-0.183062 -0.643199 0 -50.5324 0.78125
0.328004 -0.74263 0 -50.5324 0.78125
0.732385 -0.565122 0 -50.5324 0.78125
0.957803 -0.243151 0 -50.5324 0.78125
0.988205 0.129831 0 -50.5324 0.78125
0.822257 0.476271 0 -50.5324 0.78125
0.469492 0.710322 0 -50.5324 0.78125
-0.0238066 0.712937 0 -50.5324 0.78125
-0.476675 0.34176 0 -50.5324 0.78125
-0.497975 -0.298461 0 -50.5324 0.78125
-0.0625409 -0.699699 0 -50.5324 0.78125
0.436706 -0.720222 0 -50.5324 0.78125
0.802285 -0.498681 0 -50.5324 0.78125
0.982609 -0.157369 0 -50.5324 0.78125
0.966815 0.216268 0 -50.5324 0.78125
0.755592 0.544881 0 -50.5324 0.78125
0.363167 0.737075 0 -50.5324 0.78125
-0.145428 0.66353 0 -50.5324 0.78125
-0.534358 0.199488 0 -50.5324 0.78125
-0.42215 -0.428894 0 -50.5324 0.78125
0.0600283 -0.734359 0 -50.5324 0.78125
0.537514 -0.68473 0 -50.5324 0.78125
0.861873 -0.425817 0 -50.5324 0.78125
0.996604 -0.0698526 0 -50.5324 0.78125
0.934645 0.30029 0 -50.5324 0.78125
0.678801 0.606173 0 -50.5324 0.78125
0.249782 0.749408 0 -50.5324 0.78125
-0.261921 0.591243 0 -50.5324 0.78125
-0.561046 0.045744 0 -50.5324 0.78125
-0.325339 -0.538215 0 -50.5324 0.78125
0.181047 -0.749126 0 -50.5324 0.78125
0.629509 -0.63797 0 -50.5324 0.78125
0.910946 -0.347748 0 -50.5324 0.78125
0.999764 0.018424 0 -50.5324 0.78125
0.891767 0.380866 0 -50.5324 0.78125
0.592259 0.658732 0 -50.5324 0.78125
0.130953 0.745249 0 -50.5324 0.78125
-0.367827 0.495382 0 -50.5324 0.78125
-0.553938 -0.110732 0 -50.5324 0.78125
-0.214284 -0.624246 0 -50.5324 0.78125
0.297838 -0.746147 0 -50.5324 0.78125
0.712038 -0.581588 0 -50.5324 0.78125
0.949369 -0.265606 0 -50.5324 0.78125
0.992083 0.106501 0 -50.5324 0.78125
0.838289 0.456906 0 -50.5324 0.78125
0.496496 0.701003 0 -50.5324 0.78125
0.00891365 0.722441 0 -50.5324 0.78125
-0.456717 0.376849 0 -50.5324 0.78125
-0.513799 -0.26066 0 -50.5324 0.78125
-0.0950531 -0.686839 0 -50.5324 0.78125
0.408445 -0.727555 0 -50.5324 0.78125
0.784643 -0.517079 0 -50.5324 0.78125
0.977049 -0.180454 0 -50.5324 0.78125
0.973575 0.193413 0 -50.5324 0.78125
0.774372 0.527246 0 -50.5324 0.78125
0.392266 0.731268 0 -50.5324 0.78125
-0.113298 0.678887 0 -50.5324 0.78125
-0.521817 0.238869 0 -50.5324 0.78125
-0.444704 -0.396028 0 -50.5324 0.78125
0.0273642 -0.727147 0 -50.5324 0.78125
0.511461 -0.695368 0 -50.5324 0.78125
0.847004 -0.445805 0 -50.5324 0.78125
0.993931 -0.0933044 0 -50.5324 0.78125
0.944274 0.278178 0 -50.5324 0.78125
0.70025 0.590622 0 -50.5324 0.78125
0.280626 0.747644 0 -50.5324 0.78125
-0.231646 0.612819 0 -50.5324 0.78125
-0.557178 0.087395 0 -50.5324 0.78125
-0.35282 -0.511293 0 -50.5324 0.78125
0.149093 -0.747013 0 -50.5324 0.78125
0.605879 -0.651445 0 -50.5324 0.78125
0.898897 -0.36901 0 -50.5324 0.78125
0.999982 -0.00513647 0 -50.5324 0.78125
0.904243 0.359777 0 -50.5324 0.78125
0.616264 0.645656 0 -50.5324 0.78125
0.16306 0.748092 0 -50.5324 0.78125
-0.34097 0.523235 0 -50.5324 0.78125
-0.559161 -0.0692709 0 -50.5324 0.78125
-0.244931 -0.603619 0 -50.5324 0.78125
0.267228 -0.748555 0 -50.5324 0.78125
0.690984 -0.597477 0 -50.5324 0.78125
0.94017 -0.287848 0 -50.5324 0.78125
0.995191 0.0830873 0 -50.5324 0.78125
0.853578 0.437137 0 -50.5324 0.78125
0.522897 0.690831 0 -50.5324 0.78125
0.0416161 0.730468 0 -50.5324 0.78125
-0.435063 0.41054 0 -50.5324 0.78125
-0.527552 -0.22181 0 -50.5324 0.78125
-0.127345 -0.672391 0 -50.5324 0.78125
0.379642 -0.733923 0 -50.5324 0.78125
0.766273 -0.534997 0 -50.5324 0.78125
0.970722 -0.203398 0 -50.5324 0.78125
0.979568 0.170405 0 -50.5324 0.78125
0.792425 0.509115 0 -50.5324 0.78125
0.420835 0.724475 0 -50.5324 0.78125
-0.0809 0.692639 0 -50.5324 0.78125
-0.507148 0.277278 0 -50.5324 0.78125
-0.465635 -0.361717 0 -50.5324 0.78125
-0.00535414 -0.718481 0 -50.5324 0.78125
0.484796 -0.705173 0 -50.5324 0.78125
0.83139 -0.465401 0 -50.5324 0.78125
0.990487 -0.116684 0 -50.5324 0.78125
0.95314 0.255841 0 -50.5324 0.78125
0.720997 0.574478 0 -50.5324 0.78125
0.311047 0.744748 0 -50.5324 0.78125
-0.200736 0.632714 0 -50.5324 0.78125
-0.550917 0.128671 0 -50.5324 0.78125
-0.379166 -0.482727 0 -50.5324 0.78125
0.116879 -0.743597 0 -50.5324 0.78125
0.581587 -0.664207 0 -50.5324 0.78125
0.886092 -0.389962 0 -50.5324 0.78125
0.999428 -0.028693 0 -50.5324 0.78125
0.915963 0.338386 0 -50.5324 0.78125
0.639601 0.631879 0 -50.5324 0.78125
0.194886 0.74965 0 -50.5324 0.78125
-0.313034 0.549433 0 -50.5324 0.78125
-0.561974 -0.0275118 0 -50.5324 0.78125
-0.274894 -0.581309 0 -50.5324 0.78125
0.236209 -0.749813 0 -50.5324 0.78125
0.669232 -0.612761 0 -50.5324 0.78125
0.930209 -0.309856 0 -50.5324 0.78125
0.997529 0.0596097 0 -50.5324 0.78125
0.868122 0.416985 0 -50.5324 0.78125
0.548677 0.67984 0 -50.5324 0.78125
0.0742371 0.737057 0 -50.5324 0.78125
-0.411841 0.442753 0 -50.5324 0.78125
-0.539135 -0.182049 0 -50.5324 0.78125
-0.15933 -0.656325 0 -50.5324 0.78125
0.350321 -0.739288 0 -50.5324 0.78125
0.747178 -0.552409 0 -50.5324 0.78125
0.963627 -0.226181 0 -50.5324 0.78125
0.984792 0.147264 0 -50.5324 0.78125
0.809748 0.490515 0 -50.5324 0.78125
0.448853 0.716731 0 -50.5324 0.78125
-0.0483173 0.704817 0 -50.5324 0.78125
-0.490455 0.314581 0 -50.5324 0.78125
-0.484814 -0.326046 0 -50.5324 0.78125
-0.038061 -0.708321 0 -50.5324 0.78125
0.457533 -0.71411 0 -50.5324 0.78125
0.815035 -0.484582 0 -50.5324 0.78125
0.986274 -0.139973 0 -50.5324 0.78125
0.961241 0.233298 0 -50.5324 0.78125
0.741034 0.557769 0 -50.5324 0.78125
0.341011 0.740759 0 -50.5324 0.78125
-0.169295 0.650943 0 -50.5324 0.78125
-0.542311 0.169399 0 -50.5324 0.78125
-0.404247 -0.452552 0 -50.5324 0.78125
0.0844538 -0.738836 0 -50.5324 0.78125
0.556642 -0.676225 0 -50.5324 0.78125
0.872534 -0.410582 0 -50.5324 0.78125
0.998103 -0.0522273 0 -50.5324 0.78125
0.926924 0.316715 0 -50.5324 0.78125
0.662259 0.617431 0 -50.5324 0.78125
0.22639 0.749964 0 -50.5324 0.78125
-0.284144 0.573956 0 -50.5324 0.78125
-0.562357 0.0143663 0 -50.5324 0.78125
-0.30406 -0.557314 0 -50.5324 0.78125
0.204815 -0.749881 0 -50.5324 0.78125
0.646789 -0.627413 0 -50.5324 0.78125
0.919486 -0.331611 0 -50.5324 0.78125
0.999095 0.036086 0 -50.5324 0.78125
0.881915 0.396473 0 -50.5324 0.78125
0.573824 0.668062 0 -50.5324 0.78125
0.106718 0.742248 0 -50.5324 0.78125
-0.387184 0.473423 0 -50.5324 0.78125
-0.548464 -0.141526 0 -50.5324 0.78125
-0.190916 -0.638617 0 -50.5324 0.78125
0.320506 -0.743611 0 -50.5324 0.78125
0.727365 -0.569291 0 -50.5324 0.78125
0.955766 -0.248784 0 -50.5324 0.78125
0.989247 0.124007 0 -50.5324 0.78125
0.826334 0.471469 0 -50.5324 0.78125
0.476299 0.708074 0 -50.5324 0.78125
-0.0156286 0.715453 0 -50.5324 0.78125
-0.471851 0.350658 0 -50.5324 0.78125
-0.502119 -0.289116 0 -50.5324 0.78125
-0.0706851 -0.696631 0 -50.5324 0.78125
0.429693 -0.722144 0 -50.5324 0.78125
0.797943 -0.503324 0 -50.5324 0.78125
0.981291 -0.163152 0 -50.5324 0.78125
0.968577 0.21057 0 -50.5324 0.78125
0.760355 0.54052 0 -50.5324 0.78125
0.37049 0.735717 0 -50.5324 0.78125
-0.137426 0.667521 0 -50.5324 0.78125
-0.531427 0.209417 0 -50.5324 0.78125
-0.427934 -0.420817 0 -50.5324 0.78125
0.0518708 -0.73269 0 -50.5324 0.78125
0.531059 -0.687466 0 -50.5324 0.78125
0.858226 -0.430849 0 -50.5324 0.78125
0.996008 -0.0757214 0 -50.5324 0.78125
0.937124 0.294784 0 -50.5324 0.78125
0.684229 0.602342 0 -50.5324 0.78125
0.257531 0.749075 0 -50.5324 0.78125
-0.254418 0.596795 0 -50.5324 0.78125
-0.560305 0.0561823 0 -50.5324 0.78125
-0.332309 -0.53164 0 -50.5324 0.78125
0.173085 -0.748718 0 -50.5324 0.78125
0.623664 -0.641404 0 -50.5324 0.78125
0.908005 -0.353091 0 -50.5324 0.78125
0.999891 0.0125345 0 -50.5324 0.78125
0.894957 0.375623 0 -50.5324 0.78125
0.598322 0.655531 0 -50.5324 0.78125
0.139003 0.746082 0 -50.5324 0.78125
-0.361221 0.502499 0 -50.5324 0.78125
-0.555468 -0.100404 0 -50.5324 0.78125
-0.222004 -0.619247 0 -50.5324 0.78125
0.290226 -0.746855 0 -50.5324 0.78125
0.706841 -0.585615 0 -50.5324 0.78125
0.947141 -0.271187 0 -50.5324 0.78125
0.992932 0.100654 0 -50.5324 0.78125
0.842181 0.452001 0 -50.5324 0.78125
0.503154 0.698538 0 -50.5324 0.78125
0.0170935 0.724585 0 -50.5324 0.78125
-0.451457 0.385406 0 -50.5324 0.78125
-0.517435 -0.251041 0 -50.5324 0.78125
-0.10315 -0.683377 0 -50.5324 0.78125
0.401294 -0.729239 0 -50.5324 0.78125
0.780119 -0.521605 0 -50.5324 0.78125
0.975539 -0.186204 0 -50.5324 0.78125
0.975145 0.187675 0 -50.5324 0.78125
0.778953 0.522758 0 -50.5324 0.78125
0.399458 0.729661 0 -50.5324 0.78125
-0.10522 0.682475 0 -50.5324 0.78125
-0.518345 0.248568 0 -50.5324 0.78125
-0.450094 -0.387582 0 -50.5324 0.78125
0.0191873 -0.725119 0 -50.5324 0.78125
0.504852 -0.697899 0 -50.5324 0.78125
0.84317 -0.450741 0 -50.5324 0.78125
0.993142 -0.0991568 0 -50.5324 0.78125
0.946562 0.272614 0 -50.5324 0.78125
0.705503 0.58664 0 -50.5324 0.78125
0.288273 0.747024 0 -50.5324 0.78125
-0.223974 0.61795 0 -50.5324 0.78125
-0.555835 0.0977559 0 -50.5324 0.78125
-0.359518 -0.504304 0 -50.5324 0.78125
0.141062 -0.746283 0 -50.5324 0.78125
0.599868 -0.654704 0 -50.5324 0.78125
0.895766 -0.374278 0 -50.5324 0.78125
0.999916 -0.0110267 0 -50.5324 0.78125
0.907244 0.354456 0 -50.5324 0.78125
0.622161 0.642276 0 -50.5324 0.78125
0.171044 0.7486 0 -50.5324 0.78125
-0.334083 0.52994 0 -50.5324 0.78125
-0.560091 -0.0588522 0 -50.5324 0.78125
-0.25249 -0.5982 0 -50.5324 0.78125
0.259511 -0.748979 0 -50.5324 0.78125
0.685612 -0.601355 0 -50.5324 0.78125
0.937751 -0.293373 0 -50.5324 0.78125
0.995848 0.0772232 0 -50.5324 0.78125
0.857284 0.432134 0 -50.5324 0.78125
0.529401 0.688158 0 -50.5324 0.78125
0.0497814 0.732249 0 -50.5324 0.78125
-0.429399 0.418734 0 -50.5324 0.78125
-0.530655 -0.21195 0 -50.5324 0.78125
-0.135374 -0.668527 0 -50.5324 0.78125
0.37236 -0.73536 0 -50.5324 0.78125
0.761567 -0.539399 0 -50.5324 0.78125
0.96902 -0.209109 0 -50.5324 0.78125
0.980946 0.164632 0 -50.5324 0.78125
0.796825 0.504508 0 -50.5324 0.78125
0.427892 0.722626 0 -50.5324 0.78125
-0.0727685 0.69583 0 -50.5324 0.78125
-0.50316 0.286712 0 -50.5324 0.78125
-0.470598 -0.352923 0 -50.5324 0.78125
-0.0135346 -0.716082 0 -50.5324 0.78125
0.478035 -0.70749 0 -50.5324 0.78125
0.827371 -0.470236 0 -50.5324 0.78125
0.989506 -0.122515 0 -50.5324 0.78125
0.955237 0.250224 0 -50.5324 0.78125
0.726073 0.570352 0 -50.5324 0.78125
0.318581 0.743851 0 -50.5324 0.78125
-0.192921 0.637427 0 -50.5324 0.78125
-0.548983 0.138911 0 -50.5324 0.78125
-0.38556 -0.475332 0 -50.5324 0.78125
0.10879 -0.742534 0 -50.5324 0.78125
0.575411 -0.667282 0 -50.5324 0.78125
0.882773 -0.395149 0 -50.5324 0.78125
0.999169 -0.0345794 0 -50.5324 0.78125
0.918774 0.332994 0 -50.5324 0.78125
0.645329 0.628328 0 -50.5324 0.78125
0.202794 0.749844 0 -50.5324 0.78125
-0.305897 0.555721 0 -50.5324 0.78125
-0.562298 -0.0170463 0 -50.5324 0.78125
-0.282265 -0.575468 0 -50.5324 0.78125
0.228394 -0.749943 0 -50.5324 0.78125
0.663686 -0.616484 0 -50.5324 0.78125
0.927599 -0.315319 0 -50.5324 0.78125
0.997992 0.0537324 0 -50.5324 0.78125
0.87164 0.41189 0 -50.5324 0.78125
0.555024 0.676968 0 -50.5324 0.78125
0.0823726 0.738484 0 -50.5324 0.78125
-0.405806 0.450567 0 -50.5324 0.78125
-0.541682 -0.171983 0 -50.5324 0.78125
-0.167268 -0.652053 0 -50.5324 0.78125
0.342912 -0.740468 0 -50.5324 0.78125
0.742292 -0.556681 0 -50.5324 0.78125
0.961734 -0.231849 0 -50.5324 0.78125
0.985978 0.14146 0 -50.5324 0.78125
0.813964 0.485795 0 -50.5324 0.78125
0.455769 0.714651 0 -50.5324 0.78125
-0.0401522 0.707619 0 -50.5324 0.78125
-0.485979 0.323719 0 -50.5324 0.78125
-0.489321 -0.316927 0 -50.5324 0.78125
-0.0462276 -0.705543 0 -50.5324 0.78125
0.450627 -0.716204 0 -50.5324 0.78125
0.810831 -0.489309 0 -50.5324 0.78125
0.9851 -0.145779 0 -50.5324 0.78125
0.963147 0.227633 0 -50.5324 0.78125
0.745931 0.553506 0 -50.5324 0.78125
0.348427 0.739596 0 -50.5324 0.78125
-0.161364 0.655241 0 -50.5324 0.78125
-0.539801 0.179477 0 -50.5324 0.78125
-0.410305 -0.444763 0 -50.5324 0.78125
0.0763207 -0.737431 0 -50.5324 0.78125
0.550306 -0.679109 0 -50.5324 0.78125
0.869027 -0.415683 0 -50.5324 0.78125
0.997652 -0.0581053 0 -50.5324 0.78125
0.929545 0.311256 0 -50.5324 0.78125
0.667816 0.613718 0 -50.5324 0.78125
0.234211 0.749853 0 -50.5324 0.78125
-0.276786 0.579824 0 -50.5324 0.78125
-0.562072 0.0248332 0 -50.5324 0.78125
-0.311213 -0.551053 0 -50.5324 0.78125
0.196913 -0.749707 0 -50.5324 0.78125
0.641071 -0.630974 0 -50.5324 0.78125
0.916687 -0.337007 0 -50.5324 0.78125
0.999366 0.0302 0 -50.5324 0.78125
0.885246 0.391292 0 -50.5324 0.78125
0.58001 0.664999 0 -50.5324 0.78125
0.114809 0.743333 0 -50.5324 0.78125
-0.38081 0.480843 0 -50.5324 0.78125
-0.550436 -0.131296 0 -50.5324 0.78125
-0.198738 -0.633931 0 -50.5324 0.78125
0.312978 -0.744525 0 -50.5324 0.78125
0.7223 -0.573425 0 -50.5324 0.78125
0.953682 -0.254404 0 -50.5324 0.78125
0.990241 0.118177 0 -50.5324 0.78125
0.830366 0.466641 0 -50.5324 0.78125
0.483068 0.705771 0 -50.5324 0.78125
-0.00744845 0.717876 0 -50.5324 0.78125
-0.466916 0.359473 0 -50.5324 0.78125
-0.506139 -0.2797 0 -50.5324 0.78125
-0.0788194 -0.693466 0 -50.5324 0.78125
0.422645 -0.724007 0 -50.5324 0.78125
0.793556 -0.507939 0 -50.5324 0.78125
0.979925 -0.168928 0 -50.5324 0.78125
0.970291 0.204861 0 -50.5324 0.78125
0.765072 0.536127 0 -50.5324 0.78125
0.377781 0.734297 0 -50.5324 0.78125
-0.129402 0.671411 0 -50.5324 0.78125
-0.528359 0.219291 0 -50.5324 0.78125
-0.433622 -0.412646 0 -50.5324 0.78125
0.043707 -0.730932 0 -50.5324 0.78125
0.524565 -0.690152 0 -50.5324 0.78125
0.854532 -0.435858 0 -50.5324 0.78125
0.995364 -0.0815864 0 -50.5324 0.78125
0.939555 0.289264 0 -50.5324 0.78125
0.689613 0.598473 0 -50.5324 0.78125
0.265255 0.74867 0 -50.5324 0.78125
-0.24687 0.602242 0 -50.5324 0.78125
-0.559413 0.0666054 0 -50.5324 0.78125
-0.339214 -0.524961 0 -50.5324 0.78125
0.165105 -0.74823 0 -50.5324 0.78125
0.617778 -0.644795 0 -50.5324 0.78125
0.905016 -0.358416 0 -50.5324 0.78125
0.999969 0.0066444 0 -50.5324 0.78125
0.8981 0.37036 0 -50.5324 0.78125
0.604344 0.652283 0 -50.5324 0.78125
0.147038 0.746834 0 -50.5324 0.78125
-0.354541 0.509514 0 -50.5324 0.78125
-0.556848 -0.0900497 0 -50.5324 0.78125
-0.229686 -0.614142 0 -50.5324 0.78125
0.282586 -0.747492 0 -50.5324 0.78125
0.701599 -0.589606 0 -50.5324 0.78125
0.944865 -0.276755 0 -50.5324 0.78125
0.993733 0.0948031 0 -50.5324 0.78125
0.846027 0.447071 0 -50.5324 0.78125
0.509773 0.696021 0 -50.5324 0.78125
0.0252712 0.726637 0 -50.5324 0.78125
-0.446094 0.393874 0 -50.5324 0.78125
-0.520941 -0.241358 0 -50.5324 0.78125
-0.111232 -0.679815 0 -50.5324 0.78125
0.39411 -0.730862 0 -50.5324 0.78125
0.775549 -0.5261 0 -50.5324 0.78125
0.973981 -0.191945 0 -50.5324 0.78125
0.976667 0.181927 0 -50.5324 0.78125
0.78349 0.518241 0 -50.5324 0.78125
0.406618 0.727992 0 -50.5324 0.78125
-0.0971273 0.685962 0 -50.5324 0.78125
-0.514742 0.258204 0 -50.5324 0.78125
-0.45538 -0.379048 0 -50.5324 0.78125
0.0110079 -0.722998 0 -50.5324 0.78125
0.498204 -0.700377 0 -50.5324 0.78125
0.83929 -0.455653 0 -50.5324 0.78125
0.992305 -0.105004 0 -50.5324 0.78125
0.948803 0.267036 0 -50.5324 0.78125
0.710712 0.582622 0 -50.5324 0.78125
0.295892 0.746335 0 -50.5324 0.78125
-0.216264 0.622976 0 -50.5324 0.78125
-0.554344 0.108091 0 -50.5324 0.78125
-0.366143 -0.497213 0 -50.5324 0.78125
0.133015 -0.74547 0 -50.5324 0.78125
0.593815 -0.657917 0 -50.5324 0.78125
0.892588 -0.379526 0 -50.5324 0.78125
0.999801 -0.0169164 0 -50.5324 0.78125
0.910198 0.349118 0 -50.5324 0.78125
0.628016 0.638853 0 -50.5324 0.78125
0.179011 0.749029 0 -50.5324 0.78125
-0.32713 0.536542 0 -50.5324 0.78125
-0.56087 -0.0484175 0 -50.5324 0.78125
-0.260005 -0.592675 0 -50.5324 0.78125
0.251768 -0.74933 0 -50.5324 0.78125
0.680195 -0.605196 0 -50.5324 0.78125
0.935284 -0.298882 0 -50.5324 0.78125
0.996456 0.0713554 0 -50.5324 0.78125
0.860944 0.427107 0 -50.5324 0.78125
0.535865 0.685436 0 -50.5324 0.78125
0.0579406 0.73394 0 -50.5324 0.78125
-0.42364 0.426835 0 -50.5324 0.78125
-0.53362 -0.202034 0 -50.5324 0.78125
-0.143381 -0.664562 0 -50.5324 0.78125
0.365045 -0.736733 0 -50.5324 0.78125
0.756815 -0.543768 0 -50.5324 0.78125
0.96727 -0.21481 0 -50.5324 0.78125
0.982276 0.15885 0 -50.5324 0.78125
0.801178 0.499872 0 -50.5324 0.78125
0.434914 0.720719 0 -50.5324 0.78125
-0.0646267 0.698923 0 -50.5324 0.78125
-0.499048 0.296075 0 -50.5324 0.78125
-0.475451 -0.344045 0 -50.5324 0.78125
-0.0217133 -0.71359 0 -50.5324 0.78125
0.471238 -0.709752 0 -50.5324 0.78125
0.823305 -0.475044 0 -50.5324 0.78125
0.988477 -0.128341 0 -50.5324 0.78125
0.957286 0.244594 0 -50.5324 0.78125
0.731104 0.566192 0 -50.5324 0.78125
0.326087 0.742888 0 -50.5324 0.78125
-0.185075 0.642036 0 -50.5324 0.78125
-0.546903 0.149114 0 -50.5324 0.78125
-0.391873 -0.467838 0 -50.5324 0.78125
0.100689 -0.741387 0 -50.5324 0.78125
0.569195 -0.670311 0 -50.5324 0.78125
0.879407 -0.400315 0 -50.5324 0.78125
0.998862 -0.0404641 0 -50.5324 0.78125
0.921538 0.327584 0 -50.5324 0.78125
0.651015 0.624737 0 -50.5324 0.78125
0.210681 0.74996 0 -50.5324 0.78125
-0.298701 0.561905 0 -50.5324 0.78125
-0.56247 -0.00657628 0 -50.5324 0.78125
-0.289584 -0.569522 0 -50.5324 0.78125
0.220557 -0.749998 0 -50.5324 0.78125
0.658096 -0.620168 0 -50.5324 0.78125
0.924942 -0.320766 0 -50.5324 0.78125
0.998408 0.0478525 0 -50.5324 0.78125
0.875112 0.406773 0 -50.5324 0.78125
0.561331 0.674047 0 -50.5324 0.78125
0.0904984 0.739825 0 -50.5324 0.78125
-0.399684 0.458284 0 -50.5324 0.78125
-0.544087 -0.161873 0 -50.5324 0.78125
-0.175179 -0.647678 0 -50.5324 0.78125
0.335473 -0.741582 0 -50.5324 0.78125
0.737361 -0.560918 0 -50.5324 0.78125
0.959792 -0.237506 0 -50.5324 0.78125
0.987116 0.135649 0 -50.5324 0.78125
0.818133 0.481046 0 -50.5324 0.78125
0.462649 0.712515 0 -50.5324 0.78125
-0.0319815 0.710326 0 -50.5324 0.78125
-0.481385 0.332779 0 -50.5324 0.78125
-0.493708 -0.307732 0 -50.5324 0.78125
-0.054388 -0.70267 0 -50.5324 0.78125
0.443684 -0.718242 0 -50.5324 0.78125
0.806581 -0.494009 0 -50.5324 0.78125
0.983878 -0.151577 0 -50.5324 0.78125
0.965005 0.221956 0 -50.5324 0.78125
0.750784 0.54921 0 -50.5324 0.78125
0.355813 0.738368 0 -50.5324 0.78125
-0.153408 0.659437 0 -50.5324 0.78125
-0.537149 0.189507 0 -50.5324 0.78125
-0.416273 -0.436876 0 -50.5324 0.78125
0.0681786 -0.735939 0 -50.5324 0.78125
0.54393 -0.681944 0 -50.5324 0.78125
0.865473 -0.420761 0 -50.5324 0.78125
0.997152 -0.0639805 0 -50.5324 0.78125
0.932119 0.305781 0 -50.5324 0.78125
0.67333 0.609965 0 -50.5324 0.78125
0.242008 0.749668 0 -50.5324 0.78125
-0.269378 0.585586 0 -50.5324 0.78125
-0.561635 0.0352934 0 -50.5324 0.78125
-0.318307 -0.544686 0 -50.5324 0.78125
0.18899 -0.749456 0 -50.5324 0.78125
0.635311 -0.634493 0 -50.5324 0.78125
0.91384 -0.342387 0 -50.5324 0.78125
0.999589 0.0243126 0 -50.5324 0.78125
0.88853 0.386089 0 -50.5324 0.78125
0.586155 0.661889 0 -50.5324 0.78125
0.122888 0.744333 0 -50.5324 0.78125
-0.374357 0.488163 0 -50.5324 0.78125
-0.552261 -0.12103 0 -50.5324 0.78125
-0.206528 -0.629141 0 -50.5324 0.78125
0.305422 -0.74537 0 -50.5324 0.78125
0.717191 -0.577524 0 -50.5324 0.78125
0.951549 -0.260012 0 -50.5324 0.78125
0.991186 0.112342 0 -50.5324 0.78125
0.834351 0.461787 0 -50.5324 0.78125
0.489801 0.703414 0 -50.5324 0.78125
0.000732648 0.720205 0 -50.5324 0.78125
-0.46187 0.368204 0 -50.5324 0.78125
-0.510033 -0.270214 0 -50.5324 0.78125
-0.0869425 -0.690202 0 -50.5324 0.78125
0.415562 -0.725811 0 -50.5324 0.78125
0.789122 -0.512524 0 -50.5324 0.78125
0.978511 -0.174695 0 -50.5324 0.78125
0.971957 0.199142 0 -50.5324 0.78125
0.769745 0.531702 0 -50.5324 0.78125
0.38504 0.732814 0 -50.5324 0.78125
-0.121359 0.6752 0 -50.5324 0.78125
-0.525155 0.22911 0 -50.5324 0.78125
-0.439213 -0.404383 0 -50.5324 0.78125
0.0355378 -0.729085 0 -50.5324 0.78125
0.518033 -0.692786 0 -50.5324 0.78125
0.850791 -0.440844 0 -50.5324 0.78125
0.994671 -0.0874476 0 -50.5324 0.78125
0.941939 0.283728 0 -50.5324 0.78125
0.694954 0.594566 0 -50.5324 0.78125
0.272954 0.748193 0 -50.5324 0.78125
-0.239279 0.607583 0 -50.5324 0.78125
-0.558371 0.0770106 0 -50.5324 0.78125
-0.346051 -0.518179 0 -50.5324 0.78125
0.157108 -0.747662 0 -50.5324 0.78125
0.611849 -0.648142 0 -50.5324 0.78125
0.90198 -0.363723 0 -50.5324 0.78125
1 0.000753986 0 -50.5324 0.78125
0.901195 0.365078 0 -50.5324 0.78125
0.610325 0.648992 0 -50.5324 0.78125
0.155057 0.747503 0 -50.5324 0.78125
-0.347791 0.516426 0 -50.5324 0.78125
-0.55808 -0.0796711 0 -50.5324 0.78125
-0.237329 -0.608933 0 -50.5324 0.78125
0.274921 -0.748059 0 -50.5324 0.78125
0.696314 -0.59356 0 -50.5324 0.78125
0.942541 -0.282309 0 -50.5324 0.78125
0.994486 0.0889473 0 -50.5324 0.78125
0.849826 0.442116 0 -50.5324 0.78125
0.516354 0.693452 0 -50.5324 0.78125
0.0334458 0.728598 0 -50.5324 0.78125
-0.440628 0.402253 0 -50.5324 0.78125
-0.524313 -0.231614 0 -50.5324 0.78125
-0.119297 -0.676153 0 -50.5324 0.78125
0.386893 -0.732424 0 -50.5324 0.78125
0.770933 -0.530564 0 -50.5324 0.78125
0.972376 -0.197676 0 -50.5324 0.78125
0.978141 0.17617 0 -50.5324 0.78125
0.78798 0.513693 0 -50.5324 0.78125
0.413744 0.726263 0 -50.5324 0.78125
-0.08902 0.68935 0 -50.5324 0.78125
-0.511009 0.267775 0 -50.5324 0.78125
-0.460561 -0.370426 0 -50.5324 0.78125
0.00282704 -0.720786 0 -50.5324 0.78125
0.491519 -0.702802 0 -50.5324 0.78125
0.835363 -0.46054 0 -50.5324 0.78125
0.99142 -0.110847 0 -50.5324 0.78125
0.950995 0.261445 0 -50.5324 0.78125
0.715876 0.578568 0 -50.5324 0.78125
0.303483 0.745576 0 -50.5324 0.78125
-0.208517 0.627897 0 -50.5324 0.78125
-0.552704 0.118397 0 -50.5324 0.78125
-0.372693 -0.490021 0 -50.5324 0.78125
0.124954 -0.744575 0 -50.5324 0.78125
0.587721 -0.661085 0 -50.5324 0.78125
0.889364 -0.384754 0 -50.5324 0.78125
0.999639 -0.0228052 0 -50.5324 0.78125
0.913104 0.343761 0 -50.5324 0.78125
0.63383 0.635387 0 -50.5324 0.78125
0.186958 0.749379 0 -50.5324 0.78125
-0.320113 0.54304 0 -50.5324 0.78125
-0.561498 -0.0379698 0 -50.5324 0.78125
-0.267474 -0.587045 0 -50.5324 0.78125
0.244001 -0.749608 0 -50.5324 0.78125
0.674735 -0.608998 0 -50.5324 0.78125
0.93277 -0.304377 0 -50.5324 0.78125
0.997016 0.0654841 0 -50.5324 0.78125
0.864556 0.422058 0 -50.5324 0.78125
0.542291 0.682662 0 -50.5324 0.78125
0.0660928 0.735543 0 -50.5324 0.78125
-0.417786 0.434842 0 -50.5324 0.78125
-0.536448 -0.192067 0 -50.5324 0.78125
-0.151367 -0.660494 0 -50.5324 0.78125
0.357698 -0.738043 0 -50.5324 0.78125
0.752019 -0.548105 0 -50.5324 0.78125
0.965473 -0.220501 0 -50.5324 0.78125
0.983558 0.153061 0 -50.5324 0.78125
0.805486 0.495208 0 -50.5324 0.78125
0.441901 0.718754 0 -50.5324 0.78125
-0.0564759 0.701918 0 -50.5324 0.78125
-0.494812 0.305365 0 -50.5324 0.78125
-0.48019 -0.335086 0 -50.5324 0.78125
-0.0298891 -0.711003 0 -50.5324 0.78125
0.464404 -0.711959 0 -50.5324 0.78125
0.819193 -0.479827 0 -50.5324 0.78125
0.987399 -0.13416 0 -50.5324 0.78125
0.959288 0.238952 0 -50.5324 0.78125
0.736091 0.561997 0 -50.5324 0.78125
0.333564 0.741857 0 -50.5324 0.78125
-0.1772 0.646541 0 -50.5324 0.78125
-0.544679 0.159278 0 -50.5324 0.78125
-0.398102 -0.460244 0 -50.5324 0.78125
0.092577 -0.740154 0 -50.5324 0.78125
0.562939 -0.673292 0 -50.5324 0.78125
0.875994 -0.405459 0 -50.5324 0.78125
0.998507 -0.0463468 0 -50.5324 0.78125
0.924255 0.322158 0 -50.5324 0.78125
0.656658 0.621104 0 -50.5324 0.78125
0.218547 0.75 0 -50.5324 0.78125
-0.291449 0.567983 0 -50.5324 0.78125
-0.562489 0.00389555 0 -50.5324 0.78125
-0.29685 -0.563471 0 -50.5324 0.78125
0.212697 -0.749977 0 -50.5324 0.78125
0.652464 -0.623811 0 -50.5324 0.78125
0.922238 -0.326197 0 -50.5324 0.78125
0.998776 0.0419703 0 -50.5324 0.78125
0.878537 0.401634 0 -50.5324 0.78125
0.567597 0.671079 0 -50.5324 0.78125
0.0986137 0.741079 0 -50.5324 0.78125
-0.393475 0.465903 0 -50.5324 0.78125
-0.546348 -0.15172 0 -50.5324 0.78125
-0.183062 -0.643199 0 -50.5324 0.78125
0.328004 -0.74263 0 -50.5324 0.78125
0.732385 -0.565122 0 -50.5324 0.78125
0.957803 -0.243151 0 -50.5324 0.78125
0.988205 0.129831 0 -50.5324 0.78125
0.822257 0.476271 0 -50.5324 0.78125
0.469492 0.710322 0 -50.5324 0.78125
-0.0238066 0.712937 0 -50.5324 0.78125
-0.476675 0.34176 0 -50.5324 0.78125
-0.497975 -0.298461 0 -50.5324 0.78125
-0.0625409 -0.699699 0 -50.5324 0.78125
0.436706 -0.720222 0 -50.5324 0.78125
0.802285 -0.498681 0 -50.5324 0.78125
0.982609 -0.157369 0 -50.5324 0.78125
0.966815 0.216268 0 -50.5324 0.78125
0.755592 0.544881 0 -50.5324 0.78125
0.363167 0.737075 0 -50.5324 0.78125
-0.145428 0.66353 0 -50.5324 0.78125
-0.534358 0.199488 0 -50.5324 0.78125
-0.42215 -0.428894 0 -50.5324 0.78125
0.0600283 -0.734359 0 -50.5324 0.78125
0.537514 -0.68473 0 -50.5324 0.78125
0.861873 -0.425817 0 -50.5324 0.78125
0.996604 -0.0698526 0 -50.5324 0.78125
0.934645 0.30029 0 -50.5324 0.78125
0.678801 0.606173 0 -50.5324 0.78125
0.249782 0.749408 0 -50.5324 0.78125
-0.261921 0.591243 0 -50.5324 0.78125
-0.561046 0.045744 0 -50.5324 0.78125
-0.325339 -0.538215 0 -50.5324 0.78125
0.181047 -0.749126 0 -50.5324 0.78125
0.629509 -0.63797 0 -50.5324 0.78125
0.910946 -0.347748 0 -50.5324 0.78125
0.999764 0.018424 0 -50.5324 0.78125
0.891767 0.380866 0 -50.5324 0.78125
0.592259 0.658732 0 -50.5324 0.78125
0.130953 0.745249 0 -50.5324 0.78125
-0.367827 0.495382 0 -50.5324 0.78125
-0.553938 -0.110732 0 -50.5324 0.78125
-0.214284 -0.624246 0 -50.5324 0.78125
0.297838 -0.746147 0 -50.5324 0.78125
0.712038 -0.581588 0 -50.5324 0.78125
0.949369 -0.265606 0 -50.5324 0.78125
0.992083 0.106501 0 -50.5324 0.78125
0.838289 0.456906 0 -50.5324 0.78125
0.496496 0.701003 0 -50.5324 0.78125
0.00891365 0.722441 0 -50.5324 0.78125
-0.456717 0.376849 0 -50.5324 0.78125
-0.513799 -0.26066 0 -50.5324 0.78125
-0.0950531 -0.686839 0 -50.5324 0.78125
0.408445 -0.727555 0 -50.5324 0.78125
0.784643 -0.517079 0 -50.5324 0.78125
0.977049 -0.180454 0 -50.5324 0.78125
0.973575 0.193413 0 -50.5324 0.78125
0.774372 0.527246 0 -50.5324 0.78125
0.392266 0.731268 0 -50.5324 0.78125
-0.113298 0.678887 0 -50.5324 0.78125
-0.521817 0.238869 0 -50.5324 0.78125
-0.444704 -0.396028 0 -50.5324 0.78125
0.0273643 -0.727147 0 -50.5324 0.78125
0.511461 -0.695368 0 -50.5324 0.78125
0.847004 -0.445805 0 -50.5324 0.78125
0.993931 -0.0933044 0 -50.5324 0.78125
0.944274 0.278178 0 -50.5324 0.78125
0.70025 0.590622 0 -50.5324 0.78125
0.280626 0.747644 0 -50.5324 0.78125
-0.231646 0.612819 0 -50.5324 0.78125
-0.557178 0.087395 0 -50.5324 0.78125
-0.35282 -0.511293 0 -50.5324 0.78125
0.149093 -0.747013 0 -50.5324 0.78125
0.605879 -0.651445 0 -50.5324 0.78125
0.898897 -0.36901 0 -50.5324 0.78125
0.999982 -0.00513647 0 -50.5324 0.78125
0.904243 0.359777 0 -50.5324 0.78125
0.616264 0.645656 0 -50.5324 0.78125
0.16306 0.748092 0 -50.5324 0.78125
-0.34097 0.523235 0 -50.5324 0.78125
-0.559161 -0.0692709 0 -50.5324 0.78125
-0.244931 -0.603619 0 -50.5324 0.78125
0.267228 -0.748555 0 -50.5324 0.78125
0.690984 -0.597477 0 -50.5324 0.78125
0.94017 -0.287848 0 -50.5324 0.78125
0.995191 0.0830873 0 -50.5324 0.78125
0.853578 0.437137 0 -50.5324 0.78125
0.522897 0.690831 0 -50.5324 0.78125
0.0416161 0.730468 0 -50.5324 0.78125
-0.435063 0.41054 0 -50.5324 0.78125
-0.527552 -0.22181 0 -50.5324 0.78125
-0.127345 -0.672391 0 -50.5324 0.78125
0.379642 -0.733923 0 -50.5324 0.78125
0.766273 -0.534997 0 -50.5324 0.78125
0.970722 -0.203398 0 -50.5324 0.78125
0.979568 0.170405 0 -50.5324 0.78125
0.792425 0.509115 0 -50.5324 0.78125
0.420835 0.724475 0 -50.5324 0.78125
-0.0809 0.692639 0 -50.5324 0.78125
-0.507148 0.277278 0 -50.5324 0.78125
-0.465635 -0.361717 0 -50.5324 0.78125
-0.00535413 -0.718481 0 -50.5324 0.78125
0.484796 -0.705173 0 -50.5324 0.78125
0.83139 -0.465401 0 -50.5324 0.78125
0.990487 -0.116684 0 -50.5324 0.78125
0.95314 0.255841 0 -50.5324 0.78125
0.720997 0.574478 0 -50.5324 0.78125
0.311047 0.744748 0 -50.5324 0.78125
-0.200736 0.632714 0 -50.5324 0.78125
-0.550917 0.128671 0 -50.5324 0.78125
-0.379166 -0.482727 0 -50.5324 0.78125
0.116879 -0.743597 0 -50.5324 0.78125
0.581587 -0.664207 0 -50.5324 0.78125
0.886092 -0.389962 0 -50.5324 0.78125
0.999428 -0.028693 0 -50.5324 0.78125
0.915963 0.338386 0 -50.5324 0.78125
0.639601 0.631879 0 -50.5324 0.78125
0.194886 0.74965 0 -50.5324 0.78125
-0.313034 0.549433 0 -50.5324 0.78125
-0.561974 -0.0275118 0 -50.5324 0.78125
-0.274894 -0.581309 0 -50.5324 0.78125
0.236209 -0.749813 0 -50.5324 0.78125
0.669232 -0.612761 0 -50.5324 0.78125
0.930209 -0.309856 0 -50.5324 0.78125
0.997529 0.0596097 0 -50.5324 0.78125
0.868122 0.416985 0 -50.5324 0.78125
0.548677 0.67984 0 -50.5324 0.78125
0.0742371 0.737057 0 -50.5324 0.78125
-0.411841 0.442753 0 -50.5324 0.78125
-0.539135 -0.182049 0 -50.5324 0.78125
-0.15933 -0.656325 0 -50.5324 0.78125
0.350321 -0.739288 0 -50.5324 0.78125
0.747178 -0.552409 0 -50.5324 0.78125
0.963627 -0.226181 0 -50.5324 0.78125
0.984792 0.147264 0 -50.5324 0.78125
0.809748 0.490515 0 -50.5324 0.78125
0.448853 0.716731 0 -50.5324 0.78125
-0.0483173 0.704817 0 -50.5324 0.78125
-0.490455 0.314581 0 -50.5324 0.78125
-0.484814 -0.326046 0 -50.5324 0.78125
-0.038061 -0.708321 0 -50.5324 0.78125
0.457533 -0.71411 0 -50.5324 0.78125
0.815035 -0.484582 0 -50.5324 0.78125
0.986274 -0.139973 0 -50.5324 0.78125
0.961241 0.233298 0 -50.5324 0.78125
0.741034 0.557769 0 -50.5324 0.78125
0.341011 0.740759 0 -50.5324 0.78125
-0.169295 0.650943 0 -50.5324 0.78125
-0.542311 0.169399 0 -50.5324 0.78125
-0.404247 -0.452552 0 -50.5324 0.78125
0.0844538 -0.738836 0 -50.5324 0.78125
0.556642 -0.676225 0 -50.5324 0.78125
0.872534 -0.410582 0 -50.5324 0.78125
0.998103 -0.0522273 0 -50.5324 0.78125
0.926924 0.316715 0 -50.5324 0.78125
0.662259 0.617431 0 -50.5324 0.78125
0.22639 0.749964 0 -50.5324 0.78125
-0.284144 0.573956 0 -50.5324 0.78125
-0.562357 0.0143663 0 -50.5324 0.78125
-0.30406 -0.557314 0 -50.5324 0.78125
0.204815 -0.749881 0 -50.5324 0.78125
0.646789 -0.627413 0 -50.5324 0.78125
0.919486 -0.331611 0 -50.5324 0.78125
0.999095 0.036086 0 -50.5324 0.78125
0.881915 0.396473 0 -50.5324 0.78125
0.573824 0.668062 0 -50.5324 0.78125
0.106718 0.742248 0 -50.5324 0.78125
-0.387184 0.473423 0 -50.5324 0.78125
-0.548464 -0.141526 0 -50.5324 0.78125
-0.190916 -0.638617 0 -50.5324 0.78125
0.320506 -0.743611 0 -50.5324 0.78125
0.727365 -0.569291 0 -50.5324 0.78125
0.955766 -0.248784 0 -50.5324 0.78125
0.989247 0.124007 0 -50.5324 0.78125
0.826334 0.471469 0 -50.5324 0.78125
0.476299 0.708074 0 -50.5324 0.78125
-0.0156286 0.715453 0 -50.5324 0.78125
-0.471851 0.350658 0 -50.5324 0.78125
-0.502119 -0.289116 0 -50.5324 0.78125
-0.0706851 -0.696631 0 -50.5324 0.78125
0.429693 -0.722144 0 -50.5324 0.78125
0.797943 -0.503324 0 -50.5324 0.78125
0.981291 -0.163152 0 -50.5324 0.78125
0.968577 0.21057 0 -50.5324 0.78125
0.760355 0.54052 0 -50.5324 0.78125
0.37049 0.735717 0 -50.5324 0.78125
-0.137426 0.667521 0 -50.5324 0.78125
-0.531427 0.209417 0 -50.5324 0.78125
-0.427934 -0.420817 0 -50.5324 0.78125
0.0518708 -0.73269 0 -50.5324 0.78125
0.531059 -0.687466 0 -50.5324 0.78125
0.858226 -0.430849 0 -50.5324 0.78125
0.996008 -0.0757214 0 -50.5324 0.78125
0.937124 0.294784 0 -50.5324 0.78125
0.684229 0.602342 0 -50.5324 0.78125
0.257531 0.749075 0 -50.5324 0.78125
-0.254418 0.596795 0 -50.5324 0.78125
-0.560305 0.0561823 0 -50.5324 0.78125
-0.332309 -0.53164 0 -50.5324 0.78125
0.173085 -0.748718 0 -50.5324 0.78125
0.623664 -0.641404 0 -50.5324 0.78125
0.908005 -0.353091 0 -50.5324 0.78125
0.999891 0.0125345 0 -50.5324 0.78125
0.894957 0.375623 0 -50.5324 0.78125
0.598322 0.655531 0 -50.5324 0.78125
0.139003 0.746082 0 -50.5324 0.78125
-0.361221 0.502499 0 -50.5324 0.78125
-0.555468 -0.100404 0 -50.5324 0.78125
-0.222004 -0.619247 0 -50.5324 0.78125
0.290226 -0.746855 0 -50.5324 0.78125
0.706841 -0.585615 0 -50.5324 0.78125
0.947141 -0.271187 0 -50.5324 0.78125
0.992932 0.100654 0 -50.5324 0.78125
0.842181 0.452001 0 -50.5324 0.78125
0.503154 0.698538 0 -50.5324 0.78125
0.0170935 0.724585 0 -50.5324 0.78125
-0.451457 0.385406 0 -50.5324 0.78125
-0.517435 -0.251041 0 -50.5324 0.78125
-0.10315 -0.683377 0 -50.5324 0.78125
0.401294 -0.729239 0 -50.5324 0.78125
0.780119 -0.521605 0 -50.5324 0.78125
0.975539 -0.186204 0 -50.5324 0.78125
0.975145 0.187675 0 -50.5324 0.78125
0.778953 0.522758 0 -50.5324 0.78125
0.399458 0.729661 0 -50.5324 0.78125
-0.10522 0.682475 0 -50.5324 0.78125
-0.518345 0.248568 0 -50.5324 0.78125
-0.450094 -0.387582 0 -50.5324 0.78125
0.0191873 -0.725119 0 -50.5324 0.78125
0.504852 -0.697899 0 -50.5324 0.78125
0.84317 -0.450741 0 -50.5324 0.78125
0.993142 -0.0991568 0 -50.5324 0.78125
0.946562 0.272614 0 -50.5324 0.78125
0.705503 0.58664 0 -50.5324 0.78125
0.288273 0.747024 0 -50.5324 0.78125
-0.223974 0.61795 0 -50.5324 0.78125
-0.555835 0.0977559 0 -50.5324 0.78125
-0.359518 -0.504304 0 -50.5324 0.78125
0.141062 -0.746283 0 -50.5324 0.78125
0.599868 -0.654704 0 -50.5324 0.78125
0.895766 -0.374278 0 -50.5324 0.78125
0.999916 -0.0110267 0 -50.5324 0.78125
0.907244 0.354456 0 -50.5324 0.78125
0.622161 0.642276 0 -50.5324 0.78125
0.171044 0.7486 0 -50.5324 0.78125
-0.334083 0.52994 0 -50.5324 0.78125
-0.560091 -0.0588522 0 -50.5324 0.78125
-0.25249 -0.5982 0 -50.5324 0.78125
0.259511 -0.748979 0 -50.5324 0.78125
0.685612 -0.601355 0 -50.5324 0.78125
0.937751 -0.293373 0 -50.5324 0.78125
0.995848 0.0772232 0 -50.5324 0.78125
0.857284 0.432134 0 -50.5324 0.78125
0.529401 0.688158 0 -50.5324 0.78125
0.0497814 0.732249 0 -50.5324 0.78125
-0.429399 0.418734 0 -50.5324 0.78125
-0.530655 -0.21195 0 -50.5324 0.78125
-0.135374 -0.668527 0 -50.5324 0.78125
0.37236 -0.73536 0 -50.5324 0.78125
0.761567 -0.539399 0 -50.5324 0.78125
0.96902 -0.209109 0 -50.5324 0.78125
0.980946 0.164632 0 -50.5324 0.78125
0.796825 0.504508 0 -50.5324 0.78125
0.427892 0.722626 0 -50.5324 0.78125
-0.0727685 0.69583 0 -50.5324 0.78125
-0.50316 0.286712 0 -50.5324 0.78125
-0.470598 -0.352923 0 -50.5324 0.78125
-0.0135346 -0.716082 0 -50.5324 0.78125
0.478035 -0.70749 0 -50.5324 0.78125
0.827371 -0.470236 0 -50.5324 0.78125
0.989506 -0.122515 0 -50.5324 0.78125
0.955237 0.250224 0 -50.5324 0.78125
0.726073 0.570352 0 -50.5324 0.78125
0.318581 0.743851 0 -50.5324 0.78125
-0.192921 0.637427 0 -50.5324 0.78125
-0.548983 0.138911 0 -50.5324 0.78125
-0.38556 -0.475332 0 -50.5324 0.78125
0.10879 -0.742534 0 -50.5324 0.78125
0.575411 -0.667282 0 -50.5324 0.78125
0.882773 -0.395149 0 -50.5324 0.78125
0.999169 -0.0345793 0 -50.5324 0.78125
0.918774 0.332994 0 -50.5324 0.78125
0.645329 0.628328 0 -50.5324 0.78125
0.202794 0.749844 0 -50.5324 0.78125
-0.305897 0.555721 0 -50.5324 0.78125
-0.562298 -0.0170463 0 -50.5324 0.78125
-0.282265 -0.575468 0 -50.5324 0.78125
0.228394 -0.749943 0 -50.5324 0.78125
0.663686 -0.616484 0 -50.5324 0.78125
0.927599 -0.315319 0 -50.5324 0.78125
0.997992 0.0537324 0 -50.5324 0.78125
0.87164 0.41189 0 -50.5324 0.78125
0.555024 0.676968 0 -50.5324 0.78125
0.0823726 0.738485 0 -50.5324 0.78125
-0.405806 0.450567 0 -50.5324 0.78125
-0.541682 -0.171983 0 -50.5324 0.78125
-0.167268 -0.652053 0 -50.5324 0.78125
0.342912 -0.740468 0 -50.5324 0.78125
0.742292 -0.556681 0 -50.5324 0.78125
0.961734 -0.231849 0 -50.5324 0.78125
0.985978 0.14146 0 -50.5324 0.78125
0.813964 0.485795 0 -50.5324 0.78125
0.455769 0.714651 0 -50.5324 0.78125
-0.0401522 0.707619 0 -50.5324 0.78125
-0.485979 0.323719 0 -50.5324 0.78125
-0.489321 -0.316927 0 -50.5324 0.78125
-0.0462276 -0.705543 0 -50.5324 0.78125
0.450627 -0.716204 0 -50.5324 0.78125
0.810831 -0.489309 0 -50.5324 0.78125
0.9851 -0.145779 0 -50.5324 0.78125
0.963147 0.227633 0 -50.5324 0.78125
0.745931 0.553506 0 -50.5324 0.78125
0.348427 0.739596 0 -50.5324 0.78125
-0.161364 0.655241 0 -50.5324 0.78125
-0.539801 0.179477 0 -50.5324 0.78125
-0.410305 -0.444763 0 -50.5324 0.78125
0.0763207 -0.737431 0 -50.5324 0.78125
0.550306 -0.679109 0 -50.5324 0.78125
0.869027 -0.415683 0 -50.5324 0.78125
0.997652 -0.0581053 0 -50.5324 0.78125
0.929545 0.311256 0 -50.5324 0.78125
0.667816 0.613718 0 -50.5324 0.78125
0.234211 0.749853 0 -50.5324 0.78125
-0.276786 0.579824 0 -50.5324 0.78125
-0.562072 0.0248332 0 -50.5324 0.78125
-0.311213 -0.551053 0 -50.5324 0.78125
0.196913 -0.749707 0 -50.5324 0.78125
0.641071 -0.630974 0 -50.5324 0.78125
0.916687 -0.337007 0 -50.5324 0.78125
0.999366 0.0302 0 -50.5324 0.78125
0.885246 0.391292 0 -50.5324 0.78125
0.58001 0.664999 0 -50.5324 0.78125
0.114809 0.743333 0 -50.5324 0.78125
-0.38081 0.480843 0 -50.5324 0.78125
-0.550436 -0.131296 0 -50.5324 0.78125
-0.198738 -0.633931 0 -50.5324 0.78125
0.312978 -0.744525 0 -50.5324 0.78125
0.7223 -0.573425 0 -50.5324 0.78125
0.953682 -0.254404 0 -50.5324 0.78125
0.990241 0.118177 0 -50.5324 0.78125
0.830366 0.466641 0 -50.5324 0.78125
0.483068 0.705771 0 -50.5324 0.78125
-0.00744845 0.717876 0 -50.5324 0.78125
-0.466916 0.359473 0 -50.5324 0.78125
-0.506139 -0.2797 0 -50.5324 0.78125
-0.0788194 -0.693466 0 -50.5324 0.78125
0.422645 -0.724007 0 -50.5324 0.78125
0.793556 -0.507939 0 -50.5324 0.78125
0.979925 -0.168928 0 -50.5324 0.78125
0.970291 0.204861 0 -50.5324 0.78125
0.765072 0.536127 0 -50.5324 0.78125
0.377781 0.734297 0 -50.5324 0.78125
-0.129402 0.671411 0 -50.5324 0.78125
-0.528359 0.219291 0 -50.5324 0.78125
-0.433622 -0.412646 0 -50.5324 0.78125
0.043707 -0.730932 0 -50.5324 0.78125
0.524565 -0.690152 0 -50.5324 0.78125
0.854532 -0.435858 0 -50.5324 0.78125
0.995364 -0.0815864 0 -50.5324 0.78125
0.939555 0.289264 0 -50.5324 0.78125
0.689613 0.598473 0 -50.5324 0.78125
0.265255 0.74867 0 -50.5324 0.78125
-0.24687 0.602242 0 -50.5324 0.78125
-0.559413 0.0666054 0 -50.5324 0.78125
-0.339214 -0.524961 0 -50.5324 0.78125
0.165105 -0.74823 0 -50.5324 0.78125
0.617778 -0.644795 0 -50.5324 0.78125
0.905016 -0.358416 0 -50.5324 0.78125
0.999969 0.00664441 0 -50.5324 0.78125
0.8981 0.37036 0 -50.5324 0.78125
0.604344 0.652283 0 -50.5324 0.78125
0.147038 0.746834 0 -50.5324 0.78125
-0.354541 0.509514 0 -50.5324 0.78125
-0.556848 -0.0900497 0 -50.5324 0.78125
-0.229686 -0.614142 0 -50.5324 0.78125
0.282586 -0.747492 0 -50.5324 0.78125
0.701599 -0.589606 0 -50.5324 0.78125
0.944865 -0.276755 0 -50.5324 0.78125
0.993733 0.0948031 0 -50.5324 0.78125
0.846027 0.447071 0 -50.5324 0.78125
0.509773 0.696021 0 -50.5324 0.78125
0.0252712 0.726637 0 -50.5324 0.78125
-0.446094 0.393874 0 -50.5324 0.78125
-0.520941 -0.241358 0 -50.5324 0.78125
-0.111232 -0.679815 0 -50.5324 0.78125
0.39411 -0.730862 0 -50.5324 0.78125
0.775549 -0.5261 0 -50.5324 0.78125
0.973981 -0.191945 0 -50.5324 0.78125
0.976667 0.181927 0 -50.5324 0.78125
0.78349 0.518241 0 -50.5324 0.78125
0.406618 0.727992 0 -50.5324 0.78125
-0.0971273 0.685962 0 -50.5324 0.78125
-0.514742 0.258204 0 -50.5324 0.78125
-0.45538 -0.379048 0 -50.5324 0.78125
0.0110079 -0.722998 0 -50.5324 0.78125
0.498204 -0.700377 0 -50.5324 0.78125
0.83929 -0.455653 0 -50.5324 0.78125
0.992305 -0.105004 0 -50.5324 0.78125
0.948803 0.267036 0 -50.5324 0.78125
0.710712 0.582622 0 -50.5324 0.78125
0.295892 0.746335 0 -50.5324 0.78125
-0.216264 0.622976 0 -50.5324 0.78125
-0.554344 0.108091 0 -50.5324 0.78125
-0.366143 -0.497213 0 -50.5324 0.78125
0.133015 -0.74547 0 -50.5324 0.78125
0.593815 -0.657917 0 -50.5324 0.78125
0.892588 -0.379526 0 -50.5324 0.78125
0.999801 -0.0169163 0 -50.5324 0.78125
0.910198 0.349118 0 -50.5324 0.78125
0.628016 0.638853 0 -50.5324 0.78125
0.179011 0.749029 0 -50.5324 0.78125
-0.32713 0.536542 0 -50.5324 0.78125
-0.56087 -0.0484175 0 -50.5324 0.78125
-0.260005 -0.592675 0 -50.5324 0.78125
0.251768 -0.74933 0 -50.5324 0.78125
0.680195 -0.605196 0 -50.5324 0.78125
0.935284 -0.298882 0 -50.5324 0.78125
0.996456 0.0713554 0 -50.5324 0.78125
0.860943 0.427107 0 -50.5324 0.78125
0.535865 0.685436 0 -50.5324 0.78125
0.0579406 0.73394 0 -50.5324 0.78125
-0.42364 0.426835 0 -50.5324 0.78125
-0.53362 -0.202034 0 -50.5324 0.78125
-0.143381 -0.664562 0 -50.5324 0.78125
0.365045 -0.736733 0 -50.5324 0.78125
0.756815 -0.543768 0 -50.5324 0.78125
0.96727 -0.21481 0 -50.5324 0.78125
0.982276 0.15885 0 -50.5324 0.78125
0.801178 0.499872 0 -50.5324 0.78125
0.434914 0.720719 0 -50.5324 0.78125
-0.0646267 0.698923 0 -50.5324 0.78125
-0.499048 0.296075 0 -50.5324 0.78125
-0.475451 -0.344045 0 -50.5324 0.78125
-0.0217133 -0.71359 0 -50.5324 0.78125
0.471238 -0.709752 0 -50.5324 0.78125
0.823305 -0.475044 0 -50.5324 0.78125
0.988477 -0.128341 0 -50.5324 0.78125
0.957286 0.244594 0 -50.5324 0.78125
0.731104 0.566192 0 -50.5324 0.78125
0.326087 0.742888 0 -50.5324 0.78125
-0.185075 0.642036 0 -50.5324 0.78125
-0.546903 0.149114 0 -50.5324 0.78125
-0.391873 -0.467838 0 -50.5324 0.78125
0.100689 -0.741387 0 -50.5324 0.78125
0.569195 -0.670311 0 -50.5324 0.78125
0.879407 -0.400315 0 -50.5324 0.78125
0.998862 -0.0404641 0 -50.5324 0.78125
0.921538 0.327584 0 -50.5324 0.78125
0.651015 0.624737 0 -50.5324 0.78125
0.210681 0.74996 0 -50.5324 0.78125
-0.298701 0.561905 0 -50.5324 0.78125
-0.56247 -0.00657628 0 -50.5324 0.78125
-0.289584 -0.569522 0 -50.5324 0.78125
0.220557 -0.749998 0 -50.5324 0.78125
0.658096 -0.620168 0 -50.5324 0.78125
0.924942 -0.320766 0 -50.5324 0.78125
0.998408 0.0478525 0 -50.5324 0.78125
0.875112 0.406773 0 -50.5324 0.78125
0.561331 0.674047 0 -50.5324 0.78125
0.0904984 0.739825 0 -50.5324 0.78125
-0.399684 0.458284 0 -50.5324 0.78125
-0.544087 -0.161873 0 -50.5324 0.78125
-0.175179 -0.647678 0 -50.5324 0.78125
0.335473 -0.741582 0 -50.5324 0.78125
0.737361 -0.560918 0 -50.5324 0.78125
0.959792 -0.237506 0 -50.5324 0.78125
0.987116 0.135649 0 -50.5324 0.78125
0.818133 0.481046 0 -50.5324 0.78125
0.462648 0.712515 0 -50.5324 0.78125
-0.0319816 0.710326 0 -50.5324 0.78125
-0.481385 0.332779 0 -50.5324 0.78125
-0.493708 -0.307732 0 -50.5324 0.78125
-0.054388 -0.70267 0 -50.5324 0.78125
0.443684 -0.718242 0 -50.5324 0.78125
0.806581 -0.494009 0 -50.5324 0.78125
0.983878 -0.151577 0 -50.5324 0.78125
0.965005 0.221956 0 -50.5324 0.78125
0.750784 0.54921 0 -50.5324 0.78125
0.355813 0.738368 0 -50.5324 0.78125
-0.153408 0.659437 0 -50.5324 0.78125
-0.537149 0.189507 0 -50.5324 0.78125
-0.416273 -0.436876 0 -50.5324 0.78125
0.0681786 -0.735939 0 -50.5324 0.78125
0.54393 -0.681944 0 -50.5324 0.78125
0.865473 -0.420761 0 -50.5324 0.78125
0.997152 -0.0639805 0 -50.5324 0.78125
0.932119 0.305781 0 -50.5324 0.78125
0.67333 0.609965 0 -50.5324 0.78125
0.242008 0.749668 0 -50.5324 0.78125
-0.269378 0.585586 0 -50.5324 0.78125
-0.561635 0.0352934 0 -50.5324 0.78125
-0.318307 -0.544686 0 -50.5324 0.78125
0.18899 -0.749456 0 -50.5324 0.78125
0.635311 -0.634493 0 -50.5324 0.78125
0.91384 -0.342387 0 -50.5324 0.78125
0.999589 0.0243126 0 -50.5324 0.78125
0.88853 0.386089 0 -50.5324 0.78125
0.586155 0.661889 0 -50.5324 0.78125
0.122888 0.744333 0 -50.5324 0.78125
-0.374357 0.488163 0 -50.5324 0.78125
-0.552261 -0.12103 0 -50.5324 0.78125
-0.206528 -0.629141 0 -50.5324 0.78125
0.305422 -0.74537 0 -50.5324 0.78125
0.717191 -0.577524 0 -50.5324 0.78125
0.951549 -0.260012 0 -50.5324 0.78125
0.991186 0.112342 0 -50.5324 0.78125
0.834351 0.461787 0 -50.5324 0.78125
0.489801 0.703414 0 -50.5324 0.78125
0.000732647 0.720205 0 -50.5324 0.78125
-0.46187 0.368204 0 -50.5324 0.78125
-0.510033 -0.270214 0 -50.5324 0.78125
-0.0869425 -0.690202 0 -50.5324 0.78125
0.415562 -0.725811 0 -50.5324 0.78125
0.789122 -0.512524 0 -50.5324 0.78125
0.978511 -0.174695 0 -50.5324 0.78125
0.971957 0.199142 0 -50.5324 0.78125
0.769745 0.531702 0 -50.5324 0.78125
0.38504 0.732814 0 -50.5324 0.78125
-0.121359 0.6752 0 -50.5324 0.78125
-0.525155 0.22911 0 -50.5324 0.78125
-0.439213 -0.404383 0 -50.5324 0.78125
0.0355378 -0.729085 0 -50.5324 0.78125
0.518033 -0.692786 0 -50.5324 0.78125
0.850791 -0.440844 0 -50.5324 0.78125
0.994671 -0.0874476 0 -50.5324 0.78125
0.941939 0.283728 0 -50.5324 0.78125
0.694954 0.594566 0 -50.5324 0.78125
0.272954 0.748193 0 -50.5324 0.78125
-0.239279 0.607583 0 -50.5324 0.78125
-0.558371 0.0770106 0 -50.5324 0.78125
-0.346051 -0.518179 0 -50.5324 0.78125
0.157108 -0.747662 0 -50.5324 0.78125
0.611849 -0.648142 0 -50.5324 0.78125
0.90198 -0.363723 0 -50.5324 0.78125
1 0.000753989 0 -50.5324 0.78125
0.901195 0.365078 0 -50.5324 0.78125
0.610325 0.648992 0 -50.5324 0.78125
0.155057 0.747503 0 -50.5324 0.78125
-0.347791 0.516426 0 -50.5324 0.78125
-0.55808 -0.0796711 0 -50.5324 0.78125
-0.237329 -0.608933 0 -50.5324 0.78125
0.274921 -0.748059 0 -50.5324 0.78125
0.696314 -0.59356 0 -50.5324 0.78125
0.942541 -0.282309 0 -50.5324 0.78125
0.994486 0.0889473 0 -50.5324 0.78125
0.849826 0.442116 0 -50.5324 0.78125
0.516354 0.693452 0 -50.5324 0.78125
0.0334458 0.728598 0 -50.5324 0.78125
-0.440628 0.402253 0 -50.5324 0.78125
-0.524313 -0.231614 0 -50.5324 0.78125
-0.119297 -0.676153 0 -50.5324 0.78125
0.386893 -0.732424 0 -50.5324 0.78125
0.770933 -0.530564 0 -50.5324 0.78125
0.972376 -0.197676 0 -50.5324 0.78125
0.978141 0.17617 0 -50.5324 0.78125
0.78798 0.513693 0 -50.5324 0.78125
0.413744 0.726263 0 -50.5324 0.78125
-0.08902 0.68935 0 -50.5324 0.78125
-0.511009 0.267775 0 -50.5324 0.78125
-0.460561 -0.370426 0 -50.5324 0.78125
0.00282704 -0.720786 0 -50.5324 0.78125
0.491519 -0.702802 0 -50.5324 0.78125
0.835363 -0.46054 0 -50.5324 0.78125
0.99142 -0.110847 0 -50.5324 0.78125
0.950995 0.261445 0 -50.5324 0.78125
0.715876 0.578568 0 -50.5324 0.78125
0.303483 0.745576 0 -50.5324 0.78125
-0.208517 0.627897 0 -50.5324 0.78125
-0.552704 0.118397 0 -50.5324 0.78125
-0.372693 -0.490021 0 -50.5324 0.78125
0.124954 -0.744575 0 -50.5324 0.78125
0.587721 -0.661085 0 -50.5324 0.78125
0.889364 -0.384754 0 -50.5324 0.78125
0.999639 -0.0228052 0 -50.5324 0.78125
0.913104 0.343761 0 -50.5324 0.78125
0.63383 0.635387 0 -50.5324 0.78125
0.186958 0.749379 0 -50.5324 0.78125
-0.320113 0.54304 0 -50.5324 0.78125
-0.561498 -0.0379698 0 -50.5324 0.78125
-0.267474 -0.587045 0 -50.5324 0.78125
0.244001 -0.749608 0 -50.5324 0.78125
0.674735 -0.608998 0 -50.5324 0.78125
0.93277 -0.304377 0 -50.5324 0.78125
0.997016 0.0654841 0 -50.5324 0.78125
0.864556 0.422058 0 -50.5324 0.78125
0.542291 0.682662 0 -50.5324 0.78125
0.0660928 0.735543 0 -50.5324 0.78125
-0.417786 0.434842 0 -50.5324 0.78125
-0.536448 -0.192067 0 -50.5324 0.78125
-0.151367 -0.660494 0 -50.5324 0.78125
0.357698 -0.738043 0 -50.5324 0.78125
0.752019 -0.548105 0 -50.5324 0.78125
0.965473 -0.220501 0 -50.5324 0.78125
0.983558 0.153061 0 -50.5324 0.78125
0.805486 0.495208 0 -50.5324 0.78125
0.441901 0.718754 0 -50.5324 0.78125
-0.0564759 0.701918 0 -50.5324 0.78125
-0.494812 0.305365 0 -50.5324 0.78125
-0.48019 -0.335086 0 -50.5324 0.78125
-0.0298891 -0.711003 0 -50.5324 0.78125
0.464404 -0.711959 0 -50.5324 0.78125
0.819193 -0.479827 0 -50.5324 0.78125
0.987399 -0.13416 0 -50.5324 0.78125
0.959288 0.238952 0 -50.5324 0.78125
0.736091 0.561997 0 -50.5324 0.78125
0.333564 0.741857 0 -50.5324 0.78125
-0.1772 0.646541 0 -50.5324 0.78125
-0.544679 0.159278 0 -50.5324 0.78125
-0.398102 -0.460244 0 -50.5324 0.78125
0.092577 -0.740154 0 -50.5324 0.78125
0.562939 -0.673292 0 -50.5324 0.78125
0.875994 -0.405459 0 -50.5324 0.78125
0.998507 -0.0463468 0 -50.5324 0.78125
0.924255 0.322158 0 -50.5324 0.78125
0.656658 0.621104 0 -50.5324 0.78125
0.218547 0.75 0 -50.5324 0.78125
-0.291449 0.567983 0 -50.5324 0.78125
-0.562489 0.00389555 0 -50.5324 0.78125
-0.29685 -0.563471 0 -50.5324 0.78125
0.212697 -0.749977 0 -50.5324 0.78125
0.652464 -0.623811 0 -50.5324 0.78125
0.922238 -0.326197 0 -50.5324 0.78125
0.998776 0.0419703 0 -50.5324 0.78125
0.878537 0.401634 0 -50.5324 0.78125
0.567597 0.671079 0 -50.5324 0.78125
0.0986137 0.741079 0 -50.5324 0.78125
-0.393475 0.465903 0 -50.5324 0.78125
-0.546348 -0.15172 0 -50.5324 0.78125
-0.183062 -0.643199 0 -50.5324 0.78125
0.328004 -0.74263 0 -50.5324 0.78125
0.732385 -0.565122 0 -50.5324 0.78125
0.957803 -0.243151 0 -50.5324 0.78125
0.988205 0.129831 0 -50.5324 0.78125
0.822257 0.476271 0 -50.5324 0.78125
0.469492 0.710322 0 -50.5324 0.78125
-0.0238066 0.712937 0 -50.5324 0.78125
-0.476675 0.34176 0 -50.5324 0.78125
-0.497975 -0.298461 0 -50.5324 0.78125
-0.0625409 -0.699699 0 -50.5324 0.78125
0.436706 -0.720222 0 -50.5324 0.78125
0.802285 -0.498681 0 -50.5324 0.78125
0.982609 -0.157369 0 -50.5324 0.78125
0.966815 0.216268 0 -50.5324 0.78125
0.755592 0.544881 0 -50.5324 0.78125
0.363167 0.737075 0 -50.5324 0.78125
-0.145428 0.66353 0 -50.5324 0.78125
-0.534358 0.199488 0 -50.5324 0.78125
-0.42215 -0.428894 0 -50.5324 0.78125
0.0600283 -0.734359 0 -50.5324 0.78125
0.537514 -0.68473 0 -50.5324 0.78125
0.861873 -0.425817 0 -50.5324 0.78125
0.996604 -0.0698526 0 -50.5324 0.78125
0.934645 0.30029 0 -50.5324 0.78125
0.678801 0.606173 0 -50.5324 0.78125
0.249782 0.749408 0 -50.5324 0.78125
-0.261921 0.591243 0 -50.5324 0.78125
-0.561046 0.045744 0 -50.5324 0.78125
-0.325339 -0.538215 0 -50.5324 0.78125
0.181047 -0.749126 0 -50.5324 0.78125
0.629509 -0.63797 0 -50.5324 0.78125
0.910946 -0.347748 0 -50.5324 0.78125
0.999764 0.018424 0 -50.5324 0.78125
0.891767 0.380866 0 -50.5324 0.78125
0.592259 0.658732 0 -50.5324 0.78125
0.130953 0.745249 0 -50.5324 0.78125
-0.367827 0.495382 0 -50.5324 0.78125
-0.553938 -0.110732 0 -50.5324 0.78125
-0.214284 -0.624246 0 -50.5324 0.78125
0.297838 -0.746147 0 -50.5324 0.78125
0.712038 -0.581588 0 -50.5324 0.78125
0.949369 -0.265606 0 -50.5324 0.78125
0.992083 0.106501 0 -50.5324 0.78125
0.838289 0.456906 0 -50.5324 0.78125
0.496496 0.701003 0 -50.5324 0.78125
0.00891365 0.722441 0 -50.5324 0.78125
-0.456717 0.376849 0 -50.5324 0.78125
-0.513799 -0.26066 0 -50.5324 0.78125
-0.0950531 -0.686839 0 -50.5324 0.78125
0.408445 -0.727555 0 -50.5324 0.78125
0.784643 -0.517079 0 -50.5324 0.78125
0.977049 -0.180454 0 -50.5324 0.78125
0.973575 0.193413 0 -50.5324 0.78125
0.774372 0.527246 0 -50.5324 0.78125
0.392266 0.731268 0 -50.5324 0.78125
-0.113298 0.678887 0 -50.5324 0.78125
-0.521817 0.238869 0 -50.5324 0.78125
-0.444704 -0.396028 0 -50.5324 0.78125
0.0273643 -0.727147 0 -50.5324 0.78125
0.511461 -0.695368 0 -50.5324 0.78125
0.847004 -0.445805 0 -50.5324 0.78125
0.993931 -0.0933044 0 -50.5324 0.78125
0.944274 0.278178 0 -50.5324 0.78125
0.70025 0.590622 0 -50.5324 0.78125
0.280626 0.747644 0 -50.5324 0.78125
-0.231646 0.612819 0 -50.5324 0.78125
-0.557178 0.087395 0 -50.5324 0.78125
-0.35282 -0.511293 0 -50.5324 0.78125
0.149093 -0.747013 0 -50.5324 0.78125
0.605879 -0.651445 0 -50.5324 0.78125
0.898897 -0.36901 0 -50.5324 0.78125
0.999982 -0.00513646 0 -50.5324 0.78125
0.904243 0.359777 0 -50.5324 0.78125
0.616264 0.645656 0 -50.5324 0.78125
0.16306 0.748092 0 -50.5324 0.78125
-0.34097 0.523235 0 -50.5324 0.78125
-0.559161 -0.0692709 0 -50.5324 0.78125
-0.244931 -0.603619 0 -50.5324 0.78125
0.267228 -0.748555 0 -50.5324 0.78125
0.690984 -0.597477 0 -50.5324 0.78125
0.94017 -0.287848 0 -50.5324 0.78125
0.995191 0.0830873 0 -50.5324 0.78125
0.853578 0.437137 0 -50.5324 0.78125
0.522897 0.690831 0 -50.5324 0.78125
0.0416161 0.730468 0 -50.5324 0.78125
-0.435063 0.41054 0 -50.5324 0.78125
-0.527552 -0.22181 0 -50.5324 0.78125
-0.127345 -0.672391 0 -50.5324 0.78125
0.379642 -0.733923 0 -50.5324 0.78125
0.766273 -0.534997 0 -50.5324 0.78125
0.970722 -0.203398 0 -50.5324 0.78125
0.979568 0.170405 0 -50.5324 0.78125
0.792425 0.509115 0 -50.5324 0.78125
0.420835 0.724475 0 -50.5324 0.78125
-0.0809 0.692639 0 -50.5324 0.78125
-0.507148 0.277278 0 -50.5324 0.78125
-0.465635 -0.361717 0 -50.5324 0.78125
-0.00535413 -0.718481 0 -50.5324 0.78125
0.484796 -0.705173 0 -50.5324 0.78125
0.83139 -0.465401 0 -50.5324 0.78125
0.990487 -0.116684 0 -50.5324 0.78125
0.95314 0.255841 0 -50.5324 0.78125
0.720997 0.574478 0 -50.5324 0.78125
0.311047 0.744748 0 -50.5324 0.78125
-0.200736 0.632714 0 -50.5324 0.78125
-0.550917 0.128671 0 -50.5324 0.78125
-0.379166 -0.482727 0 -50.5324 0.78125
0.116879 -0.743597 0 -50.5324 0.78125
0.581587 -0.664207 0 -50.5324 0.78125
0.886092 -0.389962 0 -50.5324 0.78125
0.999428 -0.028693 0 -50.5324 0.78125
0.915963 0.338386 0 -50.5324 0.78125
0.639601 0.631879 0 -50.5324 0.78125
0.194886 0.74965 0 -50.5324 0.78125
-0.313034 0.549433 0 -50.5324 0.78125
-0.561974 -0.0275118 0 -50.5324 0.78125
-0.274894 -0.581309 0 -50.5324 0.78125
0.236209 -0.749813 0 -50.5324 0.78125
0.669232 -0.612761 0 -50.5324 0.78125
0.930209 -0.309856 0 -50.5324 0.78125
0.997529 0.0596097 0 -50.5324 0.78125
0.868122 0.416985 0 -50.5324 0.78125
0.548677 0.67984 0 -50.5324 0.78125
0.0742371 0.737057 0 -50.5324 0.78125
-0.411841 0.442753 0 -50.5324 0.78125
-0.539135 -0.182049 0 -50.5324 0.78125
-0.15933 -0.656325 0 -50.5324 0.78125
0.350321 -0.739288 0 -50.5324 0.78125
0.747178 -0.552409 0 -50.5324 0.78125
0.963627 -0.226181 0 -50.5324 0.78125
0.984792 0.147264 0 -50.5324 0.78125
0.809748 0.490515 0 -50.5324 0.78125
0.448853 0.716731 0 -50.5324 0.78125
-0.0483173 0.704817 0 -50.5324 0.78125
-0.490455 0.314581 0 -50.5324 0.78125
-0.484814 -0.326046 0 -50.5324 0.78125
-0.038061 -0.708321 0 -50.5324 0.78125
0.457533 -0.71411 0 -50.5324 0.78125
0.815035 -0.484582 0 -50.5324 0.78125
0.986274 -0.139973 0 -50.5324 0.78125
0.961241 0.233298 0 -50.5324 0.78125
0.741034 0.557769 0 -50.5324 0.78125
0.341011 0.740759 0 -50.5324 0.78125
-0.169295 0.650943 0 -50.5324 0.78125
-0.542311 0.169399 0 -50.5324 0.78125
-0.404247 -0.452552 0 -50.5324 0.78125
0.0844538 -0.738836 0 -50.5324 0.78125
0.556642 -0.676225 0 -50.5324 0.78125
0.872534 -0.410582 0 -50.5324 0.78125
0.998103 -0.0522273 0 -50.5324 0.78125
0.926924 0.316715 0 -50.5324 0.78125
0.662259 0.617431 0 -50.5324 0.78125
0.22639 0.749964 0 -50.5324 0.78125
-0.284144 0.573956 0 -50.5324 0.78125
-0.562357 0.0143663 0 -50.5324 0.78125
-0.30406 -0.557314 0 -50.5324 0.78125
0.204815 -0.749881 0 -50.5324 0.78125
0.646789 -0.627413 0 -50.5324 0.78125
0.919486 -0.331611 0 -50.5324 0.78125
0.999095 0.036086 0 -50.5324 0.78125
0.881915 0.396473 0 -50.5324 0.78125
0.573824 0.668062 0 -50.5324 0.78125
0.106718 0.742248 0 -50.5324 0.78125
-0.387184 0.473423 0 -50.5324 0.78125
-0.548464 -0.141526 0 -50.5324 0.78125
-0.190916 -0.638617 0 -50.5324 0.78125
0.320506 -0.743611 0 -50.5324 0.78125
0.727365 -0.569291 0 -50.5324 0.78125
0.955766 -0.248784 0 -50.5324 0.78125
0.989247 0.124007 0 -50.5324 0.78125
0.826334 0.471469 0 -50.5324 0.78125
0.476299 0.708074 0 -50.5324 0.78125
-0.0156286 0.715453 0 -50.5324 0.78125
-0.471851 0.350658 0 -50.5324 0.78125
-0.502119 -0.289116 0 -50.5324 0.78125
-0.0706851 -0.696631 0 -50.5324 0.78125
0.429693 -0.722144 0 -50.5324 0.78125
0.797943 -0.503324 0 -50.5324 0.78125
0.981291 -0.163152 0 -50.5324 0.78125
0.968577 0.21057 0 -50.5324 0.78125
0.760355 0.54052 0 -50.5324 0.78125
0.37049 0.735717 0 -50.5324 0.78125
-0.137426 0.667521 0 -50.5324 0.78125
-0.531427 0.209417 0 -50.5324 0.78125
-0.427934 -0.420817 0 -50.5324 0.78125
0.0518708 -0.73269 0 -50.5324 0.78125
0.531059 -0.687466 0 -50.5324 0.78125
0.858226 -0.430849 0 -50.5324 0.78125
0.996008 -0.0757214 0 -50.5324 0.78125
0.937124 0.294784 0 -50.5324 0.78125
0.684229 0.602342 0 -50.5324 0.78125
0.257531 0.749075 0 -50.5324 0.78125
-0.254418 0.596795 0 -50.5324 0.78125
-0.560305 0.0561823 0 -50.5324 0.78125
-0.332309 -0.53164 0 -50.5324 0.78125
0.173085 -0.748718 0 -50.5324 0.78125
0.623664 -0.641404 0 -50.5324 0.78125
0.908005 -0.353091 0 -50.5324 0.78125
0.999891 0.0125345 0 -50.5324 0.78125
0.894957 0.375623 0 -50.5324 0.78125
0.598322 0.655531 0 -50.5324 0.78125
0.139003 0.746082 0 -50.5324 0.78125
-0.361221 0.502499 0 -50.5324 0.78125
-0.555468 -0.100404 0 -50.5324 0.78125
-0.222004 -0.619247 0 -50.5324 0.78125
0.290226 -0.746855 0 -50.5324 0.78125
0.706841 -0.585615 0 -50.5324 0.78125
0.947141 -0.271187 0 -50.5324 0.78125
0.992932 0.100654 0 -50.5324 0.78125
0.842181 0.452001 0 -50.5324 0.78125
0.503154 0.698538 0 -50.5324 0.78125
0.0170935 0.724585 0 -50.5324 0.78125
-0.451457 0.385406 0 -50.5324 0.78125
-0.517435 -0.251041 0 -50.5324 0.78125
-0.10315 -0.683377 0 -50.5324 0.78125
0.401294 -0.729239 0 -50.5324 0.78125
0.780119 -0.521605 0 -50.5324 0.78125
0.975539 -0.186204 0 -50.5324 0.78125
0.975145 0.187675 0 -50.5324 0.78125
0.778953 0.522758 0 -50.5324 0.78125
0.399458 0.729661 0 -50.5324 0.78125
-0.10522 0.682475 0 -50.5324 0.78125
-0.518345 0.248568 0 -50.5324 0.78125
-0.450094 -0.387582 0 -50.5324 0.78125
0.0191873 -0.725119 0 -50.5324 0.78125
0.504852 -0.697899 0 -50.5324 0.78125
0.84317 -0.450741 0 -50.5324 0.78125
0.993142 -0.0991568 0 -50.5324 0.78125
0.946562 0.272614 0 -50.5324 0.78125
0.705503 0.58664 0 -50.5324 0.78125
0.288273 0.747024 0 -50.5324 0.78125
-0.223974 0.61795 0 -50.5324 0.78125
-0.555835 0.0977559 0 -50.5324 0.78125
-0.359518 -0.504304 0 -50.5324 0.78125
0.141062 -0.746283 0 -50.5324 0.78125
0.599868 -0.654704 0 -50.5324 0.78125
0.895766 -0.374278 0 -50.5324 0.78125
0.999916 -0.0110267 0 -50.5324 0.78125
0.907244 0.354456 0 -50.5324 0.78125
0.622161 0.642276 0 -50.5324 0.78125
0.171044 0.7486 0 -50.5324 0.78125
-0.334083 0.52994 0 -50.5324 0.78125
-0.560091 -0.0588522 0 -50.5324 0.78125
-0.25249 -0.5982 0 -50.5324 0.78125
0.259511 -0.748979 0 -50.5324 0.78125
0.685612 -0.601355 0 -50.5324 0.78125
0.937751 -0.293373 0 -50.5324 0.78125
0.995848 0.0772232 0 -50.5324 0.78125
0.857284 0.432134 0 -50.5324 0.78125
0.529401 0.688158 0 -50.5324 0.78125
0.0497814 0.732249 0 -50.5324 0.78125
-0.429399 0.418734 0 -50.5324 0.78125
-0.530655 -0.21195 0 -50.5324 0.78125
-0.135374 -0.668527 0 -50.5324 0.78125
0.37236 -0.73536 0 -50.5324 0.78125
0.761567 -0.539399 0 -50.5324 0.78125
0.96902 -0.209109 0 -50.5324 0.78125
0.980946 0.164632 0 -50.5324 0.78125
0.796825 0.504508 0 -50.5324 0.78125
0.427892 0.722626 0 -50.5324 0.78125
-0.0727685 0.69583 0 -50.5324 0.78125
-0.50316 0.286712 0 -50.5324 0.78125
-0.470598 -0.352923 0 -50.5324 0.78125
-0.0135346 -0.716082 0 -50.5324 0.78125
0.478035 -0.70749 0 -50.5324 0.78125
0.827371 -0.470236 0 -50.5324 0.78125
0.989506 -0.122515 0 -50.5324 0.78125
0.955237 0.250224 0 -50.5324 0.78125
0.726073 0.570352 0 -50.5324 0.78125
0.318581 0.743851 0 -50.5324 0.78125
-0.192921 0.637427 0 -50.5324 0.78125
-0.548983 0.138911 0 -50.5324 0.78125
-0.38556 -0.475332 0 -50.5324 0.78125
0.10879 -0.742534 0 -50.5324 0.78125
0.575411 -0.667282 0 -50.5324 0.78125
0.882773 -0.395149 0 -50.5324 0.78125
0.999169 -0.0345793 0 -50.5324 0.78125
0.918774 0.332994 0 -50.5324 0.78125
0.645329 0.628328 0 -50.5324 0.78125
0.202794 0.749844 0 -50.5324 0.78125
-0.305897 0.555721 0 -50.5324 0.78125
-0.562298 -0.0170463 0 -50.5324 0.78125
-0.282265 -0.575468 0 -50.5324 0.78125
0.228394 -0.749943 0 -50.5324 0.78125
0.663686 -0.616484 0 -50.5324 0.78125
0.927599 -0.315319 0 -50.5324 0.78125
0.997992 0.0537324 0 -50.5324 0.78125
0.87164 0.41189 0 -50.5324 0.78125
0.555024 0.676968 0 -50.5324 0.78125
0.0823726 0.738485 0 -50.5324 0.78125
-0.405806 0.450567 0 -50.5324 0.78125
-0.541682 -0.171983 0 -50.5324 0.78125
-0.167268 -0.652053 0 -50.5324 0.78125
0.342912 -0.740468 0 -50.5324 0.78125
0.742292 -0.556681 0 -50.5324 0.78125
0.961734 -0.231849 0 -50.5324 0.78125
0.985978 0.14146 0 -50.5324 0.78125
0.813964 0.485795 0 -50.5324 0.78125
0.455769 0.714651 0 -50.5324 0.78125
-0.0401522 0.707619 0 -50.5324 0.78125
-0.485979 0.323719 0 -50.5324 0.78125
-0.489321 -0.316927 0 -50.5324 0.78125
-0.0462276 -0.705543 0 -50.5324 0.78125
0.450627 -0.716204 0 -50.5324 0.78125
0.810831 -0.489309 0 -50.5324 0.78125
0.9851 -0.145779 0 -50.5324 0.78125
0.963147 0.227633 0 -50.5324 0.78125
0.745931 0.553506 0 -50.5324 0.78125
0.348427 0.739596 0 -50.5324 0.78125
-0.161364 0.655241 0 -50.5324 0.78125
-0.539801 0.179477 0 -50.5324 0.78125
-0.410305 -0.444763 0 -50.5324 0.78125
0.0763207 -0.737431 0 -50.5324 0.78125
0.550306 -0.679109 0 -50.5324 0.78125
0.869027 -0.415683 0 -50.5324 0.78125
0.997652 -0.0581053 0 -50.5324 0.78125
0.929545 0.311256 0 -50.5324 0.78125
0.667816 0.613718 0 -50.5324 0.78125
0.234211 0.749853 0 -50.5324 0.78125
-0.276786 0.579824 0 -50.5324 0.78125
-0.562072 0.0248332 0 -50.5324 0.78125
-0.311213 -0.551053 0 -50.5324 0.78125
0.196913 -0.749707 0 -50.5324 0.78125
0.641071 -0.630974 0 -50.5324 0.78125
0.916687 -0.337007 0 -50.5324 0.78125
0.999366 0.0302 0 -50.5324 0.78125
0.885246 0.391292 0 -50.5324 0.78125
0.58001 0.664999 0 -50.5324 0.78125
0.114809 0.743333 0 -50.5324 0.78125
-0.38081 0.480843 0 -50.5324 0.78125
-0.550436 -0.131296 0 -50.5324 0.78125
-0.198738 -0.633931 0 -50.5324 0.78125
0.312978 -0.744525 0 -50.5324 0.78125
0.7223 -0.573425 0 -50.5324 0.78125
0.953682 -0.254404 0 -50.5324 0.78125
0.990241 0.118177 0 -50.5324 0.78125
0.830366 0.466641 0 -50.5324 0.78125
0.483068 0.705771 0 -50.5324 0.78125
-0.00744845 0.717876 0 -50.5324 0.78125
-0.466916 0.359473 0 -50.5324 0.78125
-0.506139 -0.2797 0 -50.5324 0.78125
-0.0788194 -0.693466 0 -50.5324 0.78125
0.422645 -0.724007 0 -50.5324 0.78125
0.793556 -0.507939 0 -50.5324 0.78125
0.979925 -0.168928 0 -50.5324 0.78125
0.970291 0.204861 0 -50.5324 0.78125
0.765072 0.536127 0 -50.5324 0.78125
0.377781 0.734297 0 -50.5324 0.78125
-0.129402 0.671411 0 -50.5324 0.78125
-0.528359 0.219291 0 -50.5324 0.78125
-0.433622 -0.412646 0 -50.5324 0.78125
0.043707 -0.730932 0 -50.5324 0.78125
0.524565 -0.690152 0 -50.5324 0.78125
0.854532 -0.435858 0 -50.5324 0.78125
0.995364 -0.0815864 0 -50.5324 0.78125
0.939555 0.289264 0 -50.5324 0.78125
0.689613 0.598473 0 -50.5324 0.78125
0.265255 0.74867 0 -50.5324 0.78125
-0.24687 0.602242 0 -50.5324 0.78125
-0.559413 0.0666054 0 -50.5324 0.78125
-0.339214 -0.524961 0 -50.5324 0.78125
0.165105 -0.74823 0 -50.5324 0.78125
0.617778 -0.644795 0 -50.5324 0.78125
0.905016 -0.358416 0 -50.5324 0.78125
0.999969 0.00664441 0 -50.5324 0.78125
0.8981 0.37036 0 -50.5324 0.78125
0.604344 0.652283 0 -50.5324 0.78125
0.147038 0.746834 0 -50.5324 0.78125
-0.354541 0.509514 0 -50.5324 0.78125
-0.556848 -0.0900497 0 -50.5324 0.78125
-0.229686 -0.614142 0 -50.5324 0.78125
0.282586 -0.747492 0 -50.5324 0.78125
0.701599 -0.589606 0 -50.5324 0.78125
0.944865 -0.276755 0 -50.5324 0.78125
0.993733 0.0948031 0 -50.5324 0.78125
0.846027 0.447071 0 -50.5324 0.78125
0.509773 0.696021 0 -50.5324 0.78125
0.0252712 0.726637 0 -50.5324 0.78125
-0.446094 0.393874 0 -50.5324 0.78125
-0.520941 -0.241358 0 -50.5324 0.78125
-0.111232 -0.679815 0 -50.5324 0.78125
0.39411 -0.730862 0 -50.5324 0.78125
0.775549 -0.5261 0 -50.5324 0.78125
0.973981 -0.191945 0 -50.5324 0.78125
0.976667 0.181927 0 -50.5324 0.78125
0.78349 0.518241 0 -50.5324 0.78125
0.406618 0.727992 0 -50.5324 0.78125
-0.0971273 0.685962 0 -50.5324 0.78125
-0.514742 0.258204 0 -50.5324 0.78125
-0.45538 -0.379048 0 -50.5324 0.78125
0.0110079 -0.722998 0 -50.5324 0.78125
0.498204 -0.700377 0 -50.5324 0.78125
0.83929 -0.455653 0 -50.5324 0.78125
0.992305 -0.105004 0 -50.5324 0.78125
0.948803 0.267036 0 -50.5324 0.78125
0.710712 0.582622 0 -50.5324 0.78125
0.295892 0.746335 0 -50.5324 0.78125
-0.216264 0.622976 0 -50.5324 0.78125
-0.554344 0.108091 0 -50.5324 0.78125
-0.366143 -0.497213 0 -50.5324 0.78125
0.133015 -0.74547 0 -50.5324 0.78125
0.593815 -0.657917 0 -50.5324 0.78125
0.892588 -0.379526 0 -50.5324 0.78125
0.999801 -0.0169163 0 -50.5324 0.78125
0.910198 0.349118 0 -50.5324 0.78125
0.628016 0.638853 0 -50.5324 0.78125
0.179011 0.749029 0 -50.5324 0.78125
-0.32713 0.536542 0 -50.5324 0.78125
-0.56087 -0.0484175 0 -50.5324 0.78125
-0.260005 -0.592675 0 -50.5324 0.78125
0.251768 -0.74933 0 -50.5324 0.78125
0.680195 -0.605196 0 -50.5324 0.78125
0.935284 -0.298882 0 -50.5324 0.78125
0.996456 0.0713554 0 -50.5324 0.78125
0.860943 0.427107 0 -50.5324 0.78125
0.535865 0.685436 0 -50.5324 0.78125
0.0579406 0.73394 0 -50.5324 0.78125
-0.42364 0.426835 0 -50.5324 0.78125
-0.53362 -0.202034 0 -50.5324 0.78125
-0.143381 -0.664562 0 -50.5324 0.78125
0.365045 -0.736733 0 -50.5324 0.78125
0.756815 -0.543768 0 -50.5324 0.78125
0.96727 -0.21481 0 -50.5324 0.78125
0.982276 0.15885 0 -50.5324 0.78125
0.801178 0.499872 0 -50.5324 0.78125
0.434914 0.720719 0 -50.5324 0.78125
-0.0646267 0.698923 0 -50.5324 0.78125
-0.499048 0.296075 0 -50.5324 0.78125
-0.475451 -0.344045 0 -50.5324 0.78125
-0.0217133 -0.71359 0 -50.5324 0.78125
0.471238 -0.709752 0 -50.5324 0.78125
0.823305 -0.475044 0 -50.5324 0.78125
0.988477 -0.128341 0 -50.5324 0.78125
0.957286 0.244594 0 -50.5324 0.78125
0.731104 0.566192 0 -50.5324 0.78125
0.326087 0.742888 0 -50.5324 0.78125
-0.185075 0.642036 0 -50.5324 0.78125
-0.546903 0.149114 0 -50.5324 0.78125
-0.391873 -0.467838 0 -50.5324 0.78125
0.100689 -0.741387 0 -50.5324 0.78125
0.569195 -0.670311 0 -50.5324 0.78125
0.879407 -0.400315 0 -50.5324 0.78125
0.998862 -0.0404641 0 -50.5324 0.78125
0.921538 0.327584 0 -50.5324 0.78125
0.651015 0.624737 0 -50.5324 0.78125
0.210681 0.74996 0 -50.5324 0.78125
-0.298701 0.561905 0 -50.5324 0.78125
-0.56247 -0.00657628 0 -50.5324 0.78125
-0.289584 -0.569522 0 -50.5324 0.78125
0.220557 -0.749998 0 -50.5324 0.78125
0.658096 -0.620168 0 -50.5324 0.78125
0.924942 -0.320766 0 -50.5324 0.78125
0.998408 0.0478525 0 -50.5324 0.78125
0.875112 0.406773 0 -50.5324 0.78125
0.561331 0.674047 0 -50.5324 0.78125
0.0904984 0.739825 0 -50.5324 0.78125
-0.399684 0.458284 0 -50.5324 0.78125
-0.544087 -0.161873 0 -50.5324 0.78125
-0.175179 -0.647678 0 -50.5324 0.78125
0.335473 -0.741582 0 -50.5324 0.78125
0.737361 -0.560918 0 -50.5324 0.78125
0.959792 -0.237506 0 -50.5324 0.78125
0.987116 0.135649 0 -50.5324 0.78125
0.818133 0.481046 0 -50.5324 0.78125
0.462648 0.712515 0 -50.5324 0.78125
-0.0319816 0.710326 0 -50.5324 0.78125
-0.481385 0.332779 0 -50.5324 0.78125
-0.493708 -0.307732 0 -50.5324 0.78125
-0.054388 -0.70267 0 -50.5324 0.78125
0.443684 -0.718242 0 -50.5324 0.78125
0.806581 -0.494009 0 -50.5324 0.78125
0.983878 -0.151577 0 -50.5324 0.78125
0.965005 0.221956 0 -50.5324 0.78125
0.750784 0.54921 0 -50.5324 0.78125
0.355813 0.738368 0 -50.5324 0.78125
-0.153408 0.659437 0 -50.5324 0.78125
-0.537149 0.189507 0 -50.5324 0.78125
-0.416273 -0.436876 0 -50.5324 0.78125
0.0681786 -0.735939 0 -50.5324 0.78125
0.54393 -0.681944 0 -50.5324 0.78125
0.865473 -0.420761 0 -50.5324 0.78125
0.997152 -0.0639805 0 -50.5324 0.78125
0.932119 0.305781 0 -50.5324 0.78125
0.67333 0.609965 0 -50.5324 0.78125
0.242008 0.749668 0 -50.5324 0.78125
-0.269378 0.585586 0 -50.5324 0.78125
-0.561635 0.0352934 0 -50.5324 0.78125
-0.318307 -0.544686 0 -50.5324 0.78125
0.18899 -0.749456 0 -50.5324 0.78125
0.635311 -0.634493 0 -50.5324 0.78125
0.91384 -0.342387 0 -50.5324 0.78125
0.999589 0.0243126 0 -50.5324 0.78125
0.88853 0.386089 0 -50.5324 0.78125
0.586155 0.661889 0 -50.5324 0.78125
0.122888 0.744333 0 -50.5324 0.78125
-0.374357 0.488163 0 -50.5324 0.78125
-0.552261 -0.12103 0 -50.5324 0.78125
-0.206528 -0.629141 0 -50.5324 0.78125
0.305422 -0.74537 0 -50.5324 0.78125
0.717191 -0.577524 0 -50.5324 0.78125
0.951549 -0.260012 0 -50.5324 0.78125
0.991186 0.112342 0 -50.5324 0.78125
0.834351 0.461787 0 -50.5324 0.78125
0.489801 0.703414 0 -50.5324 0.78125
0.000732645 0.720205 0 -50.5324 0.78125
-0.46187 0.368204 0 -50.5324 0.78125
-0.510033 -0.270214 0 -50.5324 0.78125
-0.0869425 -0.690202 0 -50.5324 0.78125
0.415562 -0.725811 0 -50.5324 0.78125
0.789122 -0.512524 0 -50.5324 0.78125
0.978511 -0.174695 0 -50.5324 0.78125
0.971957 0.199142 0 -50.5324 0.78125
0.769745 0.531702 0 -50.5324 0.78125
0.38504 0.732814 0 -50.5324 0.78125
-0.121359 0.6752 0 -50.5324 0.78125
-0.525155 0.22911 0 -50.5324 0.78125
-0.439213 -0.404383 0 -50.5324 0.78125
0.0355378 -0.729085 0 -50.5324 0.78125
0.518033 -0.692786 0 -50.5324 0.78125
0.850791 -0.440844 0 -50.5324 0.78125
0.994671 -0.0874476 0 -50.5324 0.78125
0.941939 0.283728 0 -50.5324 0.78125
0.694954 0.594566 0 -50.5324 0.78125
0.272954 0.748193 0 -50.5324 0.78125
-0.239279 0.607583 0 -50.5324 0.78125
-0.558371 0.0770106 0 -50.5324 0.78125
-0.346051 -0.518179 0 -50.5324 0.78125
0.157108 -0.747662 0 -50.5324 0.78125
0.611849 -0.648142 0 -50.5324 0.78125
0.90198 -0.363723 0 -50.5324 0.78125
1 0.000753992 0 -50.5324 0.78125
0.901195 0.365078 0 -50.5324 0.78125
0.610325 0.648992 0 -50.5324 0.78125
0.155057 0.747503 0 -50.5324 0.78125
-0.347791 0.516426 0 -50.5324 0.78125
-0.55808 -0.0796711 0 -50.5324 0.78125
-0.237329 -0.608933 0 -50.5324 0.78125
0.274921 -0.748059 0 -50.5324 0.78125
0.696314 -0.59356 0 -50.5324 0.78125
0.942541 -0.282309 0 -50.5324 0.78125
0.994486 0.0889473 0 -50.5324 0.78125
0.849826 0.442116 0 -50.5324 0.78125
0.516354 0.693452 0 -50.5324 0.78125
0.0334458 0.728598 0 -50.5324 0.78125
-0.440628 0.402253 0 -50.5324 0.78125
-0.524313 -0.231614 0 -50.5324 0.78125
-0.119297 -0.676153 0 -50.5324 0.78125
0.386893 -0.732424 0 -50.5324 0.78125
0.770933 -0.530564 0 -50.5324 0.78125
0.972376 -0.197676 0 -50.5324 0.78125
0.978141 0.17617 0 -50.5324 0.78125
0.78798 0.513693 0 -50.5324 0.78125
0.413744 0.726263 0 -50.5324 0.78125
-0.08902 0.68935 0 -50.5324 0.78125
-0.511009 0.267775 0 -50.5324 0.78125
-0.460561 -0.370426 0 -50.5324 0.78125
0.00282704 -0.720786 0 -50.5324 0.78125
0.491519 -0.702802 0 -50.5324 0.78125
0.835363 -0.46054 0 -50.5324 0.78125
0.99142 -0.110847 0 -50.5324 0.78125
0.950995 0.261445 0 -50.5324 0.78125
0.715876 0.578568 0 -50.5324 0.78125
0.303483 0.745576 0 -50.5324 0.78125
-0.208517 0.627897 0 -50.5324 0.78125
-0.552704 0.118397 0 -50.5324 0.78125
-0.372693 -0.490021 0 -50.5324 0.78125
0.124954 -0.744575 0 -50.5324 0.78125
0.587721 -0.661085 0 -50.5324 0.78125
0.889364 -0.384754 0 -50.5324 0.78125
0.999639 -0.0228052 0 -50.5324 0.78125
0.913104 0.343761 0 -50.5324 0.78125
0.63383 0.635387 0 -50.5324 0.78125
0.186958 0.749379 0 -50.5324 0.78125
-0.320113 0.54304 0 -50.5324 0.78125
-0.561498 -0.0379698 0 -50.5324 0.78125
-0.267474 -0.587045 0 -50.5324 0.78125
0.244001 -0.749608 0 -50.5324 0.78125
0.674735 -0.608998 0 -50.5324 0.78125
0.93277 -0.304377 0 -50.5324 0.78125
0.997016 0.0654841 0 -50.5324 0.78125
0.864556 0.422058 0 -50.5324 0.78125
0.542291 0.682662 0 -50.5324 0.78125
0.0660928 0.735543 0 -50.5324 0.78125
-0.417786 0.434842 0 -50.5324 0.78125
-0.536448 -0.192067 0 -50.5324 0.78125
-0.151367 -0.660494 0 -50.5324 0.78125
0.357698 -0.738043 0 -50.5324 0.78125
0.752019 -0.548105 0 -50.5324 0.78125
0.965473 -0.220501 0 -50.5324 0.78125
0.983558 0.153061 0 -50.5324 0.78125
0.805486 0.495208 0 -50.5324 0.78125
0.441901 0.718754 0 -50.5324 0.78125
-0.0564759 0.701918 0 -50.5324 0.78125
-0.494812 0.305365 0 -50.5324 0.78125
-0.48019 -0.335086 0 -50.5324 0.78125
-0.0298891 -0.711003 0 -50.5324 0.78125
0.464404 -0.711959 0 -50.5324 0.78125
0.819193 -0.479827 0 -50.5324 0.78125
0.987399 -0.13416 0 -50.5324 0.78125
0.959288 0.238952 0 -50.5324 0.78125
0.736091 0.561997 0 -50.5324 0.78125
0.333564 0.741857 0 -50.5324 0.78125
-0.1772 0.646541 0 -50.5324 0.78125
-0.544679 0.159278 0 -50.5324 0.78125
-0.398102 -0.460244 0 -50.5324 0.78125
0.092577 -0.740154 0 -50.5324 0.78125
0.562939 -0.673292 0 -50.5324 0.78125
0.875994 -0.405459 0 -50.5324 0.78125
0.998507 -0.0463468 0 -50.5324 0.78125
0.924255 0.322158 0 -50.5324 0.78125
0.656658 0.621104 0 -50.5324 0.78125
0.218547 0.75 0 -50.5324 0.78125
-0.291449 0.567983 0 -50.5324 0.78125
-0.562489 0.00389555 0 -50.5324 0.78125
-0.29685 -0.563471 0 -50.5324 0.78125
0.212697 -0.749977 0 -50.5324 0.78125
0.652464 -0.623811 0 -50.5324 0.78125
0.922238 -0.326197 0 -50.5324 0.78125
0.998776 0.0419703 0 -50.5324 0.78125
0.878537 0.401634 0 -50.5324 0.78125
0.567597 0.671079 0 -50.5324 0.78125
0.0986137 0.741079 0 -50.5324 0.78125
-0.393475 0.465903 0 -50.5324 0.78125
-0.546348 -0.15172 0 -50.5324 0.78125
-0.183062 -0.643199 0 -50.5324 0.78125
0.328004 -0.74263 0 -50.5324 0.78125
0.732385 -0.565122 0 -50.5324 0.78125
0.957803 -0.243151 0 -50.5324 0.78125
0.988205 0.129831 0 -50.5324 0.78125
0.822257 0.476271 0 -50.5324 0.78125
0.469492 0.710322 0 -50.5324 0.78125
-0.0238066 0.712937 0 -50.5324 0.78125
-0.476675 0.34176 0 -50.5324 0.78125
-0.497975 -0.298461 0 -50.5324 0.78125
-0.0625409 -0.699699 0 -50.5324 0.78125
0.436706 -0.720222 0 -50.5324 0.78125
0.802285 -0.498681 0 -50.5324 0.78125
0.982609 -0.157369 0 -50.5324 0.78125
0.966815 0.216268 0 -50.5324 0.78125
0.755592 0.544881 0 -50.5324 0.78125
0.363167 0.737075 0 -50.5324 0.78125
-0.145428 0.66353 0 -50.5324 0.78125
-0.534358 0.199488 0 -50.5324 0.78125
-0.42215 -0.428894 0 -50.5324 0.78125
0.0600283 -0.734359 0 -50.5324 0.78125
0.537514 -0.68473 0 -50.5324 0.78125
0.861873 -0.425817 0 -50.5324 0.78125
0.996604 -0.0698526 0 -50.5324 0.78125
0.934645 0.30029 0 -50.5324 0.78125
0.678801 0.606173 0 -50.5324 0.78125
0.249782 0.749408 0 -50.5324 0.78125
-0.261921 0.591243 0 -50.5324 0.78125
-0.561046 0.045744 0 -50.5324 0.78125
-0.325339 -0.538215 0 -50.5324 0.78125
0.181047 -0.749126 0 -50.5324 0.78125
