0.015910 4.442883 -14.804407 -0.000000
7.983738 4.456319 -14.804407 -0.000000
16.029040 4.496534 -14.804411 -0.000000
24.231743 4.563559 -14.804422 -0.000000
32.677047 4.657419 -14.804445 -0.000000
41.458156 4.778057 -14.804482 -0.000000
50.678990 4.925213 -14.804540 -0.000000
60.456560 5.098180 -14.804623 -0.000000
70.922238 5.295410 -14.804734 -0.000000
82.220381 5.513852 -14.804876 -0.000000
94.501438 5.747978 -14.805047 -0.000000
107.905021 5.988487 -14.805233 -0.000000
122.527432 6.220976 -14.805414 -0.000000
138.371054 6.425424 -14.805559 -0.000000
155.284922 6.577958 -14.805642 -0.000000
172.927136 6.656158 -14.805666 -0.000000
190.792407 6.646797 -14.805668 -0.000000
208.319747 6.551538 -14.805703 -0.000000
225.031778 6.386175 -14.805800 -0.000000
240.627317 6.174043 -14.805954 -0.000000
254.992171 5.938521 -14.806138 -0.000000
268.153357 5.698490 -14.806323 -0.000000
280.219808 5.467189 -14.806487 -0.000000
291.335407 5.253007 -14.806623 -0.000000
301.650220 5.060852 -14.806728 -0.000000
311.306137 4.893387 -14.806805 -0.000000
320.431461 4.751940 -14.806858 -0.000000
329.140269 4.637094 -14.806892 -0.000000
337.534011 4.549049 -14.806911 -0.000000
345.703989 4.487834 -14.806921 -0.000000
353.734091 4.453417 -14.806924 -0.000000
1.703511 4.445764 -14.806924 -0.000000
9.689389 4.464863 -14.806925 -0.000000
17.769418 4.510731 -14.806930 -0.000000
26.024449 4.583401 -14.806943 -0.000000
34.541170 4.682883 -14.806968 -0.000000
43.414834 4.809086 -14.807010 -0.000000
52.751928 4.961669 -14.807072 -0.000000
62.672368 5.139780 -14.807161 -0.000000
73.310344 5.341598 -14.807278 -0.000000
84.812022 5.563625 -14.807427 -0.000000
97.326892 5.799630 -14.807601 -0.000000
110.987960 6.039317 -14.807788 -0.000000
125.875430 6.267090 -14.807963 -0.000000
141.963024 6.461895 -14.808095 -0.000000
159.060272 6.599693 -14.808163 -0.000000
176.785814 6.659475 -14.808178 -0.000000
194.612825 6.630973 -14.808184 -0.000000
211.989079 6.519191 -14.808230 -0.000000
228.471520 6.342139 -14.808340 -0.000000
243.801454 6.123631 -14.808503 -0.000000
257.899794 5.886254 -14.808688 -0.000000
270.815430 5.647638 -14.808869 -0.000000
282.667507 5.419862 -14.809027 -0.000000
293.602546 5.210449 -14.809156 -0.000000
303.769274 5.023736 -14.809254 -0.000000
313.306616 4.862045 -14.809325 -0.000000
322.339579 4.726509 -14.809374 -0.000000
330.979232 4.617614 -14.809404 -0.000000
339.324556 4.535514 -14.809421 -0.000000
347.465004 4.480222 -14.809429 -0.000000
355.483232 4.451704 -14.809431 -0.000000
3.457791 4.449930 -14.809431 -0.000000
11.465761 4.474896 -14.809433 -0.000000
19.585337 4.526623 -14.809439 -0.000000
27.898453 4.605140 -14.809455 -0.000000
36.493459 4.710440 -14.809483 -0.000000
45.467852 4.842387 -14.809529 -0.000000
54.930865 5.000547 -14.809596 -0.000000
65.005446 5.183889 -14.809691 -0.000000
75.828567 5.390282 -14.809815 -0.000000
87.547810 5.615708 -14.809969 -0.000000
100.310678 5.853145 -14.810147 -0.000000
114.241524 6.091210 -14.810333 -0.000000
129.401241 6.313066 -14.810500 -0.000000
145.731064 6.496725 -14.810618 -0.000000
162.998452 6.618281 -14.810672 -0.000000
180.783756 6.658574 -14.810680 -0.000000
198.544183 6.610611 -14.810691 -0.000000
215.743320 6.482705 -14.810750 -0.000000
231.976990 6.294767 -14.810874 -0.000000
247.029702 6.070760 -14.811043 -0.000000
260.855814 5.832290 -14.811229 -0.000000
273.523919 5.595683 -14.811405 -0.000000
285.161696 5.371879 -14.811557 -0.000000
295.917269 5.167576 -14.811678 -0.000000
305.937489 4.986581 -14.811770 -0.000000
315.358084 4.830899 -14.811835 -0.000000
324.300697 4.701491 -14.811879 -0.000000
332.873405 4.598752 -14.811906 -0.000000
341.172781 4.522798 -14.811920 -0.000000
349.286510 4.473628 -14.811926 -0.000000
357.296108 4.451209 -14.811928 -0.000000
5.279600 4.455516 -14.811928 -0.000000
13.314128 4.486553 -14.811930 -0.000000
21.478543 4.544341 -14.811939 -0.000000
29.856024 4.628906 -14.811957 -0.000000
38.536779 4.740215 -14.811988 -0.000000
47.620744 4.878078 -14.812039 -0.000000
57.220080 5.041948 -14.812112 -0.000000
67.460863 5.230582 -14.812213 -0.000000
78.482737 5.441485 -14.812344 -0.000000
90.434158 5.670047 -14.812504 -0.000000
103.459326 5.908357 -14.812684 -0.000000
117.671509 6.143853 -14.812868 -0.000000
133.108662 6.358439 -14.813025 -0.000000
149.675622 6.529335 -14.813128 -0.000000
167.095822 6.633144 -14.813168 -0.000000
184.913792 6.653015 -14.813172 -0.000000
202.577471 6.585486 -14.813191 -0.000000
219.573461 6.442048 -14.813265 -0.000000
235.540306 6.244155 -14.813400 -0.000000
250.305641 6.015586 -14.813576 -0.000000
263.855148 5.776801 -14.813760 -0.000000
276.274833 5.542797 -14.813931 -0.000000
287.699244 5.323405 -14.814075 -0.000000
298.277135 5.124548 -14.814189 -0.000000
308.152995 4.949540 -14.814274 -0.000000
317.459160 4.800100 -14.814334 -0.000000
326.313870 4.677032 -14.814373 -0.000000
334.822247 4.580651 -14.814397 -0.000000
343.078532 4.511042 -14.814409 -0.000000
351.168734 4.468193 -14.814413 -0.000000
359.173341 4.452073 -14.814414 -0.000000
7.169974 4.462663 -14.814415 -0.000000
15.235981 4.499972 -14.814418 -0.000000
23.451024 4.564023 -14.814428 -0.000000
31.899717 4.654832 -14.814449 -0.000000
40.674321 4.772336 -14.814485 -0.000000
49.877420 4.916275 -14.814540 -0.000000
59.624273 5.085967 -14.814619 -0.000000
70.044147 5.279919 -14.814727 -0.000000
81.279143 5.495212 -14.814865 -0.000000
93.477858 5.726558 -14.815030 -0.000000
106.779552 5.965054 -14.815213 -0.000000
121.283524 6.196874 -14.815392 -0.000000
137.000785 6.402674 -14.815538 -0.000000
153.795923 6.559102 -14.815625 -0.000000
171.347284 6.643701 -14.815652 -0.000000
189.167491 6.642397 -14.815655 -0.000000
206.702920 6.555429 -14.815684 -0.000000
223.470235 6.397246 -14.815773 -0.000000
239.153659 6.190438 -14.815920 -0.000000
253.623066 5.958287 -14.816099 -0.000000
266.892973 5.719975 -14.816281 -0.000000
279.064432 5.489159 -14.816446 -0.000000
290.277251 5.274611 -14.816582 -0.000000
300.679908 5.081527 -14.816689 -0.000000
310.414104 4.912771 -14.816767 -0.000000
319.608633 4.769801 -14.816822 -0.000000
328.378315 4.653281 -14.816857 -0.000000
336.825378 4.563460 -14.816877 -0.000000
345.041818 4.500393 -14.816887 -0.000000
353.112077 4.464063 -14.816890 -0.000000
1.115741 4.454440 -14.816891 -0.000000
9.130160 4.471513 -14.816891 -0.000000
17.233042 4.515294 -14.816896 -0.000000
25.505039 4.585808 -14.816909 -0.000000
34.032394 4.683054 -14.816933 -0.000000
42.909634 4.806931 -14.816973 -0.000000
52.242199 4.957094 -14.817033 -0.000000
62.148603 5.132695 -14.817119 -0.000000
72.761306 5.331950 -14.817233 -0.000000
84.224539 5.551444 -14.817378 -0.000000
96.686056 5.785116 -14.817548 -0.000000
110.278160 6.022965 -14.817732 -0.000000
125.082817 6.249829 -14.817905 -0.000000
141.079757 6.445174 -14.818037 -0.000000
158.089753 6.585364 -14.818108 -0.000000
175.746174 6.649384 -14.818125 -0.000000
193.535203 6.626370 -14.818129 -0.000000
210.910132 6.520342 -14.818171 -0.000000
227.424255 6.348383 -14.818275 -0.000000
242.809406 6.133792 -14.818432 -0.000000
256.976057 5.899067 -14.818614 -0.000000
269.964763 5.662012 -14.818792 -0.000000
281.889253 5.434961 -14.818950 -0.000000
292.893060 5.225676 -14.819079 -0.000000
303.123569 5.038683 -14.819178 -0.000000
312.719329 4.876436 -14.819249 -0.000000
321.805474 4.740158 -14.819298 -0.000000
330.493426 4.630392 -14.819329 -0.000000
338.882589 4.547329 -14.819347 -0.000000
347.062824 4.491001 -14.819355 -0.000000
355.117130 4.461385 -14.819357 -0.000000
3.124320 4.458457 -14.819357 -0.000000
11.161630 4.482212 -14.819358 -0.000000
19.307293 4.532666 -14.819365 -0.000000
27.643142 4.609839 -14.819380 -0.000000
36.257257 4.713710 -14.819407 -0.000000
45.246657 4.844129 -14.819452 -0.000000
54.719842 5.000646 -14.819518 -0.000000
64.798716 5.182216 -14.819611 -0.000000
75.618859 5.386707 -14.819733 -0.000000
87.326136 5.610131 -14.819884 -0.000000
100.066196 5.845549 -14.820059 -0.000000
113.961912 6.081753 -14.820241 -0.000000
129.074060 6.302196 -14.820406 -0.000000
145.346528 6.485272 -14.820523 -0.000000
162.553254 6.607437 -14.820578 -0.000000
180.284207 6.649649 -14.820586 -0.000000
198.006156 6.604653 -14.820596 -0.000000
215.188236 6.480196 -14.820652 -0.000000
231.426154 6.295598 -14.820771 -0.000000
246.500171 6.074428 -14.820936 -0.000000
260.359025 5.838151 -14.821119 -0.000000
273.066319 5.603127 -14.821293 -0.000000
284.746122 5.380397 -14.821443 -0.000000
295.544272 5.176781 -14.821564 -0.000000
305.606329 4.996186 -14.821655 -0.000000
315.067387 4.840697 -14.821720 -0.000000
324.048848 4.711331 -14.821764 -0.000000
332.658779 4.608523 -14.821791 -0.000000
340.993857 4.532413 -14.821806 -0.000000
349.141928 4.483018 -14.821812 -0.000000
357.184682 4.460312 -14.821813 -0.000000
5.200313 4.464277 -14.821813 -0.000000
13.266102 4.494911 -14.821816 -0.000000
21.460995 4.552235 -14.821824 -0.000000
29.868207 4.636260 -14.821842 -0.000000
38.577880 4.746939 -14.821873 -0.000000
47.689755 4.884058 -14.821923 -0.000000
57.315592 5.047038 -14.821995 -0.000000
67.580776 5.234599 -14.822095 -0.000000
78.623841 5.444199 -14.822224 -0.000000
90.591591 5.671185 -14.822382 -0.000000
103.625942 5.907629 -14.822560 -0.000000
117.837371 6.141009 -14.822740 -0.000000
133.261109 6.353377 -14.822894 -0.000000
149.800578 6.522247 -14.822995 -0.000000
167.180742 6.624622 -14.823034 -0.000000
184.951472 6.644004 -14.823038 -0.000000
202.568592 6.577043 -14.823056 -0.000000
219.526073 6.435041 -14.823128 -0.000000
235.466728 6.239083 -14.823261 -0.000000
250.218928 6.012589 -14.823433 -0.000000
263.766768 5.775781 -14.823614 -0.000000
276.193794 5.543540 -14.823783 -0.000000
287.632178 5.325671 -14.823925 -0.000000
298.228758 5.128111 -14.824037 -0.000000
308.126635 4.954212 -14.824121 -0.000000
317.457209 4.805724 -14.824180 -0.000000
326.338121 4.683483 -14.824219 -0.000000
334.874147 4.587831 -14.824242 -0.000000
343.159355 4.518870 -14.824254 -0.000000
351.279709 4.476601 -14.824259 -0.000000
359.315745 4.461000 -14.824259 -0.000000
7.345195 4.472052 -14.824260 -0.000000
15.445567 4.509763 -14.824263 -0.000000
23.696716 4.574152 -14.824274 -0.000000
32.183460 4.665219 -14.824295 -0.000000
40.998241 4.782881 -14.824331 -0.000000
50.243753 4.926843 -14.824386 -0.000000
60.035204 5.096372 -14.824465 -0.000000
70.501497 5.289900 -14.824572 -0.000000
81.783821 5.504407 -14.824709 -0.000000
94.028965 5.734474 -14.824873 -0.000000
107.373069 5.971060 -14.825053 -0.000000
121.910689 6.200238 -14.825228 -0.000000
137.646707 6.402689 -14.825369 -0.000000
154.439633 6.555325 -14.825452 -0.000000
171.964567 6.636236 -14.825478 -0.000000
189.736493 6.632022 -14.825480 -0.000000
207.209965 6.543426 -14.825510 -0.000000
223.912389 6.385001 -14.825599 -0.000000
239.537072 6.179082 -14.825745 -0.000000
253.959084 5.948546 -14.825921 -0.000000
267.194510 5.712212 -14.826100 -0.000000
279.343720 5.483483 -14.826261 -0.000000
290.544880 5.270988 -14.826395 -0.000000
300.944665 5.079858 -14.826499 -0.000000
310.683181 4.912937 -14.826576 -0.000000
319.887953 4.771685 -14.826629 -0.000000
328.672870 4.656779 -14.826663 -0.000000
337.139511 4.568481 -14.826683 -0.000000
345.379465 4.506861 -14.826692 -0.000000
353.476970 4.471910 -14.826695 -0.000000
1.511565 4.463607 -14.826696 -0.000000
9.560702 4.481942 -14.826697 -0.000000
17.702307 4.526925 -14.826702 -0.000000
26.017360 4.598572 -14.826715 -0.000000
34.592514 4.696866 -14.826739 -0.000000
43.522761 4.821676 -14.826780 -0.000000
52.913980 4.972608 -14.826841 -0.000000
62.884989 5.148735 -14.826928 -0.000000
73.568166 5.348155 -14.827043 -0.000000
85.106889 5.567277 -14.827187 -0.000000
97.646662 5.799808 -14.827356 -0.000000
111.315311 6.035470 -14.827537 -0.000000
126.187351 6.258856 -14.827705 -0.000000
142.232168 6.449370 -14.827831 -0.000000
159.259403 6.583698 -14.827896 -0.000000
176.895033 6.641626 -14.827910 -0.000000
194.626363 6.613361 -14.827915 -0.000000
211.917166 6.503784 -14.827959 -0.000000
228.336044 6.330275 -14.828065 -0.000000
243.628713 6.115882 -14.828221 -0.000000
257.714543 5.882595 -14.828400 -0.000000
270.637931 5.647712 -14.828575 -0.000000
282.513017 5.423191 -14.828729 -0.000000
293.482021 5.216559 -14.828854 -0.000000
303.690428 5.032212 -14.828950 -0.000000
313.274912 4.872543 -14.829019 -0.000000
322.359009 4.738755 -14.829067 -0.000000
331.052895 4.631387 -14.829096 -0.000000
339.455069 4.550638 -14.829113 -0.000000
347.654795 4.496550 -14.829120 -0.000000
355.734745 4.469109 -14.829122 -0.000000
3.773645 4.468296 -14.829122 -0.000000
11.848854 4.494107 -14.829124 -0.000000
20.038927 4.546555 -14.829131 -0.000000
28.426197 4.625650 -14.829146 -0.000000
37.099404 4.731350 -14.829175 -0.000000
46.156341 4.863461 -14.829221 -0.000000
55.706306 5.021466 -14.829289 -0.000000
65.871842 5.204206 -14.829383 -0.000000
76.788661 5.409372 -14.829506 -0.000000
88.601638 5.632714 -14.829658 -0.000000
101.453339 5.866934 -14.829831 -0.000000
115.460162 6.100398 -14.830010 -0.000000
130.671869 6.316181 -14.830168 -0.000000
147.017030 6.492583 -14.830277 -0.000000
164.253342 6.606545 -14.830325 -0.000000
181.960401 6.640199 -14.830331 -0.000000
199.606951 6.587783 -14.830343 -0.000000
216.676790 6.458199 -14.830404 -0.000000
232.786205 6.271132 -14.830526 -0.000000
247.733717 6.049811 -14.830691 -0.000000
261.479760 5.815047 -14.830870 -0.000000
274.093194 5.582557 -14.831040 -0.000000
285.699008 5.362904 -14.831185 -0.000000
296.441726 5.162596 -14.831301 -0.000000
306.464770 4.985367 -14.831389 -0.000000
315.901035 4.833211 -14.831452 -0.000000
324.870006 4.707108 -14.831493 -0.000000
333.478225 4.607480 -14.831518 -0.000000
341.821251 4.534471 -14.831532 -0.000000
349.986188 4.488105 -14.831537 -0.000000
358.054326 4.468363 -14.831538 -0.000000
6.103765 4.475231 -14.831539 -0.000000
14.211980 4.508712 -14.831541 -0.000000
22.458381 4.568817 -14.831550 -0.000000
30.926897 4.655546 -14.831569 -0.000000
39.708621 4.768822 -14.831603 -0.000000
48.904408 4.908373 -14.831654 -0.000000
58.627185 5.073525 -14.831729 -0.000000
69.003283 5.262841 -14.831831 -0.000000
80.171458 5.473527 -14.831963 -0.000000
92.277120 5.700564 -14.832121 -0.000000
105.457767 5.935519 -14.832298 -0.000000
119.814625 6.165286 -14.832473 -0.000000
135.367427 6.371433 -14.832619 -0.000000
151.998700 6.531430 -14.832709 -0.000000
169.412469 6.623057 -14.832741 -0.000000
187.146977 6.631448 -14.832743 -0.000000
204.663171 6.555168 -14.832766 -0.000000
221.475409 6.406855 -14.832844 -0.000000
237.252533 6.207901 -14.832981 -0.000000
251.844791 5.981225 -14.833152 -0.000000
265.249783 5.746229 -14.833330 -0.000000
277.556956 5.517028 -14.833493 -0.000000
288.899424 5.302864 -14.833630 -0.000000
299.422467 5.109314 -14.833737 -0.000000
309.266711 4.939520 -14.833817 -0.000000
318.561020 4.795127 -14.833872 -0.000000
327.420821 4.676922 -14.833909 -0.000000
335.949130 4.585230 -14.833930 -0.000000
344.238729 4.520152 -14.833941 -0.000000
352.374742 4.481695 -14.833944 -0.000000
0.437273 4.469842 -14.833945 -0.000000
8.504003 4.484583 -14.833946 -0.000000
16.652746 4.525924 -14.833950 -0.000000
24.964004 4.593876 -14.833961 -0.000000
33.523572 4.688419 -14.833984 -0.000000
42.425162 4.809430 -14.834022 -0.000000
51.772959 4.956539 -14.834080 -0.000000
61.683698 5.128880 -14.834163 -0.000000
72.287477 5.324673 -14.834273 -0.000000
83.725626 5.540556 -14.834413 -0.000000
96.142767 5.770614 -14.834578 -0.000000
109.668649 6.005140 -14.834755 -0.000000
124.384893 6.229467 -14.834924 -0.000000
140.275477 6.423734 -14.835054 -0.000000
157.172121 6.564972 -14.835126 -0.000000
174.725279 6.632466 -14.835144 -0.000000
192.439305 6.614977 -14.835147 -0.000000
209.779313 6.515520 -14.835184 -0.000000
226.299857 6.350028 -14.835281 -0.000000
241.725351 6.140970 -14.835430 -0.000000
255.955351 5.910508 -14.835605 -0.000000
269.020281 5.676475 -14.835780 -0.000000
281.026378 5.451409 -14.835935 -0.000000
292.112403 5.243313 -14.836062 -0.000000
302.423052 5.056927 -14.836161 -0.000000
312.095566 4.894867 -14.836233 -0.000000
321.254607 4.758476 -14.836282 -0.000000
330.011586 4.648377 -14.836313 -0.000000
338.466133 4.564815 -14.836331 -0.000000
346.708432 4.507855 -14.836339 -0.000000
354.821826 4.477495 -14.836341 -0.000000
2.885442 4.473719 -14.836342 -0.000000
10.976764 4.496523 -14.836343 -0.000000
19.174182 4.545914 -14.836349 -0.000000
27.559553 4.621897 -14.836364 -0.000000
36.220808 4.724428 -14.836391 -0.000000
45.254571 4.853322 -14.836434 -0.000000
54.768602 5.008081 -14.836499 -0.000000
64.883591 5.187607 -14.836590 -0.000000
75.733258 5.389706 -14.836709 -0.000000
87.460791 5.610342 -14.836856 -0.000000
100.208273 5.842569 -14.837026 -0.000000
114.094373 6.075270 -14.837203 -0.000000
129.175974 6.292160 -14.837362 -0.000000
145.395313 6.472121 -14.837475 -0.000000
162.529472 6.592251 -14.837528 -0.000000
180.177750 6.634081 -14.837536 -0.000000
197.820462 6.590523 -14.837545 -0.000000
214.939409 6.468973 -14.837599 -0.000000
231.137495 6.288081 -14.837713 -0.000000
246.195785 6.070765 -14.837872 -0.000000
260.059582 5.838058 -14.838049 -0.000000
272.787556 5.606127 -14.838218 -0.000000
284.499129 5.385983 -14.838365 -0.000000
295.336494 5.184495 -14.838483 -0.000000
305.442634 5.005650 -14.838573 -0.000000
314.950952 4.851606 -14.838637 -0.000000
323.981812 4.723447 -14.838681 -0.000000
332.642698 4.621656 -14.838707 -0.000000
341.030018 4.546413 -14.838721 -0.000000
349.231559 4.497758 -14.838727 -0.000000
357.329095 4.475681 -14.838729 -0.000000
5.401001 4.480170 -14.838729 -0.000000
13.524802 4.511224 -14.838731 -0.000000
21.779719 4.568853 -14.838740 -0.000000
30.249237 4.653050 -14.838757 -0.000000
39.023719 4.763733 -14.838789 -0.000000
48.202985 4.900638 -14.838839 -0.000000
57.898611 5.063110 -14.838911 -0.000000
68.235311 5.249761 -14.839010 -0.000000
79.350130 5.457903 -14.839138 -0.000000
91.387082 5.682705 -14.839293 -0.000000
104.483428 5.916044 -14.839466 -0.000000
118.742703 6.145265 -14.839640 -0.000000
134.191247 6.352466 -14.839787 -0.000000
150.723628 6.515553 -14.839881 -0.000000
168.059959 6.612329 -14.839916 -0.000000
185.753493 6.627321 -14.839919 -0.000000
203.272440 6.557974 -14.839938 -0.000000
220.127610 6.415786 -14.840010 -0.000000
235.976455 6.221456 -14.840140 -0.000000
250.655867 5.997750 -14.840307 -0.000000
264.152471 5.764286 -14.840483 -0.000000
276.548548 5.535524 -14.840646 -0.000000
287.973374 5.321034 -14.840784 -0.000000
298.570646 5.126651 -14.840892 -0.000000
308.480708 4.955698 -14.840974 -0.000000
317.832787 4.809937 -14.841030 -0.000000
326.742933 4.690229 -14.841068 -0.000000
335.314827 4.596944 -14.841090 -0.000000
343.641847 4.530207 -14.841101 -0.000000
351.809598 4.490041 -14.841105 -0.000000
359.898517 4.476432 -14.841106 -0.000000
7.986463 4.489373 -14.841106 -0.000000
16.151257 4.528866 -14.841110 -0.000000
24.473223 4.594917 -14.841121 -0.000000
33.037767 4.687501 -14.841143 -0.000000
41.937988 4.806490 -14.841180 -0.000000
51.277191 4.951514 -14.841236 -0.000000
61.170968 5.121721 -14.841316 -0.000000
71.748036 5.315369 -14.841424 -0.000000
83.148251 5.529178 -14.841561 -0.000000
95.515027 5.757387 -14.841723 -0.000000
108.977886 5.990546 -14.841898 -0.000000
123.620378 6.214354 -14.842065 -0.000000
139.431965 6.409372 -14.842197 -0.000000
156.254106 6.552945 -14.842270 -0.000000
173.749720 6.624324 -14.842290 -0.000000
191.434028 6.611748 -14.842293 -0.000000
208.776598 6.517376 -14.842326 -0.000000
225.328565 6.356338 -14.842418 -0.000000
240.805844 6.150653 -14.842562 -0.000000
255.098615 5.922412 -14.842734 -0.000000
268.229817 5.689604 -14.842907 -0.000000
280.300828 5.465006 -14.843062 -0.000000
291.447774 5.256841 -14.843190 -0.000000
301.814208 5.070022 -14.843290 -0.000000
311.537103 4.907286 -14.843362 -0.000000
320.741292 4.770059 -14.843412 -0.000000
329.538552 4.659013 -14.843444 -0.000000
338.028923 4.574426 -14.843462 -0.000000
346.302969 4.516382 -14.843470 -0.000000
354.444343 4.484888 -14.843473 -0.000000
2.532389 4.479932 -14.843473 -0.000000
10.644707 4.501510 -14.843475 -0.000000
18.859683 4.549627 -14.843480 -0.000000
27.259035 4.624281 -14.843494 -0.000000
35.930399 4.725421 -14.843521 -0.000000
44.969921 4.852852 -14.843563 -0.000000
54.484671 5.006074 -14.843627 -0.000000
64.594407 5.183987 -14.843716 -0.000000
75.431687 5.384418 -14.843833 -0.000000
87.138392 5.603382 -14.843978 -0.000000
99.855406 5.834039 -14.844145 -0.000000
113.700855 6.065458 -14.844320 -0.000000
128.732648 6.281632 -14.844478 -0.000000
144.896727 6.461763 -14.844591 -0.000000
161.977070 6.583198 -14.844644 -0.000000
179.581878 6.627455 -14.844653 -0.000000
197.199203 6.587095 -14.844661 -0.000000
214.314162 6.468940 -14.844712 -0.000000
230.527767 6.291112 -14.844822 -0.000000
245.615905 6.076225 -14.844978 -0.000000
259.518083 5.845248 -14.845153 -0.000000
272.288234 5.614427 -14.845320 -0.000000
284.042585 5.394906 -14.845467 -0.000000
294.921462 5.193681 -14.845585 -0.000000
305.066916 5.014843 -14.845675 -0.000000
314.611985 4.860629 -14.845739 -0.000000
323.676995 4.732173 -14.845782 -0.000000
332.369546 4.629994 -14.845809 -0.000000
340.786233 4.554293 -14.845824 -0.000000
349.015038 4.505123 -14.845830 -0.000000
357.137912 4.482484 -14.845831 -0.000000
5.233368 4.486365 -14.845831 -0.000000
13.379014 4.516765 -14.845834 -0.000000
21.654091 4.573689 -14.845842 -0.000000
30.142018 4.657122 -14.845859 -0.000000
38.932985 4.766974 -14.845890 -0.000000
48.126504 4.902965 -14.845940 -0.000000
57.833660 5.064427 -14.846011 -0.000000
68.178451 5.249953 -14.846109 -0.000000
79.296932 5.456849 -14.846235 -0.000000
91.331852 5.680291 -14.846388 -0.000000
104.419028 5.912201 -14.846559 -0.000000
118.660699 6.140027 -14.846731 -0.000000
134.082721 6.346055 -14.846876 -0.000000
150.580944 6.508443 -14.846969 -0.000000
167.879255 6.605244 -14.847003 -0.000000
185.536773 6.621085 -14.847006 -0.000000
203.027723 6.553286 -14.847025 -0.000000
219.866730 6.413032 -14.847095 -0.000000
235.711850 6.220679 -14.847223 -0.000000
250.398131 5.998754 -14.847387 -0.000000
263.909367 5.766764 -14.847561 -0.000000
276.325132 5.539160 -14.847722 -0.000000
287.772603 5.325551 -14.847859 -0.000000
298.394040 5.131824 -14.847967 -0.000000
308.328887 4.961352 -14.848047 -0.000000
317.705856 4.815940 -14.848104 -0.000000
326.640733 4.696480 -14.848141 -0.000000
335.237094 4.603365 -14.848163 -0.000000
343.588309 4.536735 -14.848175 -0.000000
351.780030 4.496622 -14.848179 -0.000000
359.892775 4.483020 -14.848179 -0.000000
8.004495 4.495920 -14.848180 -0.000000
16.193098 4.535325 -14.848184 -0.000000
24.538985 4.601235 -14.848195 -0.000000
33.127602 4.693616 -14.848216 -0.000000
42.052029 4.812324 -14.848253 -0.000000
51.415455 4.956967 -14.848309 -0.000000
61.333195 5.126663 -14.848389 -0.000000
71.933440 5.319631 -14.848496 -0.000000
83.355149 5.532543 -14.848632 -0.000000
95.740320 5.759589 -14.848792 -0.000000
109.216435 5.991285 -14.848965 -0.000000
123.864447 6.213348 -14.849130 -0.000000
139.671151 6.406448 -14.849258 -0.000000
156.476355 6.548170 -14.849330 -0.000000
173.943736 6.618097 -14.849349 -0.000000
191.592373 6.604764 -14.849352 -0.000000
208.897768 6.510445 -14.849385 -0.000000
225.416751 6.350159 -14.849476 -0.000000
240.868834 6.145679 -14.849619 -0.000000
255.145332 5.918842 -14.849789 -0.000000
268.268606 5.687458 -14.849959 -0.000000
280.338687 5.464203 -14.850112 -0.000000
291.490239 5.257260 -14.850239 -0.000000
301.865549 5.071535 -14.850337 -0.000000
311.600609 4.909780 -14.850408 -0.000000
320.819545 4.773432 -14.850458 -0.000000
329.633657 4.663183 -14.850489 -0.000000
338.142684 4.579323 -14.850507 -0.000000
346.437022 4.521947 -14.850515 -0.000000
354.600265 4.491071 -14.850518 -0.000000
2.711774 4.486685 -14.850518 -0.000000
10.849230 4.508787 -14.850519 -0.000000
19.091149 4.557378 -14.850525 -0.000000
27.519414 4.632450 -14.850539 -0.000000
36.221843 4.733938 -14.850566 -0.000000
45.294746 4.861626 -14.850609 -0.000000
54.845288 5.014979 -14.850673 -0.000000
64.993161 5.192847 -14.850761 -0.000000
75.870541 5.392983 -14.850878 -0.000000
87.618366 5.611303 -14.851023 -0.000000
100.375680 5.840845 -14.851189 -0.000000
114.257504 6.070557 -14.851361 -0.000000
129.317200 6.284359 -14.851515 -0.000000
145.495199 6.461526 -14.851625 -0.000000
162.570641 6.579700 -14.851675 -0.000000
180.150073 6.620909 -14.851684 -0.000000
197.724870 6.578255 -14.851692 -0.000000
214.787644 6.458895 -14.851744 -0.000000
230.947955 6.280952 -14.851854 -0.000000
245.988287 6.066802 -14.852009 -0.000000
259.851656 5.837098 -14.852181 -0.000000
272.592942 5.607823 -14.852346 -0.000000
284.327805 5.389940 -14.852490 -0.000000
295.195391 5.190344 -14.852606 -0.000000
305.336466 5.013076 -14.852694 -0.000000
314.882934 4.860357 -14.852757 -0.000000
323.954215 4.733317 -14.852800 -0.000000
332.657236 4.632484 -14.852826 -0.000000
341.088128 4.558067 -14.852840 -0.000000
349.334584 4.510125 -14.852846 -0.000000
357.478424 4.488664 -14.852847 -0.000000
5.598152 4.493675 -14.852847 -0.000000
13.771487 4.525159 -14.852850 -0.000000
22.077873 4.583114 -14.852858 -0.000000
30.601021 4.667518 -14.852876 -0.000000
39.431476 4.778260 -14.852908 -0.000000
48.669123 4.915030 -14.852958 -0.000000
58.425368 5.077107 -14.853030 -0.000000
68.824327 5.263006 -14.853128 -0.000000
80.001730 5.469914 -14.853255 -0.000000
92.099133 5.692841 -14.853408 -0.000000
105.249713 5.923500 -14.853577 -0.000000
119.550941 6.149118 -14.853746 -0.000000
135.021451 6.351842 -14.853886 -0.000000
151.548202 6.509919 -14.853974 -0.000000
168.847211 6.601846 -14.854006 -0.000000
186.474685 6.613021 -14.854008 -0.000000
203.909394 6.541564 -14.854028 -0.000000
220.676433 6.399144 -14.854101 -0.000000
236.445701 6.206136 -14.854229 -0.000000
251.061434 5.984762 -14.854392 -0.000000
264.512573 5.754126 -14.854563 -0.000000
276.880479 5.528332 -14.854722 -0.000000
288.292082 5.316743 -14.854855 -0.000000
298.888471 5.125101 -14.854961 -0.000000
308.807673 4.956701 -14.855040 -0.000000
318.177074 4.813310 -14.855095 -0.000000
327.111360 4.695809 -14.855131 -0.000000
335.713266 4.604589 -14.855152 -0.000000
344.075572 4.539797 -14.855162 -0.000000
352.283562 4.501467 -14.855166 -0.000000
0.417583 4.489599 -14.855167 -0.000000
8.555593 4.504187 -14.855167 -0.000000
16.775673 4.545231 -14.855172 -0.000000
25.158542 4.612725 -14.855183 -0.000000
33.790099 4.706621 -14.855205 -0.000000
42.763981 4.826748 -14.855243 -0.000000
52.183983 4.972669 -14.855300 -0.000000
62.165963 5.143428 -14.855382 -0.000000
72.838367 5.337124 -14.855490 -0.000000
84.339739 5.550253 -14.855626 -0.000000
96.810343 5.776755 -14.855786 -0.000000
110.373707 6.006836 -14.855957 -0.000000
125.103649 6.225896 -14.856118 -0.000000
140.976338 6.414435 -14.856240 -0.000000
157.819036 6.550223 -14.856306 -0.000000
175.285216 6.613543 -14.856323 -0.000000
192.891461 6.594014 -14.856326 -0.000000
210.120835 6.494938 -14.856362 -0.000000
226.544576 6.331864 -14.856456 -0.000000
241.897227 6.126507 -14.856599 -0.000000
256.081187 5.900287 -14.856768 -0.000000
269.124825 5.670514 -14.856936 -0.000000
281.130222 5.449443 -14.857085 -0.000000
292.231756 5.244970 -14.857208 -0.000000
302.570378 5.061824 -14.857303 -0.000000
312.280455 4.902659 -14.857373 -0.000000
321.484589 4.768867 -14.857420 -0.000000
330.292808 4.661119 -14.857450 -0.000000
338.803879 4.579703 -14.857467 -0.000000
347.107517 4.524715 -14.857474 -0.000000
355.286903 4.496174 -14.857477 -0.000000
3.421234 4.494077 -14.857477 -0.000000
11.588249 4.518418 -14.857478 -0.000000
19.866737 4.569199 -14.857485 -0.000000
28.339049 4.646402 -14.857500 -0.000000
37.093652 4.749939 -14.857527 -0.000000
46.227648 4.879558 -14.857572 -0.000000
55.849051 5.034660 -14.857637 -0.000000
66.078296 5.213987 -14.857728 -0.000000
77.047857 5.415125 -14.857846 -0.000000
88.897952 5.633735 -14.857992 -0.000000
101.764942 5.862508 -14.858157 -0.000000
115.757938 6.089965 -14.858327 -0.000000
130.919991 6.299637 -14.858476 -0.000000
147.176885 6.470656 -14.858578 -0.000000
164.291723 6.581056 -14.858622 -0.000000
181.859848 6.613914 -14.858628 -0.000000
199.372580 6.563742 -14.858639 -0.000000
216.334669 6.438859 -14.858695 -0.000000
232.374371 6.257857 -14.858809 -0.000000
247.291812 6.042904 -14.858964 -0.000000
261.042129 5.814098 -14.859134 -0.000000
273.686358 5.586829 -14.859296 -0.000000
285.342010 5.371591 -14.859436 -0.000000
296.147661 5.174962 -14.859548 -0.000000
306.242467 5.000792 -14.859633 -0.000000
315.756475 4.851194 -14.859694 -0.000000
324.807390 4.727249 -14.859734 -0.000000
333.500730 4.629461 -14.859758 -0.000000
341.931555 4.558033 -14.859771 -0.000000
350.186830 4.513027 -14.859776 -0.000000
358.347960 4.494450 -14.859777 -0.000000
6.493323 4.502299 -14.859778 -0.000000
14.700790 4.536571 -14.859781 -0.000000
23.050215 4.597262 -14.859790 -0.000000
31.625966 4.684333 -14.859809 -0.000000
40.519466 4.797646 -14.859843 -0.000000
49.831650 4.936836 -14.859894 -0.000000
59.675016 5.101094 -14.859969 -0.000000
70.174569 5.288784 -14.860070 -0.000000
81.466233 5.496859 -14.860198 -0.000000
93.690227 5.719982 -14.860352 -0.000000
106.975547 5.949399 -14.860520 -0.000000
121.411016 6.171804 -14.860684 -0.000000
137.000952 6.368912 -14.860818 -0.000000
153.613296 6.518953 -14.860897 -0.000000
170.945306 6.601141 -14.860923 -0.000000
188.542942 6.602335 -14.860925 -0.000000
205.889475 6.522347 -14.860949 -0.000000
222.527741 6.374020 -14.861027 -0.000000
238.150340 6.178026 -14.861159 -0.000000
252.620835 5.956181 -14.861322 -0.000000
265.940442 5.726895 -14.861491 -0.000000
278.196229 5.503611 -14.861645 -0.000000
289.516449 5.295190 -14.861774 -0.000000
300.041182 5.107047 -14.861875 -0.000000
309.906524 4.942279 -14.861950 -0.000000
319.237772 4.802548 -14.862003 -0.000000
328.147737 4.688681 -14.862036 -0.000000
336.737640 4.601047 -14.862056 -0.000000
345.099138 4.539788 -14.862065 -0.000000
353.316776 4.504938 -14.862068 -0.000000
1.470521 4.496501 -14.862069 -0.000000
9.638291 4.514471 -14.862070 -0.000000
17.898446 4.558848 -14.862075 -0.000000
26.332291 4.629617 -14.862087 -0.000000
35.026609 4.726707 -14.862111 -0.000000
44.076177 4.849907 -14.862151 -0.000000
53.586111 4.998709 -14.862211 -0.000000
63.673582 5.172028 -14.862295 -0.000000
74.467975 5.367760 -14.862406 -0.000000
86.107698 5.582081 -14.862545 -0.000000
98.730627 5.808473 -14.862705 -0.000000
112.453912 6.036545 -14.862874 -0.000000
127.339079 6.251069 -14.863029 -0.000000
143.343242 6.432143 -14.863142 -0.000000
160.270391 6.557766 -14.863199 -0.000000
177.754030 6.609377 -14.863211 -0.000000
195.303865 6.578488 -14.863216 -0.000000
212.413873 6.470260 -14.863259 -0.000000
228.678945 6.301292 -14.863359 -0.000000
243.859465 6.093335 -14.863505 -0.000000
257.877756 5.867189 -14.863673 -0.000000
270.773809 5.639352 -14.863837 -0.000000
282.654516 5.421371 -14.863981 -0.000000
293.654840 5.220632 -14.864099 -0.000000
303.914216 5.041538 -14.864190 -0.000000
313.564748 4.886549 -14.864255 -0.000000
322.726746 4.756957 -14.864300 -0.000000
331.508239 4.653383 -14.864327 -0.000000
340.006416 4.576092 -14.864342 -0.000000
348.309857 4.525178 -14.864349 -0.000000
356.501037 4.500659 -14.864351 -0.000000
4.658848 4.502534 -14.864351 -0.000000
12.861111 4.530800 -14.864353 -0.000000
21.187062 4.585452 -14.864360 -0.000000
29.719860 4.666459 -14.864377 -0.000000
38.549112 4.773704 -14.864407 -0.000000
47.773349 4.906878 -14.864454 -0.000000
57.502178 5.065278 -14.864523 -0.000000
67.857513 5.247476 -14.864617 -0.000000
78.972666 5.450781 -14.864739 -0.000000
90.987059 5.670430 -14.864886 -0.000000
104.033028 5.898522 -14.865051 -0.000000
118.210245 6.122855 -14.865217 -0.000000
133.544875 6.326274 -14.865358 -0.000000
149.938436 6.487642 -14.865449 -0.000000
167.127302 6.585607 -14.865485 -0.000000
184.687903 6.604928 -14.865488 -0.000000
202.110629 6.542387 -14.865504 -0.000000
218.918797 6.408178 -14.865568 -0.000000
234.769739 6.221677 -14.865688 -0.000000
249.491298 6.004777 -14.865845 -0.000000
263.058028 5.776756 -14.866013 -0.000000
275.541288 5.552104 -14.866171 -0.000000
287.062211 5.340590 -14.866305 -0.000000
297.759117 5.148287 -14.866411 -0.000000
307.769129 4.978732 -14.866491 -0.000000
317.219729 4.833860 -14.866548 -0.000000
326.226160 4.714655 -14.866585 -0.000000
334.891865 4.621577 -14.866607 -0.000000
343.310306 4.554811 -14.866619 -0.000000
351.567344 4.514416 -14.866623 -0.000000
359.743748 4.500399 -14.866623 -0.000000
7.917710 4.512759 -14.866624 -0.000000
16.167343 4.551493 -14.866628 -0.000000
24.573161 4.616587 -14.866638 -0.000000
33.220595 4.707982 -14.866660 -0.000000
42.202504 4.825498 -14.866696 -0.000000
51.621552 4.968692 -14.866751 -0.000000
61.592082 5.136612 -14.866829 -0.000000
72.240649 5.327393 -14.866934 -0.000000
83.703674 5.537617 -14.867066 -0.000000
96.119460 5.761400 -14.867222 -0.000000
109.610582 5.989248 -14.867389 -0.000000
124.252358 6.207015 -14.867547 -0.000000
140.026744 6.395749 -14.867670 -0.000000
156.772224 6.533678 -14.867738 -0.000000
174.157528 6.601156 -14.867756 -0.000000
191.713629 6.587284 -14.867758 -0.000000
208.931135 6.494388 -14.867791 -0.000000
225.379460 6.337023 -14.867878 -0.000000
240.784499 6.136267 -14.868015 -0.000000
255.037948 5.913344 -14.868179 -0.000000
268.158961 5.685674 -14.868344 -0.000000
280.243175 5.465750 -14.868492 -0.000000
291.421123 5.261715 -14.868615 -0.000000
301.831782 5.078503 -14.868711 -0.000000
311.608726 4.918919 -14.868780 -0.000000
320.874432 4.784462 -14.868829 -0.000000
329.739136 4.675874 -14.868859 -0.000000
338.301947 4.593485 -14.868876 -0.000000
346.652954 4.537421 -14.868884 -0.000000
354.875665 4.507716 -14.868887 -0.000000
3.049530 4.504373 -14.868887 -0.000000
11.252435 4.527389 -14.868888 -0.000000
19.563188 4.576759 -14.868894 -0.000000
28.064006 4.652455 -14.868909 -0.000000
36.843027 4.754376 -14.868936 -0.000000
45.996787 4.882251 -14.868979 -0.000000
55.632438 5.035461 -14.869043 -0.000000
65.869187 5.212735 -14.869131 -0.000000
76.837885 5.411656 -14.869247 -0.000000
88.676749 5.627919 -14.869389 -0.000000
101.519992 5.854309 -14.869551 -0.000000
115.475005 6.079546 -14.869717 -0.000000
130.584654 6.287482 -14.869863 -0.000000
146.777590 6.457678 -14.869964 -0.000000
163.823930 6.568563 -14.870008 -0.000000
181.329421 6.603357 -14.870015 -0.000000
198.795856 6.556315 -14.870025 -0.000000
215.734432 6.435175 -14.870077 -0.000000
231.773978 6.257894 -14.870186 -0.000000
246.710682 6.046198 -14.870337 -0.000000
260.493974 5.819999 -14.870503 -0.000000
273.179550 5.594685 -14.870663 -0.000000
284.880864 5.380843 -14.870801 -0.000000
295.733789 5.185166 -14.870912 -0.000000
305.875855 5.011611 -14.870997 -0.000000
315.436225 4.862375 -14.871057 -0.000000
324.532195 4.738603 -14.871097 -0.000000
333.269156 4.640842 -14.871122 -0.000000
341.742203 4.569327 -14.871135 -0.000000
350.038417 4.524138 -14.871140 -0.000000
358.239351 4.505295 -14.871141 -0.000000
6.423535 4.512795 -14.871141 -0.000000
14.668959 4.546637 -14.871144 -0.000000
23.055552 4.606808 -14.871153 -0.000000
31.667676 4.693255 -14.871172 -0.000000
40.596626 4.805818 -14.871205 -0.000000
49.943029 4.944105 -14.871256 -0.000000
59.818811 5.107263 -14.871330 -0.000000
70.348022 5.293611 -14.871429 -0.000000
81.665100 5.500047 -14.871556 -0.000000
93.908102 5.721188 -14.871707 -0.000000
107.203139 5.948273 -14.871872 -0.000000
121.635666 6.168068 -14.872032 -0.000000
137.206990 6.362498 -14.872161 -0.000000
153.783953 6.510168 -14.872239 -0.000000
171.066403 6.590760 -14.872263 -0.000000
188.607138 6.591505 -14.872265 -0.000000
205.898639 6.512291 -14.872289 -0.000000
222.491855 6.365709 -14.872365 -0.000000
238.083855 6.172009 -14.872494 -0.000000
252.538840 5.952611 -14.872653 -0.000000
265.856205 5.725665 -14.872818 -0.000000
278.120293 5.504484 -14.872969 -0.000000
289.456708 5.297898 -14.873096 -0.000000
300.003382 5.111334 -14.873196 -0.000000
309.894821 4.947923 -14.873270 -0.000000
319.255232 4.809366 -14.873321 -0.000000
328.196719 4.696523 -14.873354 -0.000000
336.820077 4.609790 -14.873373 -0.000000
345.216746 4.549327 -14.873382 -0.000000
353.471197 4.515184 -14.873385 -0.000000
1.663436 4.507370 -14.873386 -0.000000
9.871491 4.525883 -14.873387 -0.000000
18.173885 4.570717 -14.873392 -0.000000
26.652116 4.641846 -14.873405 -0.000000
35.393149 4.739181 -14.873429 -0.000000
44.491888 4.862478 -14.873469 -0.000000
54.053439 5.011178 -14.873529 -0.000000
64.194690 5.184129 -14.873613 -0.000000
75.044262 5.379127 -14.873723 -0.000000
86.739002 5.592221 -14.873860 -0.000000
99.414008 5.816744 -14.874018 -0.000000
113.182035 6.042168 -14.874184 -0.000000
128.098497 6.253214 -14.874333 -0.000000
144.113493 6.430125 -14.874442 -0.000000
161.025336 6.551341 -14.874495 -0.000000
178.466425 6.598998 -14.874505 -0.000000
195.952021 6.565318 -14.874511 -0.000000
212.986956 6.455864 -14.874554 -0.000000
229.177963 6.287181 -14.874653 -0.000000
244.294239 6.080652 -14.874797 -0.000000
258.262494 5.856618 -14.874961 -0.000000
271.123522 5.631204 -14.875122 -0.000000
282.982998 5.415710 -14.875263 -0.000000
293.973898 5.217388 -14.875378 -0.000000
304.233642 5.040582 -14.875466 -0.000000
313.892600 4.887739 -14.875530 -0.000000
323.069729 4.760153 -14.875573 -0.000000
331.872070 4.658462 -14.875599 -0.000000
340.396141 4.582945 -14.875614 -0.000000
348.730116 4.533708 -14.875620 -0.000000
356.956275 4.510779 -14.875621 -0.000000
5.153502 4.514163 -14.875622 -0.000000
13.399761 4.543855 -14.875624 -0.000000
21.774556 4.599843 -14.875632 -0.000000
30.361418 4.682080 -14.875649 -0.000000
39.250390 4.790419 -14.875679 -0.000000
48.540431 4.924503 -14.875727 -0.000000
58.341452 5.083555 -14.875797 -0.000000
68.775337 5.266030 -14.875892 -0.000000
79.974669 5.469068 -14.876014 -0.000000
92.076871 5.687681 -14.876160 -0.000000
105.210232 5.913688 -14.876323 -0.000000
119.467498 6.134607 -14.876484 -0.000000
134.864726 6.333136 -14.876618 -0.000000
151.291448 6.488314 -14.876703 -0.000000
168.473940 6.579450 -14.876734 -0.000000
185.985669 6.592377 -14.876736 -0.000000
203.324269 6.524964 -14.876754 -0.000000
220.028135 6.388031 -14.876821 -0.000000
235.771197 6.200935 -14.876941 -0.000000
250.393962 5.985119 -14.877096 -0.000000
263.877909 5.759279 -14.877260 -0.000000
276.296614 5.537413 -14.877413 -0.000000
287.770602 5.328946 -14.877543 -0.000000
298.436342 5.139749 -14.877646 -0.000000
308.428808 4.973252 -14.877723 -0.000000
317.873506 4.831342 -14.877777 -0.000000
326.884062 4.714990 -14.877813 -0.000000
335.562689 4.624657 -14.877834 -0.000000
344.001993 4.560536 -14.877844 -0.000000
352.287304 4.522694 -14.877848 -0.000000
0.499147 4.511147 -14.877848 -0.000000
8.715730 4.525894 -14.877849 -0.000000
17.015403 4.566930 -14.877853 -0.000000
25.479124 4.634229 -14.877865 -0.000000
34.192939 4.727707 -14.877887 -0.000000
43.250448 4.847142 -14.877924 -0.000000
52.755084 4.992019 -14.877981 -0.000000
62.821797 5.161271 -14.878061 -0.000000
73.577262 5.352855 -14.878167 -0.000000
85.156934 5.563092 -14.878300 -0.000000
97.696148 5.785739 -14.878455 -0.000000
111.311249 6.010870 -14.878618 -0.000000
126.066844 6.223927 -14.878770 -0.000000
141.929541 6.405777 -14.878884 -0.000000
158.720429 6.535001 -14.878944 -0.000000
176.094963 6.593013 -14.878958 -0.000000
193.582185 6.570456 -14.878962 -0.000000
210.684741 6.471064 -14.878998 -0.000000
226.993043 6.310067 -14.879089 -0.000000
242.254241 6.108405 -14.879226 -0.000000
256.375401 5.886678 -14.879388 -0.000000
269.383817 5.661584 -14.879548 -0.000000
281.377720 5.445022 -14.879692 -0.000000
292.486999 5.244727 -14.879810 -0.000000
302.848565 5.065385 -14.879901 -0.000000
312.593568 4.909667 -14.879967 -0.000000
321.842236 4.779008 -14.880013 -0.000000
330.702947 4.674124 -14.880041 -0.000000
339.273402 4.595342 -14.880057 -0.000000
347.642708 4.542791 -14.880064 -0.000000
355.893793 4.516513 -14.880066 -0.000000
4.105880 4.516512 -14.880066 -0.000000
12.356960 4.542788 -14.880068 -0.000000
20.726246 4.595326 -14.880075 -0.000000
29.296638 4.674082 -14.880090 -0.000000
38.157197 4.778919 -14.880119 -0.000000
47.405553 4.909504 -14.880164 -0.000000
57.149975 5.065112 -14.880230 -0.000000
67.510533 5.244301 -14.880321 -0.000000
78.618149 5.444391 -14.880439 -0.000000
90.609420 5.660693 -14.880582 -0.000000
103.613842 5.885474 -14.880742 -0.000000
117.729214 6.106857 -14.880903 -0.000000
132.982499 6.308186 -14.881041 -0.000000
149.280783 6.468932 -14.881131 -0.000000
166.371871 6.568238 -14.881167 -0.000000
183.847565 6.590938 -14.881171 -0.000000
201.212307 6.533308 -14.881185 -0.000000
217.996687 6.404644 -14.881244 -0.000000
233.856940 6.223444 -14.881357 -0.000000
248.614105 6.011048 -14.881508 -0.000000
262.234209 5.786535 -14.881671 -0.000000
274.781095 5.564443 -14.881825 -0.000000
286.370399 5.354694 -14.881957 -0.000000
297.136892 5.163539 -14.882062 -0.000000
307.215629 4.994667 -14.882142 -0.000000
316.733018 4.850130 -14.882198 -0.000000
325.803848 4.731001 -14.882236 -0.000000
334.531468 4.637800 -14.882258 -0.000000
343.009442 4.570753 -14.882269 -0.000000
351.323823 4.529942 -14.882274 -0.000000
359.555596 4.515391 -14.882274 -0.000000
7.783156 4.527101 -14.882275 -0.000000
16.084757 4.565066 -14.882278 -0.000000
24.540968 4.629262 -14.882289 -0.000000
33.237139 4.719607 -14.882310 -0.000000
42.265853 4.835892 -14.882345 -0.000000
51.729216 4.977632 -14.882399 -0.000000
61.740606 5.143821 -14.882476 -0.000000
72.425057 5.332533 -14.882579 -0.000000
83.916717 5.540289 -14.882708 -0.000000
96.350733 5.761166 -14.882859 -0.000000
109.845697 5.985702 -14.883022 -0.000000
124.472671 6.199911 -14.883175 -0.000000
140.210492 6.385200 -14.883293 -0.000000
156.897897 6.520355 -14.883357 -0.000000
174.209275 6.586340 -14.883375 -0.000000
191.686476 6.572638 -14.883377 -0.000000
208.832750 6.481517 -14.883408 -0.000000
225.227218 6.327065 -14.883492 -0.000000
240.599968 6.129750 -14.883624 -0.000000
254.841973 5.910293 -14.883783 -0.000000
267.968957 5.685813 -14.883943 -0.000000
280.072450 5.468681 -14.884088 -0.000000
291.279307 5.267027 -14.884208 -0.000000
301.725659 5.085825 -14.884301 -0.000000
311.543058 4.927942 -14.884370 -0.000000
320.852630 4.794930 -14.884417 -0.000000
329.763765 4.687581 -14.884447 -0.000000
338.375093 4.606261 -14.884464 -0.000000
346.776475 4.551123 -14.884471 -0.000000
355.051372 4.522219 -14.884474 -0.000000
3.279312 4.519559 -14.884474 -0.000000
11.538345 4.543141 -14.884475 -0.000000
19.907491 4.592953 -14.884482 -0.000000
28.469189 4.668949 -14.884496 -0.000000
37.311764 4.770999 -14.884523 -0.000000
46.531817 4.898784 -14.884566 -0.000000
56.236329 5.051615 -14.884630 -0.000000
66.543902 5.228120 -14.884718 -0.000000
77.584037 5.425749 -14.884833 -0.000000
89.492432 5.640029 -14.884972 -0.000000
102.399091 5.863561 -14.885130 -0.000000
116.405085 6.084927 -14.885291 -0.000000
131.545038 6.287989 -14.885430 -0.000000
147.738970 6.452610 -14.885524 -0.000000
164.751333 6.557905 -14.885565 -0.000000
182.189173 6.588036 -14.885570 -0.000000
199.564128 6.538090 -14.885581 -0.000000
216.402665 6.416144 -14.885634 -0.000000
232.348378 6.239928 -14.885741 -0.000000
247.207284 6.030606 -14.885888 -0.000000
260.932876 5.807498 -14.886050 -0.000000
273.580742 5.585539 -14.886204 -0.000000
285.262111 5.375041 -14.886337 -0.000000
296.110001 5.182558 -14.886445 -0.000000
306.259246 5.011991 -14.886526 -0.000000
315.836791 4.865535 -14.886584 -0.000000
324.958238 4.744347 -14.886623 -0.000000
333.727774 4.649000 -14.886647 -0.000000
342.239699 4.579748 -14.886659 -0.000000
350.580632 4.536689 -14.886663 -0.000000
358.831937 4.519853 -14.886664 -0.000000
7.072180 4.529246 -14.886665 -0.000000
15.379575 4.564860 -14.886668 -0.000000
23.834424 4.626670 -14.886677 -0.000000
32.521573 4.714597 -14.886697 -0.000000
41.532851 4.828437 -14.886731 -0.000000
50.969356 4.967723 -14.886783 -0.000000
60.943243 5.131492 -14.886858 -0.000000
71.578215 5.317893 -14.886957 -0.000000
83.007259 5.523587 -14.887084 -0.000000
95.365069 5.742878 -14.887233 -0.000000
108.771436 5.966643 -14.887393 -0.000000
123.301615 6.181328 -14.887547 -0.000000
138.942921 6.368775 -14.887667 -0.000000
155.546948 6.507993 -14.887736 -0.000000
172.802670 6.579704 -14.887755 -0.000000
190.262870 6.572600 -14.887758 -0.000000
207.433075 6.487857 -14.887784 -0.000000
223.885413 6.338641 -14.887863 -0.000000
239.337775 6.144979 -14.887991 -0.000000
253.668892 5.927607 -14.888147 -0.000000
266.885261 5.703923 -14.888306 -0.000000
279.072783 5.486640 -14.888451 -0.000000
290.355552 5.284190 -14.888573 -0.000000
300.868774 5.101773 -14.888668 -0.000000
310.744080 4.942409 -14.888738 -0.000000
320.103139 4.807751 -14.888786 -0.000000
329.056029 4.698649 -14.888817 -0.000000
337.702041 4.615508 -14.888835 -0.000000
346.131593 4.558499 -14.888843 -0.000000
354.428556 4.527685 -14.888846 -0.000000
2.672703 4.523080 -14.888846 -0.000000
10.942154 4.544684 -14.888847 -0.000000
19.315813 4.592484 -14.888853 -0.000000
27.875807 4.666433 -14.888867 -0.000000
36.709938 4.766402 -14.888893 -0.000000
45.914062 4.892081 -14.888934 -0.000000
55.594199 5.042800 -14.888996 -0.000000
65.867818 5.217231 -14.889082 -0.000000
76.863258 5.412908 -14.889194 -0.000000
88.715333 5.625502 -14.889331 -0.000000
101.554030 5.847845 -14.889487 -0.000000
115.482241 6.068844 -14.889646 -0.000000
130.539452 6.272749 -14.889787 -0.000000
146.654444 6.439748 -14.889884 -0.000000
163.603574 6.549015 -14.889927 -0.000000
181.005600 6.584316 -14.889933 -0.000000
198.378830 6.539932 -14.889942 -0.000000
215.248395 6.423039 -14.889991 -0.000000
231.249875 6.250744 -14.890094 -0.000000
246.178764 6.044007 -14.890237 -0.000000
259.979259 5.822265 -14.890397 -0.000000
272.700499 5.600715 -14.890551 -0.000000
284.450042 5.389940 -14.890685 -0.000000
295.359250 5.196718 -14.890794 -0.000000
305.562522 5.025112 -14.890877 -0.000000
315.187001 4.877424 -14.890936 -0.000000
324.348768 4.754881 -14.890976 -0.000000
333.152546 4.658098 -14.891000 -0.000000
341.693135 4.587352 -14.891012 -0.000000
350.057555 4.542756 -14.891017 -0.000000
358.327447 4.524348 -14.891018 -0.000000
6.581517 4.532133 -14.891019 -0.000000
14.897976 4.566106 -14.891022 -0.000000
23.356964 4.626239 -14.891031 -0.000000
32.042992 4.712454 -14.891050 -0.000000
41.047373 4.824547 -14.891083 -0.000000
50.470497 4.962059 -14.891133 -0.000000
60.423623 5.124047 -14.891206 -0.000000
71.029439 5.308708 -14.891304 -0.000000
82.419944 5.512784 -14.891428 -0.000000
94.729209 5.730726 -14.891575 -0.000000
108.077384 5.953630 -14.891734 -0.000000
122.541980 6.168243 -14.891887 -0.000000
138.115466 6.356729 -14.892008 -0.000000
154.657813 6.498308 -14.892079 -0.000000
171.868173 6.573623 -14.892101 -0.000000
189.307833 6.570897 -14.892103 -0.000000
206.485437 6.490587 -14.892127 -0.000000
222.969778 6.345191 -14.892201 -0.000000
238.471223 6.154360 -14.892326 -0.000000
252.860261 5.938775 -14.892479 -0.000000
266.136781 5.715980 -14.892638 -0.000000
278.382394 5.498902 -14.892783 -0.000000
289.718881 5.296174 -14.892905 -0.000000
300.280478 5.113155 -14.893001 -0.000000
310.198631 4.952974 -14.893072 -0.000000
319.595218 4.817358 -14.893121 -0.000000
328.580680 4.707206 -14.893153 -0.000000
337.254705 4.622949 -14.893171 -0.000000
345.708058 4.564776 -14.893179 -0.000000
354.024882 4.532758 -14.893182 -0.000000
2.285125 4.526915 -14.893182 -0.000000
10.566972 4.547247 -14.893183 -0.000000
18.949274 4.593740 -14.893189 -0.000000
27.513976 4.666345 -14.893202 -0.000000
36.348551 4.764931 -14.893227 -0.000000
45.548371 4.889189 -14.893268 -0.000000
55.218804 5.038457 -14.893329 -0.000000
65.476513 5.211426 -14.893413 -0.000000
76.448936 5.405671 -14.893523 -0.000000
88.270059 5.616942 -14.893659 -0.000000
101.069445 5.838209 -14.893813 -0.000000
114.950563 6.058577 -14.893971 -0.000000
129.955296 6.262555 -14.894111 -0.000000
146.017358 6.430582 -14.894209 -0.000000
162.920446 6.541939 -14.894254 -0.000000
180.291295 6.580233 -14.894261 -0.000000
197.653762 6.539293 -14.894268 -0.000000
214.533761 6.425728 -14.894315 -0.000000
230.563079 6.256195 -14.894415 -0.000000
245.531149 6.051453 -14.894555 -0.000000
259.376280 5.830952 -14.894714 -0.000000
272.143200 5.610019 -14.894867 -0.000000
283.936720 5.399393 -14.895001 -0.000000
294.886761 5.205988 -14.895110 -0.000000
305.127138 5.033973 -14.895194 -0.000000
314.784901 4.885724 -14.895253 -0.000000
323.976274 4.762516 -14.895293 -0.000000
332.806228 4.664994 -14.895318 -0.000000
341.369817 4.593456 -14.895331 -0.000000
349.754285 4.548026 -14.895336 -0.000000
358.041445 4.528746 -14.895337 -0.000000
6.310102 4.535626 -14.895338 -0.000000
14.638483 4.568659 -14.895340 -0.000000
23.106657 4.627816 -14.895349 -0.000000
31.798958 4.713014 -14.895368 -0.000000
40.806401 4.824048 -14.895400 -0.000000
50.228946 4.960457 -14.895450 -0.000000
60.177276 5.121303 -14.895521 -0.000000
70.773363 5.304794 -14.895618 -0.000000
82.148406 5.507708 -14.895740 -0.000000
94.435740 5.724564 -14.895886 -0.000000
107.755152 5.946570 -14.896043 -0.000000
122.184691 6.160647 -14.896195 -0.000000
137.718943 6.349163 -14.896316 -0.000000
154.222049 6.491526 -14.896388 -0.000000
171.398986 6.568423 -14.896410 -0.000000
188.816812 6.567908 -14.896412 -0.000000
205.987600 6.490076 -14.896435 -0.000000
222.479972 6.347024 -14.896507 -0.000000
238.001227 6.158124 -14.896629 -0.000000
252.417651 5.943952 -14.896781 -0.000000
265.725302 5.722076 -14.896938 -0.000000
278.003003 5.505510 -14.897083 -0.000000
289.370799 5.302988 -14.897205 -0.000000
299.961997 5.119952 -14.897301 -0.000000
309.907635 4.959598 -14.897372 -0.000000
319.329484 4.823700 -14.897422 -0.000000
328.338043 4.713186 -14.897453 -0.000000
337.033121 4.628509 -14.897472 -0.000000
345.505623 4.569869 -14.897480 -0.000000
353.839819 4.537346 -14.897483 -0.000000
2.115752 4.530962 -14.897483 -0.000000
10.411662 4.550719 -14.897485 -0.000000
18.806397 4.596600 -14.897490 -0.000000
27.381837 4.668555 -14.897503 -0.000000
36.225310 4.766447 -14.897528 -0.000000
45.431947 4.889962 -14.897568 -0.000000
55.106757 5.038431 -14.897628 -0.000000
65.365907 5.210542 -14.897712 -0.000000
76.336198 5.403875 -14.897821 -0.000000
88.150853 5.614200 -14.897955 -0.000000
100.938667 5.834527 -14.898107 -0.000000
114.802565 6.054050 -14.898264 -0.000000
129.784557 6.257407 -14.898403 -0.000000
145.819718 6.425205 -14.898501 -0.000000
162.694704 6.536871 -14.898546 -0.000000
180.040446 6.576055 -14.898553 -0.000000
197.384925 6.536472 -14.898560 -0.000000
214.256521 6.424492 -14.898606 -0.000000
230.287133 6.256515 -14.898703 -0.000000
245.264487 6.053121 -14.898843 -0.000000
259.124476 5.833683 -14.898999 -0.000000
271.909570 5.613531 -14.899151 -0.000000
283.722868 5.403443 -14.899285 -0.000000
294.693152 5.210385 -14.899394 -0.000000
304.953560 5.038573 -14.899477 -0.000000
314.630773 4.890416 -14.899537 -0.000000
323.840854 4.767220 -14.899577 -0.000000
332.688725 4.669647 -14.899601 -0.000000
341.269457 4.598009 -14.899615 -0.000000
349.670342 4.552438 -14.899620 -0.000000
357.973248 4.532980 -14.899621 -0.000000
6.257032 4.539647 -14.899621 -0.000000
14.599956 4.572431 -14.899624 -0.000000
23.082096 4.631302 -14.899633 -0.000000
31.787756 4.716172 -14.899651 -0.000000
40.807862 4.826826 -14.899683 -0.000000
50.242209 4.962795 -14.899733 -0.000000
60.201204 5.123125 -14.899804 -0.000000
70.806394 5.306012 -14.899900 -0.000000
82.188362 5.508220 -14.900021 -0.000000
94.479609 5.724259 -14.900165 -0.000000
107.798891 5.945354 -14.900322 -0.000000
122.223191 6.158468 -14.900472 -0.000000
137.746356 6.346071 -14.900592 -0.000000
154.232689 6.487715 -14.900663 -0.000000
171.388753 6.564253 -14.900685 -0.000000
188.784574 6.563837 -14.900687 -0.000000
205.935686 6.486547 -14.900710 -0.000000
222.413409 6.344352 -14.900781 -0.000000
237.926221 6.156453 -14.900901 -0.000000
252.340191 5.943281 -14.901052 -0.000000
265.650375 5.722317 -14.901208 -0.000000
277.934380 5.506541 -14.901351 -0.000000
289.311166 5.304682 -14.901473 -0.000000
299.913198 5.122197 -14.901568 -0.000000
309.870916 4.962299 -14.901639 -0.000000
319.305697 4.826780 -14.901688 -0.000000
328.327792 4.716581 -14.901720 -0.000000
337.036868 4.632169 -14.901738 -0.000000
345.523762 4.573750 -14.901747 -0.000000
353.872728 4.541410 -14.901749 -0.000000
2.163821 4.535173 -14.901750 -0.000000
10.475317 4.555043 -14.901751 -0.000000
18.886111 4.601000 -14.901756 -0.000000
27.478128 4.672990 -14.901769 -0.000000
36.338723 4.770867 -14.901794 -0.000000
45.563022 4.894305 -14.901834 -0.000000
55.255954 5.042617 -14.901894 -0.000000
65.533490 5.214468 -14.901978 -0.000000
76.522034 5.407401 -14.902086 -0.000000
88.354118 5.617147 -14.902220 -0.000000
101.157421 5.836677 -14.902371 -0.000000
115.033254 6.055152 -14.902527 -0.000000
130.021582 6.257226 -14.902664 -0.000000
146.055412 6.423586 -14.902760 -0.000000
162.920143 6.533840 -14.902804 -0.000000
180.247213 6.571875 -14.902811 -0.000000
197.567236 6.531609 -14.902818 -0.000000
214.412552 6.419495 -14.902863 -0.000000
230.418861 6.251867 -14.902961 -0.000000
245.376402 6.049157 -14.903099 -0.000000
259.222074 5.830582 -14.903254 -0.000000
271.998262 5.611351 -14.903405 -0.000000
283.807425 5.402173 -14.903537 -0.000000
294.777549 5.209974 -14.903645 -0.000000
305.041025 5.038958 -14.903727 -0.000000
314.723925 4.891536 -14.903787 -0.000000
323.941848 4.769017 -14.903826 -0.000000
332.799388 4.672071 -14.903851 -0.000000
341.391398 4.601015 -14.903863 -0.000000
349.805044 4.555985 -14.903869 -0.000000
358.122136 4.537034 -14.903870 -0.000000
6.421536 4.544172 -14.903870 -0.000000
14.781555 4.577392 -14.903873 -0.000000
23.282353 4.636658 -14.903882 -0.000000
32.008345 4.721876 -14.903900 -0.000000
41.050570 4.832820 -14.903932 -0.000000
50.508912 4.968998 -14.903982 -0.000000
60.493791 5.129430 -14.904054 -0.000000
71.126604 5.312265 -14.904150 -0.000000
82.537485 5.514208 -14.904271 -0.000000
94.857982 5.729692 -14.904414 -0.000000
108.205153 5.949853 -14.904570 -0.000000
122.653330 6.161583 -14.904718 -0.000000
138.192839 6.347345 -14.904836 -0.000000
154.684267 6.486807 -14.904904 -0.000000
171.831683 6.561092 -14.904925 -0.000000
189.205380 6.558720 -14.904927 -0.000000
206.324383 6.480084 -14.904951 -0.000000
222.765441 6.337291 -14.905022 -0.000000
238.242299 6.149475 -14.905143 -0.000000
252.624677 5.936889 -14.905292 -0.000000
265.909389 5.716822 -14.905447 -0.000000
278.174392 5.502099 -14.905589 -0.000000
289.538219 5.301348 -14.905708 -0.000000
300.132600 5.119968 -14.905803 -0.000000
310.087212 4.961143 -14.905872 -0.000000
319.522757 4.826652 -14.905921 -0.000000
328.548951 4.717437 -14.905952 -0.000000
337.265065 4.633964 -14.905970 -0.000000
345.761668 4.576445 -14.905978 -0.000000
354.122850 4.544967 -14.905981 -0.000000
2.428608 4.539558 -14.905981 -0.000000
10.757236 4.560220 -14.905982 -0.000000
19.187722 4.606931 -14.905988 -0.000000
27.802143 4.679630 -14.906001 -0.000000
36.688055 4.778161 -14.906026 -0.000000
45.940803 4.902178 -14.906067 -0.000000
55.665510 5.050963 -14.906128 -0.000000
65.978232 5.223133 -14.906211 -0.000000
77.005202 5.416163 -14.906320 -0.000000
88.878294 5.625682 -14.906453 -0.000000
101.723698 5.844533 -14.906604 -0.000000
115.640006 6.061743 -14.906758 -0.000000
130.662963 6.261858 -14.906893 -0.000000
146.720143 6.425579 -14.906986 -0.000000
163.591606 6.532727 -14.907027 -0.000000
180.905808 6.567619 -14.907033 -0.000000
198.194665 6.524691 -14.907042 -0.000000
214.996006 6.410779 -14.907088 -0.000000
230.952918 6.242337 -14.907186 -0.000000
245.862213 6.039673 -14.907324 -0.000000
259.665089 5.821771 -14.907478 -0.000000
272.405931 5.603604 -14.907627 -0.000000
284.187599 5.395697 -14.907758 -0.000000
295.137618 5.204861 -14.907864 -0.000000
305.387577 5.035227 -14.907945 -0.000000
315.062705 4.889171 -14.908003 -0.000000
324.277854 4.767984 -14.908042 -0.000000
333.137021 4.672332 -14.908066 -0.000000
341.734616 4.602530 -14.908078 -0.000000
350.157510 4.558718 -14.908083 -0.000000
358.487354 4.540948 -14.908084 -0.000000
6.802966 4.549232 -14.908084 -0.000000
15.182726 4.583561 -14.908087 -0.000000
23.706959 4.643895 -14.908096 -0.000000
32.460327 4.730129 -14.908115 -0.000000
41.534186 4.842019 -14.908148 -0.000000
51.028755 4.979046 -14.908199 -0.000000
61.054745 5.140179 -14.908271 -0.000000
71.733658 5.323497 -14.908368 -0.000000
83.195311 5.525594 -14.908489 -0.000000
95.570139 5.740754 -14.908633 -0.000000
108.972766 5.959927 -14.908787 -0.000000
123.473233 6.169820 -14.908933 -0.000000
139.055532 6.352789 -14.909047 -0.000000
155.572730 6.488600 -14.909112 -0.000000
172.722516 6.558765 -14.909131 -0.000000
190.073034 6.552436 -14.909133 -0.000000
207.147038 6.470640 -14.909158 -0.000000
223.529483 6.325862 -14.909232 -0.000000
238.943351 6.137265 -14.909353 -0.000000
253.265688 5.924888 -14.909501 -0.000000
266.497675 5.705720 -14.909655 -0.000000
278.719086 5.492320 -14.909795 -0.000000
290.048640 5.293119 -14.909912 -0.000000
300.617431 5.113390 -14.910005 -0.000000
310.554207 4.956245 -14.910073 -0.000000
319.978734 4.823424 -14.910120 -0.000000
328.999917 4.715850 -14.910150 -0.000000
337.716387 4.633983 -14.910167 -0.000000
346.218253 4.578034 -14.910175 -0.000000
354.589316 4.548089 -14.910178 -0.000000
2.909438 4.544178 -14.910178 -0.000000
11.256923 4.566302 -14.910179 -0.000000
19.710904 4.614436 -14.910185 -0.000000
28.353723 4.688509 -14.910199 -0.000000
37.273309 4.788352 -14.910225 -0.000000
46.565449 4.913590 -14.910267 -0.000000
56.335726 5.063463 -14.910328 -0.000000
66.700544 5.236514 -14.910413 -0.000000
77.786164 5.430109 -14.910523 -0.000000
89.723782 5.639718 -14.910656 -0.000000
102.637651 5.857971 -14.910807 -0.000000
116.622439 6.073647 -14.910959 -0.000000
131.707401 6.271081 -14.911090 -0.000000
147.811284 6.430924 -14.911179 -0.000000
164.704865 6.533267 -14.911217 -0.000000
182.010434 6.563061 -14.911222 -0.000000
199.260247 6.515563 -14.911231 -0.000000
215.999383 6.398280 -14.911281 -0.000000
231.881901 6.227944 -14.911381 -0.000000
246.715068 6.024752 -14.911519 -0.000000
260.447447 5.807372 -14.911672 -0.000000
273.127346 5.590430 -14.911819 -0.000000
284.858962 5.384167 -14.911947 -0.000000
295.769648 5.195195 -14.912051 -0.000000
305.990125 5.027523 -14.912130 -0.000000
315.644554 4.883456 -14.912186 -0.000000
324.846769 4.764248 -14.912224 -0.000000
333.699911 4.670547 -14.912247 -0.000000
342.297741 4.602664 -14.912258 -0.000000
350.726680 4.560736 -14.912263 -0.000000
359.068120 4.544813 -14.912264 -0.000000
7.400807 4.554910 -14.912264 -0.000000
15.803210 4.591014 -14.912267 -0.000000
24.355906 4.653078 -14.912277 -0.000000
33.143950 4.740984 -14.912297 -0.000000
42.259214 4.854466 -14.912331 -0.000000
51.802501 4.992963 -14.912383 -0.000000
61.885077 5.155380 -14.912456 -0.000000
72.628780 5.339688 -14.912554 -0.000000
84.163194 5.542323 -14.912677 -0.000000
96.617398 5.757344 -14.912820 -0.000000
110.102732 5.975417 -14.912973 -0.000000
124.683156 6.182951 -14.913116 -0.000000
140.333411 6.362111 -14.913226 -0.000000
156.895258 6.492761 -14.913287 -0.000000
174.056380 6.556946 -14.913303 -0.000000
191.380796 6.544717 -14.913305 -0.000000
208.395659 6.458045 -14.913333 -0.000000
224.697090 6.310004 -14.913410 -0.000000
240.021174 6.119856 -14.913532 -0.000000
254.255717 5.907375 -14.913681 -0.000000
267.408631 5.689150 -14.913832 -0.000000
279.562802 5.477363 -14.913970 -0.000000
290.837655 5.280162 -14.914085 -0.000000
301.363709 5.102631 -14.914174 -0.000000
311.268608 4.947768 -14.914241 -0.000000
320.670930 4.817250 -14.914286 -0.000000
329.678506 4.711967 -14.914315 -0.000000
338.389103 4.632364 -14.914331 -0.000000
346.892193 4.578644 -14.914339 -0.000000
355.271170 4.550896 -14.914341 -0.000000
3.605702 4.549145 -14.914341 -0.000000
11.974106 4.573392 -14.914342 -0.000000
20.455720 4.623608 -14.914349 -0.000000
29.133272 4.699711 -14.914363 -0.000000
38.095236 4.801511 -14.914390 -0.000000
47.438074 4.928599 -14.914433 -0.000000
57.268083 5.080154 -14.914497 -0.000000
67.702266 5.254623 -14.914583 -0.000000
78.867059 5.449218 -14.914694 -0.000000
90.892896 5.659187 -14.914829 -0.000000
103.901514 5.876857 -14.914979 -0.000000
117.982283 6.090652 -14.915128 -0.000000
133.155522 6.284594 -14.915256 -0.000000
149.327665 6.439248 -14.915339 -0.000000
166.256402 6.535054 -14.915372 -0.000000
183.555109 6.557824 -14.915376 -0.000000
200.755989 6.503940 -14.915388 -0.000000
217.413537 6.381837 -14.915441 -0.000000
233.196430 6.208647 -14.915544 -0.000000
247.926058 6.004450 -14.915683 -0.000000
261.561122 5.787509 -14.915835 -0.000000
274.155519 5.571993 -14.915980 -0.000000
285.815564 5.367763 -14.916105 -0.000000
296.668650 5.181164 -14.916206 -0.000000
306.844535 5.016033 -14.916282 -0.000000
316.466082 4.874573 -14.916337 -0.000000
325.645850 4.757984 -14.916372 -0.000000
334.485888 4.666885 -14.916394 -0.000000
343.079110 4.601576 -14.916405 -0.000000
351.511351 4.562188 -14.916409 -0.000000
359.863667 4.548771 -14.916409 -0.000000
8.214705 4.561338 -14.916410 -0.000000
16.643066 4.599872 -14.916414 -0.000000
25.229672 4.664318 -14.916424 -0.000000
34.060127 4.754543 -14.916445 -0.000000
43.227022 4.870248 -14.916480 -0.000000
52.831992 5.010821 -14.916534 -0.000000
62.987112 5.175078 -14.916609 -0.000000
73.814750 5.360850 -14.916709 -0.000000
85.444280 5.564360 -14.916834 -0.000000
98.003062 5.779362 -14.916978 -0.000000
111.598121 5.996135 -14.917129 -0.000000
126.285327 6.200687 -14.917269 -0.000000
142.027060 6.374921 -14.917373 -0.000000
158.649996 6.498830 -14.917427 -0.000000
175.828524 6.555165 -14.917440 -0.000000
193.121190 6.535165 -14.917443 -0.000000
210.060829 6.442024 -14.917475 -0.000000
226.257970 6.289585 -14.917556 -0.000000
241.465566 6.097244 -14.917681 -0.000000
255.585307 5.884444 -14.917830 -0.000000
268.633870 5.667266 -14.917979 -0.000000
280.698317 5.457417 -14.918113 -0.000000
291.899165 5.262682 -14.918225 -0.000000
302.366352 5.087901 -14.918312 -0.000000
312.226237 4.935921 -14.918375 -0.000000
321.595957 4.808334 -14.918419 -0.000000
330.582026 4.705984 -14.918446 -0.000000
339.281138 4.629292 -14.918461 -0.000000
347.781973 4.578456 -14.918468 -0.000000
356.167416 4.553556 -14.918469 -0.000000
4.516903 4.554620 -14.918470 -0.000000
12.908778 4.581643 -14.918472 -0.000000
21.422658 4.634590 -14.918479 -0.000000
30.141786 4.713366 -14.918495 -0.000000
39.155374 4.817757 -14.918523 -0.000000
48.560783 4.947307 -14.918568 -0.000000
58.465278 5.101117 -14.918633 -0.000000
68.986685 5.277508 -14.918722 -0.000000
80.251715 5.473493 -14.918835 -0.000000
92.389841 5.684025 -14.918971 -0.000000
105.519535 5.901039 -14.919121 -0.000000
119.723250 6.112494 -14.919268 -0.000000
135.009658 6.302013 -14.919389 -0.000000
151.269272 6.450059 -14.919466 -0.000000
168.243079 6.537547 -14.919494 -0.000000
185.533375 6.551400 -14.919497 -0.000000
202.672685 6.489425 -14.919512 -0.000000
219.227619 6.361208 -14.919570 -0.000000
234.885201 6.184363 -14.919677 -0.000000
249.484348 5.978811 -14.919817 -0.000000
262.996292 5.762314 -14.919968 -0.000000
275.481869 5.548479 -14.920110 -0.000000
287.050092 5.346704 -14.920232 -0.000000
297.828497 5.162999 -14.920329 -0.000000
307.945745 5.000989 -14.920402 -0.000000
317.523168 4.862750 -14.920454 -0.000000
326.671804 4.749413 -14.920488 -0.000000
335.492392 4.661559 -14.920508 -0.000000
344.076829 4.599470 -14.920517 -0.000000
352.510242 4.563271 -14.920521 -0.000000
0.873292 4.553010 -14.920521 -0.000000
9.244525 4.568695 -14.920522 -0.000000
17.702725 4.610306 -14.920526 -0.000000
26.329272 4.677778 -14.920538 -0.000000
35.210485 4.770954 -14.920561 -0.000000
44.439889 4.889498 -14.920598 -0.000000
54.120196 5.032731 -14.920653 -0.000000
64.364528 5.199356 -14.920731 -0.000000
75.295938 5.387024 -14.920834 -0.000000
87.043516 5.591683 -14.920960 -0.000000
99.732382 5.806697 -14.921105 -0.000000
113.463971 6.021857 -14.921255 -0.000000
128.283745 6.222666 -14.921390 -0.000000
144.138373 6.390721 -14.921487 -0.000000
160.835684 6.506216 -14.921535 -0.000000
178.033953 6.552820 -14.921544 -0.000000
195.285723 6.523260 -14.921549 -0.000000
212.131562 6.422214 -14.921586 -0.000000
228.199984 6.264422 -14.921672 -0.000000
243.264431 6.069405 -14.921800 -0.000000
257.243204 5.856189 -14.921948 -0.000000
270.163393 5.640243 -14.922095 -0.000000
282.117013 5.432703 -14.922226 -0.000000
293.225895 5.240923 -14.922334 -0.000000
303.619319 5.069452 -14.922417 -0.000000
313.422151 4.920956 -14.922478 -0.000000
322.749841 4.796923 -14.922519 -0.000000
331.707364 4.698140 -14.922544 -0.000000
340.390152 4.625003 -14.922558 -0.000000
348.885960 4.577693 -14.922563 -0.000000
357.277089 4.556287 -14.922565 -0.000000
5.642717 4.560809 -14.922565 -0.000000
14.061254 4.591251 -14.922567 -0.000000
22.612684 4.647570 -14.922575 -0.000000
31.380919 4.729653 -14.922593 -0.000000
40.456098 4.837253 -14.922623 -0.000000
49.936725 4.969857 -14.922670 -0.000000
59.931277 5.126468 -14.922738 -0.000000
70.558591 5.305245 -14.922830 -0.000000
81.945677 5.502951 -14.922946 -0.000000
94.220708 5.714168 -14.923083 -0.000000
107.497907 5.930337 -14.923232 -0.000000
121.850869 6.138849 -14.923376 -0.000000
137.273579 6.322853 -14.923491 -0.000000
153.636872 6.462741 -14.923560 -0.000000
170.661711 6.540068 -14.923582 -0.000000
187.937928 6.543157 -14.923584 -0.000000
204.999676 6.471529 -14.923603 -0.000000
221.428995 6.336097 -14.923668 -0.000000
236.935040 6.154983 -14.923780 -0.000000
251.377310 5.947878 -14.923921 -0.000000
264.741511 5.731936 -14.924071 -0.000000
277.096402 5.520105 -14.924209 -0.000000
288.554035 5.321239 -14.924327 -0.000000
299.242075 5.140967 -14.924420 -0.000000
309.287901 4.982665 -14.924490 -0.000000
318.811079 4.848261 -14.924539 -0.000000
327.920892 4.738802 -14.924570 -0.000000
336.716573 4.654828 -14.924588 -0.000000
345.288854 4.596599 -14.924597 -0.000000
353.722064 4.564230 -14.924600 -0.000000
2.096429 4.557765 -14.924600 -0.000000
10.490411 4.577209 -14.924601 -0.000000
18.983053 4.622534 -14.924606 -0.000000
27.656323 4.693661 -14.924619 -0.000000
36.597435 4.790408 -14.924643 -0.000000
45.901074 4.912391 -14.924683 -0.000000
55.671276 5.058843 -14.924741 -0.000000
66.022426 5.228328 -14.924823 -0.000000
77.078354 5.418269 -14.924928 -0.000000
88.967677 5.624271 -14.925057 -0.000000
101.812534 5.839218 -14.925202 -0.000000
115.707170 6.052303 -14.925350 -0.000000
130.683946 6.248434 -14.925479 -0.000000
146.670182 6.408892 -14.925568 -0.000000
163.451195 6.514189 -14.925608 -0.000000
180.666968 6.549179 -14.925614 -0.000000
197.864536 6.508384 -14.925622 -0.000000
214.595126 6.398191 -14.925665 -0.000000
230.509132 6.234304 -14.925758 -0.000000
245.403876 6.036313 -14.925889 -0.000000
259.216529 5.822722 -14.926037 -0.000000
271.985783 5.608281 -14.926181 -0.000000
283.809068 5.403475 -14.926308 -0.000000
294.809573 5.215167 -14.926412 -0.000000
305.115764 5.047577 -14.926491 -0.000000
314.850777 4.903167 -14.926547 -0.000000
324.128145 4.783308 -14.926586 -0.000000
333.051092 4.688723 -14.926609 -0.000000
341.713633 4.619772 -14.926621 -0.000000
350.202491 4.576625 -14.926626 -0.000000
358.599327 4.559350 -14.926627 -0.000000
6.983069 4.567967 -14.926627 -0.000000
15.432246 4.602462 -14.926630 -0.000000
24.027327 4.662781 -14.926639 -0.000000
32.853053 4.748790 -14.926658 -0.000000
42.000711 4.860202 -14.926691 -0.000000
51.570185 4.996430 -14.926741 -0.000000
61.671397 5.156355 -14.926812 -0.000000
72.424345 5.337934 -14.926907 -0.000000
83.956260 5.537618 -14.927026 -0.000000
96.393481 5.749534 -14.927166 -0.000000
109.844693 5.964523 -14.927314 -0.000000
124.372287 6.169306 -14.927453 -0.000000
139.952135 6.346515 -14.927560 -0.000000
156.431535 6.476539 -14.927620 -0.000000
173.508551 6.541805 -14.927636 -0.000000
190.760165 6.532355 -14.927638 -0.000000
207.724566 6.449694 -14.927664 -0.000000
224.003154 6.306174 -14.927736 -0.000000
239.330959 6.120394 -14.927853 -0.000000
253.590680 5.911709 -14.927996 -0.000000
266.783914 5.696550 -14.928143 -0.000000
278.987921 5.487119 -14.928278 -0.000000
290.317887 5.291660 -14.928391 -0.000000
300.901463 5.115378 -14.928480 -0.000000
310.864517 4.961376 -14.928545 -0.000000
320.324607 4.831419 -14.928590 -0.000000
329.389047 4.726463 -14.928619 -0.000000
338.155394 4.646997 -14.928635 -0.000000
346.713095 4.593259 -14.928643 -0.000000
355.145615 4.565352 -14.928645 -0.000000
3.532734 4.563316 -14.928645 -0.000000
11.952875 4.587148 -14.928647 -0.000000
20.485439 4.636814 -14.928653 -0.000000
29.213130 4.712217 -14.928667 -0.000000
38.224261 4.813140 -14.928694 -0.000000
47.614915 4.939138 -14.928736 -0.000000
57.490688 5.089340 -14.928798 -0.000000
67.967420 5.262130 -14.928883 -0.000000
79.169730 5.454654 -14.928992 -0.000000
91.225399 5.662094 -14.929124 -0.000000
104.252572 5.876753 -14.929270 -0.000000
118.336299 6.087118 -14.929414 -0.000000
133.492687 6.277430 -14.929537 -0.000000
149.625792 6.428678 -14.929616 -0.000000
166.494977 6.521883 -14.929648 -0.000000
183.720639 6.543396 -14.929651 -0.000000
200.846019 6.489845 -14.929663 -0.000000
217.436862 6.369496 -14.929714 -0.000000
233.169557 6.199015 -14.929814 -0.000000
247.868348 5.997957 -14.929949 -0.000000
261.490971 5.784180 -14.930096 -0.000000
274.088421 5.571616 -14.930237 -0.000000
285.763671 5.370025 -14.930359 -0.000000
296.641130 5.185736 -14.930457 -0.000000
306.848212 5.022611 -14.930532 -0.000000
316.506073 4.882893 -14.930585 -0.000000
325.726101 4.767825 -14.930620 -0.000000
334.609592 4.678060 -14.930640 -0.000000
343.249012 4.613923 -14.930651 -0.000000
351.729973 4.575566 -14.930655 -0.000000
0.133477 4.563050 -14.930655 -0.000000
8.538228 4.576389 -14.930656 -0.000000
17.022961 4.615561 -14.930660 -0.000000
25.668768 4.680499 -14.930671 -0.000000
34.561409 4.771041 -14.930692 -0.000000
43.793545 4.886847 -14.930727 -0.000000
53.466689 5.027242 -14.930781 -0.000000
63.692422 5.190953 -14.930856 -0.000000
74.591985 5.375687 -14.930955 -0.000000
86.292614 5.577513 -14.931078 -0.000000
98.918037 5.790009 -14.931218 -0.000000
112.569717 6.003302 -14.931365 -0.000000
127.296005 6.203354 -14.931499 -0.000000
143.050818 6.372263 -14.931597 -0.000000
159.654049 6.490557 -14.931646 -0.000000
176.778678 6.541825 -14.931657 -0.000000
193.989703 6.518174 -14.931661 -0.000000
210.832947 6.423322 -14.931694 -0.000000
226.933640 6.271105 -14.931774 -0.000000
242.056255 6.080499 -14.931896 -0.000000
256.108741 5.870390 -14.932041 -0.000000
269.109434 5.656370 -14.932185 -0.000000
281.144252 5.449808 -14.932315 -0.000000
292.331356 5.258297 -14.932423 -0.000000
302.798126 5.086583 -14.932507 -0.000000
312.668646 4.937481 -14.932568 -0.000000
322.058225 4.812584 -14.932610 -0.000000
331.072015 4.712748 -14.932636 -0.000000
339.805756 4.638412 -14.932650 -0.000000
348.347522 4.589788 -14.932656 -0.000000
356.779884 4.566968 -14.932657 -0.000000
5.182192 4.569983 -14.932657 -0.000000
13.632903 4.598826 -14.932660 -0.000000
22.211900 4.653449 -14.932667 -0.000000
31.002802 4.733733 -14.932684 -0.000000
40.095242 4.839420 -14.932713 -0.000000
49.586945 4.969986 -14.932759 -0.000000
59.585308 5.124430 -14.932825 -0.000000
70.207757 5.300917 -14.932914 -0.000000
81.579606 5.496247 -14.933027 -0.000000
93.827223 5.705095 -14.933161 -0.000000
107.063376 5.919071 -14.933307 -0.000000
121.361416 6.125848 -14.933448 -0.000000
136.717534 6.308955 -14.933562 -0.000000
153.008389 6.449176 -14.933631 -0.000000
169.964385 6.528298 -14.933654 -0.000000
187.186209 6.534530 -14.933656 -0.000000
204.216428 6.466904 -14.933673 -0.000000
220.640033 6.335664 -14.933734 -0.000000
236.163588 6.158359 -14.933841 -0.000000
250.640795 5.954360 -14.933979 -0.000000
264.051014 5.740741 -14.934125 -0.000000
276.457724 5.530523 -14.934261 -0.000000
287.969247 5.332686 -14.934378 -0.000000
298.710903 5.152992 -14.934471 -0.000000
308.808746 4.994929 -14.934541 -0.000000
318.381688 4.860512 -14.934589 -0.000000
327.538764 4.750849 -14.934621 -0.000000
336.379188 4.666522 -14.934639 -0.000000
344.993780 4.607818 -14.934648 -0.000000
353.467001 4.574872 -14.934651 -0.000000
1.879199 4.567734 -14.934651 -0.000000
10.308917 4.586413 -14.934652 -0.000000
18.835212 4.630877 -14.934657 -0.000000
27.539963 4.701040 -14.934670 -0.000000
36.510163 4.796704 -14.934694 -0.000000
45.840092 4.917466 -14.934732 -0.000000
55.633139 5.062537 -14.934790 -0.000000
66.002726 5.230454 -14.934870 -0.000000
77.071335 5.418620 -14.934973 -0.000000
88.965800 5.622636 -14.935099 -0.000000
101.806129 5.835425 -14.935242 -0.000000
115.684401 6.046288 -14.935386 -0.000000
130.631512 6.240348 -14.935513 -0.000000
146.575190 6.399208 -14.935600 -0.000000
163.304224 6.503748 -14.935639 -0.000000
180.465326 6.539082 -14.935645 -0.000000
197.613877 6.499734 -14.935652 -0.000000
214.308148 6.391809 -14.935694 -0.000000
230.202038 6.230581 -14.935783 -0.000000
245.092645 6.035246 -14.935911 -0.000000
258.914545 5.824054 -14.936056 -0.000000
271.703054 5.611649 -14.936197 -0.000000
283.552487 5.408504 -14.936322 -0.000000
294.583596 5.221520 -14.936424 -0.000000
304.923121 5.054973 -14.936502 -0.000000
314.693059 4.911379 -14.936559 -0.000000
324.006243 4.792152 -14.936596 -0.000000
332.965495 4.698050 -14.936619 -0.000000
341.664629 4.629460 -14.936631 -0.000000
350.190298 4.586567 -14.936636 -0.000000
358.624172 4.569449 -14.936637 -0.000000
7.045231 4.578130 -14.936637 -0.000000
15.532068 4.612595 -14.936640 -0.000000
24.165203 4.672780 -14.936650 -0.000000
33.029376 4.758538 -14.936669 -0.000000
42.215781 4.869555 -14.936701 -0.000000
51.824042 5.005212 -14.936751 -0.000000
61.963571 5.164344 -14.936822 -0.000000
72.753453 5.344846 -14.936916 -0.000000
84.319437 5.543101 -14.937033 -0.000000
96.785613 5.753170 -14.937170 -0.000000
110.257533 5.965853 -14.937315 -0.000000
124.793750 6.167913 -14.937450 -0.000000
140.366333 6.342155 -14.937554 -0.000000
156.820330 6.469320 -14.937611 -0.000000
173.854935 6.532302 -14.937626 -0.000000
191.052501 6.521569 -14.937628 -0.000000
207.959535 6.438812 -14.937654 -0.000000
224.185740 6.296261 -14.937725 -0.000000
239.471845 6.112191 -14.937839 -0.000000
253.702882 5.905598 -14.937980 -0.000000
266.880190 5.692634 -14.938124 -0.000000
279.079410 5.485325 -14.938255 -0.000000
290.413710 5.291836 -14.938366 -0.000000
301.008864 5.117341 -14.938453 -0.000000
310.989207 4.964949 -14.938517 -0.000000
320.471143 4.836443 -14.938562 -0.000000
329.561167 4.732796 -14.938590 -0.000000
338.356290 4.654519 -14.938606 -0.000000
346.945628 4.601861 -14.938613 -0.000000
355.412483 4.574937 -14.938615 -0.000000
3.836594 4.573789 -14.938615 -0.000000
12.296441 4.598416 -14.938616 -0.000000
20.871548 4.648775 -14.938623 -0.000000
29.644778 4.724755 -14.938638 -0.000000
38.704594 4.826113 -14.938664 -0.000000
48.147159 4.952364 -14.938707 -0.000000
58.077974 5.102579 -14.938769 -0.000000
68.612438 5.275059 -14.938854 -0.000000
79.874133 5.466834 -14.938963 -0.000000
91.988845 5.672943 -14.939093 -0.000000
105.071327 5.885534 -14.939236 -0.000000
119.201510 6.092968 -14.939377 -0.000000
134.388797 6.279483 -14.939494 -0.000000
150.530168 6.426289 -14.939569 -0.000000
167.380081 6.514921 -14.939598 -0.000000
184.559172 6.532444 -14.939600 -0.000000
201.617288 6.476138 -14.939613 -0.000000
218.131077 6.354583 -14.939665 -0.000000
233.788038 6.184350 -14.939765 -0.000000
248.420467 5.984641 -14.939897 -0.000000
261.990175 5.772894 -14.940041 -0.000000
274.549079 5.562699 -14.940179 -0.000000
286.199249 5.363586 -14.940298 -0.000000
297.063440 5.181748 -14.940393 -0.000000
307.267306 5.020982 -14.940466 -0.000000
316.930442 4.883507 -14.940517 -0.000000
326.162986 4.770561 -14.940551 -0.000000
335.065298 4.682803 -14.940570 -0.000000
343.729200 4.620567 -14.940580 -0.000000
352.239905 4.584013 -14.940584 -0.000000
0.678227 4.573205 -14.940584 -0.000000
9.122859 4.588158 -14.940585 -0.000000
17.652671 4.628846 -14.940589 -0.000000
26.349011 4.695185 -14.940600 -0.000000
35.297974 4.786990 -14.940622 -0.000000
44.592575 4.903880 -14.940659 -0.000000
54.334599 5.045115 -14.940713 -0.000000
64.635648 5.209323 -14.940789 -0.000000
75.616439 5.394071 -14.940888 -0.000000
87.402683 5.595233 -14.941010 -0.000000
100.114945 5.806142 -14.941149 -0.000000
113.849148 6.016664 -14.941293 -0.000000
128.645256 6.212571 -14.941421 -0.000000
144.446511 6.375993 -14.941513 -0.000000
161.062289 6.487878 -14.941557 -0.000000
178.159491 6.532657 -14.941566 -0.000000
195.305330 6.503470 -14.941570 -0.000000
212.056370 6.404848 -14.941606 -0.000000
228.052931 6.250916 -14.941688 -0.000000
243.073423 6.060437 -14.941809 -0.000000
257.035251 5.851817 -14.941951 -0.000000
269.961369 5.640148 -14.942092 -0.000000
281.938769 5.436400 -14.942218 -0.000000
293.084709 5.247898 -14.942323 -0.000000
303.524846 5.079231 -14.942403 -0.000000
313.381400 4.933129 -14.942462 -0.000000
322.768013 4.811144 -14.942502 -0.000000
331.788485 4.714122 -14.942526 -0.000000
340.537546 4.642500 -14.942539 -0.000000
349.102587 4.596493 -14.942545 -0.000000
357.565782 4.576196 -14.942546 -0.000000
6.006346 4.581640 -14.942546 -0.000000
14.502829 4.612815 -14.942549 -0.000000
23.135403 4.669659 -14.942557 -0.000000
31.988146 4.752031 -14.942574 -0.000000
41.151256 4.859632 -14.942605 -0.000000
50.723046 4.991873 -14.942652 -0.000000
60.811352 5.147648 -14.942719 -0.000000
71.533598 5.324967 -14.942810 -0.000000
83.014160 5.520404 -14.942924 -0.000000
95.376775 5.728327 -14.943057 -0.000000
108.728878 5.939978 -14.943200 -0.000000
123.134776 6.142676 -14.943336 -0.000000
138.577686 6.319765 -14.943442 -0.000000
154.919154 6.452258 -14.943504 -0.000000
171.876951 6.522748 -14.943523 -0.000000
189.047634 6.520724 -14.943524 -0.000000
205.981431 6.446511 -14.943545 -0.000000
222.280163 6.311142 -14.943609 -0.000000
237.669595 6.132249 -14.943718 -0.000000
252.018950 5.928774 -14.943854 -0.000000
265.317045 5.717171 -14.943997 -0.000000
277.631433 5.509888 -14.944129 -0.000000
289.070963 5.315483 -14.944242 -0.000000
299.759651 5.139440 -14.944331 -0.000000
309.821564 4.985085 -14.944397 -0.000000
319.373581 4.854346 -14.944443 -0.000000
328.522962 4.748288 -14.944472 -0.000000
337.367508 4.667477 -14.944489 -0.000000
345.997019 4.612198 -14.944497 -0.000000
354.495300 4.582583 -14.944499 -0.000000
2.942384 4.578685 -14.944499 -0.000000
11.416807 4.600506 -14.944501 -0.000000
19.997896 4.648006 -14.944506 -0.000000
28.768048 4.721077 -14.944520 -0.000000
37.814977 4.819483 -14.944545 -0.000000
47.233800 4.942757 -14.944586 -0.000000
57.128711 5.090007 -14.944646 -0.000000
67.613627 5.259607 -14.944727 -0.000000
78.810714 5.448718 -14.944833 -0.000000
90.844882 5.652599 -14.944959 -0.000000
103.831427 5.863728 -14.945100 -0.000000
117.853526 6.070913 -14.945240 -0.000000
132.928011 6.258886 -14.945359 -0.000000
148.964199 6.409229 -14.945437 -0.000000
165.732281 6.503458 -14.945469 -0.000000
182.867439 6.528045 -14.945473 -0.000000
199.927023 6.479198 -14.945483 -0.000000
216.485093 6.364368 -14.945530 -0.000000
232.218541 6.199360 -14.945623 -0.000000
246.946167 6.003124 -14.945751 -0.000000
260.617845 5.793246 -14.945893 -0.000000
273.277069 5.583639 -14.946030 -0.000000
285.020959 5.384178 -14.946150 -0.000000
295.969896 5.201346 -14.946247 -0.000000
306.248771 5.039153 -14.946321 -0.000000
315.977293 4.899965 -14.946374 -0.000000
325.266110 4.785113 -14.946409 -0.000000
334.216210 4.695319 -14.946430 -0.000000
342.920006 4.630952 -14.946440 -0.000000
351.463184 4.592193 -14.946444 -0.000000
359.926867 4.579118 -14.946445 -0.000000
8.389873 4.591748 -14.946445 -0.000000
16.930992 4.630058 -14.946449 -0.000000
25.631268 4.693966 -14.946460 -0.000000
34.576254 4.783288 -14.946480 -0.000000
43.858169 4.897653 -14.946515 -0.000000
53.577752 5.036341 -14.946567 -0.000000
63.845349 5.198024 -14.946641 -0.000000
74.780345 5.380354 -14.946737 -0.000000
86.507341 5.579350 -14.946856 -0.000000
99.146591 5.788581 -14.946993 -0.000000
112.795457 5.998249 -14.947135 -0.000000
127.498345 6.194543 -14.947263 -0.000000
143.206982 6.359983 -14.947357 -0.000000
159.742993 6.475681 -14.947404 -0.000000
176.786522 6.525796 -14.947415 -0.000000
193.914249 6.502729 -14.947418 -0.000000
210.684481 6.410053 -14.947449 -0.000000
226.731461 6.261095 -14.947526 -0.000000
241.823201 6.074225 -14.947644 -0.000000
255.866545 5.867835 -14.947783 -0.000000
268.876232 5.657226 -14.947923 -0.000000
280.933963 5.453647 -14.948049 -0.000000
292.154128 5.264677 -14.948154 -0.000000
302.661159 5.095103 -14.948236 -0.000000
312.577016 4.947798 -14.948295 -0.000000
322.015568 4.824410 -14.948336 -0.000000
331.081047 4.725846 -14.948362 -0.000000
339.868648 4.652581 -14.948375 -0.000000
348.466164 4.604853 -14.948381 -0.000000
356.956067 4.582770 -14.948382 -0.000000
5.417729 4.586371 -14.948383 -0.000000
13.929702 4.615647 -14.948385 -0.000000
22.571983 4.670537 -14.948393 -0.000000
31.428283 4.750898 -14.948409 -0.000000
40.588224 4.856435 -14.948439 -0.000000
50.149322 4.986567 -14.948484 -0.000000
60.218398 5.140210 -14.948550 -0.000000
70.911713 5.315422 -14.948638 -0.000000
82.352488 5.508868 -14.948749 -0.000000
94.663673 5.715069 -14.948880 -0.000000
107.952912 5.925505 -14.949021 -0.000000
122.286683 6.127814 -14.949156 -0.000000
137.653378 6.305693 -14.949263 -0.000000
