cos() sin()
6.610780 0.000000
6.610788 -0.000207
6.610810 -0.001634
6.610844 -0.005390
6.610879 -0.012380
6.610901 -0.023221
6.610884 -0.038196
6.610795 -0.057233
6.610602 -0.079918
6.610274 -0.105533
6.609794 -0.133117
6.609163 -0.161551
6.608405 -0.189648
6.607563 -0.216245
6.606694 -0.240305
6.605862 -0.260995
6.605127 -0.277765
6.604532 -0.290391
6.604099 -0.299001
6.603828 -0.304073
6.603692 -0.306391
6.603650 -0.306985
6.603648 -0.307040
6.603630 -0.307786
6.603538 -0.310394
6.603320 -0.315868
6.602928 -0.324956
6.602320 -0.338092
6.601465 -0.355358
6.600339 -0.376486
6.598938 -0.400883
6.597280 -0.427686
6.595404 -0.455835
6.593380 -0.484163
6.591297 -0.511487
6.589258 -0.536708
6.587370 -0.558898
6.585727 -0.577379
6.584396 -0.591780
6.583411 -0.602078
6.582767 -0.608599
6.582418 -0.611998
6.582284 -0.613204
6.582266 -0.613343
6.582248 -0.613636
6.582118 -0.615288
6.581771 -0.619384
6.581116 -0.626792
6.580082 -0.638086
6.578621 -0.653503
6.576712 -0.672925
6.574362 -0.695895
6.571613 -0.721664
6.568541 -0.749249
6.565256 -0.777523
6.561893 -0.805304
6.558604 -0.831449
6.555543 -0.854951
6.552846 -0.875019
6.550621 -0.891147
6.548923 -0.903159
6.547757 -0.911228
6.547070 -0.915870
6.546759 -0.917896
6.546682 -0.918353
6.546675 -0.918426
6.546566 -0.919335
6.546191 -0.922224
6.545409 -0.928061
6.544107 -0.937551
6.542207 -0.951080
6.539675 -0.968683
6.536519 -0.990050
6.532796 -1.014555
6.528607 -1.041310
6.524098 -1.069247
6.519448 -1.097203
6.514857 -1.124015
6.510530 -1.148614
6.506657 -1.170111
6.503386 -1.187876
6.500813 -1.201588
6.498966 -1.211267
6.497798 -1.217280
6.497196 -1.220311
6.496990 -1.221308
6.496969 -1.221398
6.496907 -1.221790
6.496580 -1.223666
6.495787 -1.228074
6.494363 -1.235837
6.492189 -1.247481
6.489202 -1.263195
6.485401 -1.282816
6.480842 -1.305853
6.475644 -1.331530
6.469980 -1.358855
6.464068 -1.386704
6.458155 -1.413912
6.452500 -1.439367
6.447345 -1.462104
6.442895 -1.481378
6.439291 -1.496734
6.436599 -1.508044
6.434795 -1.515522
6.433767 -1.519715
6.433329 -1.521456
6.433239 -1.521793
6.433218 -1.521902
6.432983 -1.522979
6.432271 -1.526130
6.430854 -1.532279
6.428561 -1.542082
6.425291 -1.555874
6.421014 -1.573644
6.415776 -1.595043
6.409702 -1.619417
6.402982 -1.645869
6.395867 -1.673330
6.388646 -1.700656
6.381629 -1.726711
6.375117 -1.750469
6.369372 -1.771092
6.364594 -1.787998
6.360896 -1.800918
6.358290 -1.809916
6.356684 -1.815394
6.355891 -1.818058
6.355643 -1.818861
6.355623 -1.818921
6.355494 -1.819424
6.354923 -1.821515
6.353621 -1.826196
6.351353 -1.834239
6.347965 -1.846118
6.343387 -1.861971
6.337642 -1.881597
6.330845 -1.904474
6.323195 -1.929810
6.314966 -1.956614
6.306483 -1.983776
6.298105 -2.010162
6.290188 -2.034703
6.283058 -2.056481
6.276979 -2.074807
6.272123 -2.089277
6.268550 -2.099810
6.266203 -2.106660
6.264907 -2.110398
6.264388 -2.111864
6.264299 -2.112101
6.264251 -2.112262
6.263855 -2.113506
6.262748 -2.116893
6.260628 -2.123294
6.257276 -2.133308
6.252571 -2.147220
6.246498 -2.164975
6.239149 -2.186191
6.230720 -2.210195
6.221495 -2.236086
6.211829 -2.262812
6.202122 -2.289254
6.192786 -2.314321
6.184210 -2.337036
6.176726 -2.356617
6.170573 -2.372538
6.165873 -2.384581
6.162616 -2.392852
6.160656 -2.397779
6.159728 -2.400082
6.159467 -2.400710
6.159447 -2.400759
6.159222 -2.401379
6.158360 -2.403669
6.156487 -2.408575
6.153310 -2.416812
6.148645 -2.428798
6.142425 -2.444624
6.134707 -2.464052
6.125667 -2.486537
6.115591 -2.511282
6.104852 -2.537307
6.093882 -2.563530
6.083145 -2.588857
6.073093 -2.612272
6.064126 -2.632914
6.056558 -2.650152
6.050582 -2.663639
6.046247 -2.673339
6.043454 -2.679537
6.041959 -2.682820
6.041398 -2.684029
6.041320 -2.684188
6.041229 -2.684413
6.040631 -2.685817
6.039074 -2.689404
6.036190 -2.695984
6.031718 -2.706098
6.025529 -2.719979
6.017629 -2.737529
6.008163 -2.758341
5.997403 -2.781732
5.985726 -2.806809
5.973593 -2.832546
5.961509 -2.857864
5.949982 -2.881724
5.939486 -2.903210
5.930409 -2.921600
5.923024 -2.936428
5.917451 -2.947526
5.913651 -2.955036
5.911419 -2.959408
5.910408 -2.961365
5.910155 -2.961838
5.910130 -2.961894
5.909778 -2.962633
5.908577 -2.965097
5.906075 -2.970170
5.901932 -2.978504
5.895942 -2.990460
5.888048 -3.006084
5.878349 -3.025105
5.867088 -3.046964
5.854637 -3.070870
5.841469 -3.095865
5.828123 -3.120906
5.815159 -3.144951
5.803119 -3.167044
5.792468 -3.186392
5.783563 -3.202425
5.776606 -3.214849
5.771629 -3.223673
5.768484 -3.229207
5.766855 -3.232046
5.766287 -3.233020
5.766225 -3.233120
5.766069 -3.233419
5.765228 -3.234969
5.763170 -3.238711
5.759467 -3.245388
5.753827 -3.255480
5.746121 -3.269167
5.736385 -3.286318
5.724821 -3.306502
5.711778 -3.329040
5.697730 -3.353056
5.683240 -3.377560
5.668911 -3.401527
5.655346 -3.423979
5.643088 -3.444068
5.632579 -3.461137
5.624111 -3.474783
5.617797 -3.484882
5.613562 -3.491612
5.611137 -3.495435
5.610090 -3.497066
5.609861 -3.497409
5.609818 -3.497486
5.609307 -3.498341
5.607720 -3.500946
5.604539 -3.506118
5.599382 -3.514441
5.592032 -3.526222
5.582453 -3.541461
5.570788 -3.559864
5.557352 -3.580866
5.542605 -3.603690
5.527117 -3.627412
5.511528 -3.651041
5.496493 -3.673597
5.482629 -3.694194
5.470463 -3.712108
5.460379 -3.726835
5.452586 -3.738135
5.447087 -3.746055
5.443683 -3.750926
5.441980 -3.753339
5.441432 -3.754102
5.441385 -3.754165
5.441140 -3.754541
5.440016 -3.756217
5.437408 -3.760059
5.432839 -3.766741
5.425998 -3.776680
5.416760 -3.790007
5.405199 -3.806559
5.391579 -3.825894
5.376329 -3.847341
5.360018 -3.870056
5.343304 -3.893098
5.326889 -3.915502
5.311454 -3.936364
5.297611 -3.954908
5.285839 -3.970548
5.276443 -3.982939
5.269522 -3.992005
5.264956 -3.997949
5.262411 -4.001238
5.261369 -4.002567
5.261175 -4.002805
5.261098 -4.002915
5.260395 -4.003874
5.258377 -4.006579
5.254471 -4.011773
5.248266 -4.019971
5.239540 -4.031423
5.228283 -4.046092
5.214691 -4.063664
5.199152 -4.083580
5.182212 -4.105088
5.164539 -4.127309
5.146865 -4.149312
5.129932 -4.170192
5.114427 -4.189137
5.100923 -4.205498
5.089829 -4.218838
5.081345 -4.228971
5.075444 -4.235975
5.071866 -4.240193
5.070144 -4.242206
5.069638 -4.242784
5.069600 -4.242827
5.069239 -4.243281
5.067792 -4.245053
5.064592 -4.248933
5.059122 -4.255520
5.051058 -4.265168
5.040293 -4.277963
5.026942 -4.293715
5.011333 -4.311981
4.993978 -4.332109
4.975535 -4.353296
4.956757 -4.374661
4.938431 -4.395311
4.921315 -4.414421
4.906073 -4.431292
4.893215 -4.445414
4.883050 -4.456499
4.875655 -4.464514
4.870859 -4.469678
4.868261 -4.472455
4.867259 -4.473512
4.867105 -4.473667
4.866976 -4.473819
4.866044 -4.474865
4.863556 -4.477622
4.858890 -4.482752
4.851612 -4.490701
4.841511 -4.501667
4.828606 -4.515579
4.813149 -4.532111
4.795603 -4.550719
4.776601 -4.570686
4.756900 -4.591191
4.737321 -4.611374
4.718682 -4.630409
4.701730 -4.647569
4.687077 -4.662281
4.675142 -4.674175
4.666114 -4.683114
4.659925 -4.689204
4.656257 -4.692790
4.654561 -4.694431
4.654114 -4.694854
4.654075 -4.694894
4.653569 -4.695418
4.651762 -4.697250
4.647933 -4.701097
4.641537 -4.707481
4.632247 -4.716695
4.619979 -4.728784
4.604895 -4.743538
4.587389 -4.760520
4.568054 -4.779110
4.547636 -4.798557
4.526973 -4.818048
4.506933 -4.836773
4.488337 -4.853990
4.471893 -4.869086
4.458132 -4.881622
4.447358 -4.891369
4.439618 -4.898327
4.434689 -4.902730
4.432099 -4.905025
4.431163 -4.905842
4.431048 -4.905938
4.430845 -4.906134
4.429652 -4.907243
4.426658 -4.909994
4.421204 -4.914967
4.412848 -4.922540
4.401388 -4.932859
4.386886 -4.945825
4.369651 -4.961113
4.350219 -4.978201
4.329308 -4.996418
4.307760 -5.015011
4.286474 -5.033199
4.266336 -5.050245
4.248143 -5.065508
4.232533 -5.078497
4.219931 -5.088906
4.210503 -5.096642
4.204137 -5.101833
4.200452 -5.104817
4.198824 -5.106120
4.198444 -5.106416
4.198391 -5.106464
4.197711 -5.107045
4.195510 -5.108895
4.191024 -5.112630
4.183691 -5.118697
4.173188 -5.127331
4.159460 -5.138538
4.142722 -5.152099
4.123435 -5.167594
4.102270 -5.184440
4.080054 -5.201951
4.057708 -5.219393
4.036165 -5.236043
4.016302 -5.251252
3.998860 -5.264491
3.984381 -5.275395
3.973156 -5.283789
3.965196 -5.289703
3.960223 -5.293372
3.957695 -5.295222
3.956847 -5.295831
3.956765 -5.295888
3.956464 -5.296127
3.954979 -5.297268
3.951449 -5.299949
3.945193 -5.304666
3.935764 -5.311730
3.922984 -5.321240
3.906956 -5.333078
3.888052 -5.346925
3.866880 -5.362291
3.844235 -5.378566
3.821039 -5.395070
3.798262 -5.411112
3.776845 -5.426047
3.757624 -5.439327
3.741256 -5.450540
3.728158 -5.459445
3.718469 -5.465986
3.712031 -5.470304
3.708397 -5.472722
3.706869 -5.473726
3.706561 -5.473922
3.706475 -5.473986
3.705593 -5.474607
3.702968 -5.476422
3.697808 -5.479960
3.689538 -5.485592
3.677851 -5.493497
3.662730 -5.503651
3.644439 -5.515832
3.623509 -5.529644
3.600686 -5.544558
3.576873 -5.559957
3.553059 -5.575195
3.530239 -5.589646
3.509331 -5.602755
3.491099 -5.614080
3.476088 -5.623328
3.464567 -5.630372
3.456506 -5.635266
3.451571 -5.638241
3.449149 -5.639686
3.448404 -5.640121
3.448345 -5.640154
3.447921 -5.640429
3.446114 -5.641565
3.442028 -5.644105
3.434966 -5.648462
3.424488 -5.654881
3.410444 -5.663422
3.392985 -5.673954
3.372542 -5.686173
3.349796 -5.699634
3.325615 -5.713792
3.300989 -5.728052
3.276948 -5.741820
3.254482 -5.754549
3.234452 -5.765784
3.217523 -5.775192
3.204099 -5.782591
3.194285 -5.787960
3.187870 -5.791443
3.184346 -5.793340
3.182944 -5.794083
3.182706 -5.794203
3.182567 -5.794287
3.181456 -5.794922
3.178385 -5.796646
3.172540 -5.799898
3.163350 -5.804973
3.150529 -5.812001
3.134098 -5.820934
3.114379 -5.831556
3.091966 -5.843507
3.067677 -5.856316
3.042482 -5.869450
3.017433 -5.882355
2.993571 -5.894507
2.971846 -5.905449
2.953036 -5.914827
2.937675 -5.922414
2.926007 -5.928129
2.917957 -5.932041
2.913132 -5.934366
2.910856 -5.935450
2.910220 -5.935744
2.910170 -5.935768
2.909599 -5.936065
2.907447 -5.937152
2.902791 -5.939474
2.894932 -5.943363
2.883444 -5.949003
2.868213 -5.956418
2.849437 -5.965474
2.827609 -5.975892
2.803476 -5.987279
2.777972 -5.999167
2.752148 -6.011054
2.727085 -6.022445
2.703805 -6.032898
2.683188 -6.042050
2.665896 -6.049646
2.652309 -6.055558
2.642496 -6.059792
2.636193 -6.062487
2.632829 -6.063910
2.631571 -6.064432
2.631396 -6.064500
2.631185 -6.064601
2.629819 -6.065219
2.626285 -6.066789
2.619760 -6.069659
2.609681 -6.074055
2.595791 -6.080061
2.578155 -6.087613
2.557152 -6.096510
2.533437 -6.106436
2.507892 -6.116991
2.481549 -6.127728
2.455507 -6.138197
2.430846 -6.147977
2.408536 -6.156710
2.389355 -6.164130
2.373824 -6.170072
2.362151 -6.174495
2.354214 -6.177474
2.349565 -6.179201
2.347462 -6.179970
2.346938 -6.180154
2.346881 -6.180178
2.346140 -6.180477
2.343622 -6.181465
2.338395 -6.183489
2.329762 -6.186800
2.317321 -6.191526
2.300996 -6.197665
2.281038 -6.205087
2.257998 -6.213546
2.232683 -6.222712
2.206087 -6.232200
2.179311 -6.241608
2.153473 -6.250548
2.129620 -6.258681
2.108637 -6.265736
2.091172 -6.271533
2.077581 -6.275994
2.067886 -6.279142
2.061773 -6.281106
2.058611 -6.282107
2.057508 -6.282447
2.057386 -6.282482
2.057079 -6.282593
2.055439 -6.283156
2.051434 -6.284504
2.044243 -6.286895
2.033322 -6.290490
2.018448 -6.295333
1.999732 -6.301354
1.977607 -6.308375
1.952790 -6.316131
1.926217 -6.324303
1.898969 -6.332538
1.872187 -6.340493
1.846974 -6.347855
1.824310 -6.354365
1.804966 -6.359837
1.789435 -6.364171
1.777891 -6.367352
1.770161 -6.369456
1.765741 -6.370643
1.763833 -6.371144
1.763416 -6.371246
1.763334 -6.371273
1.762401 -6.371550
1.759506 -6.372384
1.753714 -6.374025
1.744344 -6.376647
1.731024 -6.380330
1.713719 -6.385052
1.692732 -6.390693
1.668670 -6.397054
1.642395 -6.403872
1.614951 -6.410856
1.587476 -6.417707
1.561118 -6.424147
1.536933 -6.429941
1.515801 -6.434910
1.498351 -6.438943
1.484903 -6.442004
1.475434 -6.444129
1.469579 -6.445423
1.466651 -6.446056
1.465707 -6.446252
1.465624 -6.446267
1.465202 -6.446376
1.463271 -6.446842
1.458796 -6.447895
1.450967 -6.449710
1.439266 -6.452384
1.423509 -6.455932
1.403856 -6.460282
1.380793 -6.465291
1.355087 -6.470756
1.327725 -6.476440
1.299828 -6.482095
1.272564 -6.487487
1.247049 -6.492410
1.224260 -6.496705
1.204951 -6.500265
1.189585 -6.503041
1.178291 -6.505045
1.170850 -6.506341
1.166704 -6.507048
1.165005 -6.507327
1.164688 -6.507374
1.164561 -6.507402
1.163417 -6.507627
1.160140 -6.508247
1.153803 -6.509418
1.143747 -6.511243
1.129637 -6.513759
1.111484 -6.516932
1.089639 -6.520664
1.064763 -6.524805
1.037763 -6.529174
1.009723 -6.533575
0.981812 -6.537818
0.955189 -6.541737
0.930910 -6.545200
0.909842 -6.548116
0.892584 -6.550440
0.879417 -6.552168
0.870271 -6.553339
0.864731 -6.554030
0.862061 -6.554351
0.861275 -6.554438
0.861214 -6.554444
0.860657 -6.554531
0.858425 -6.554853
0.853491 -6.555537
0.845064 -6.556677
0.832662 -6.558316
0.816141 -6.560444
0.795710 -6.563000
0.771906 -6.565881
0.745541 -6.568953
0.717641 -6.572072
0.689357 -6.575096
0.661871 -6.577902
0.636301 -6.580394
0.613612 -6.582506
0.594530 -6.584208
0.579480 -6.585498
0.568549 -6.586399
0.561466 -6.586961
0.557629 -6.587251
0.556145 -6.587353
0.555914 -6.587364
0.555723 -6.587388
0.554356 -6.587525
0.550699 -6.587867
0.543847 -6.588482
0.533172 -6.589405
0.518378 -6.590638
0.499524 -6.592143
0.477010 -6.593852
0.451540 -6.595677
0.424062 -6.597519
0.395688 -6.599285
0.367604 -6.600898
0.340970 -6.602302
0.316833 -6.603468
0.296032 -6.604387
0.279133 -6.605071
0.266372 -6.605546
0.257634 -6.605844
0.252455 -6.606003
0.250059 -6.606065
0.249423 -6.606075
0.249366 -6.606077
0.248657 -6.606120
0.246122 -6.606245
0.240749 -6.606484
0.231780 -6.606853
0.218768 -6.607349
0.201619 -6.607946
0.180587 -6.608600
0.156252 -6.609256
0.129469 -6.609859
0.101291 -6.610362
0.072885 -6.610731
0.045437 -6.610958
0.020056 -6.611051
-0.002318 -6.611039
-0.020994 -6.610956
-0.035586 -6.610841
-0.046057 -6.610726
-0.052721 -6.610632
-0.056225 -6.610569
-0.057495 -6.610536
-0.057654 -6.610528
-0.057927 -6.610535
-0.059528 -6.610545
-0.063551 -6.610544
-0.070876 -6.610516
-0.082090 -6.610437
-0.097445 -6.610281
-0.116837 -6.610015
-0.139820 -6.609610
-0.165651 -6.609043
-0.193352 -6.608307
-0.221794 -6.607415
-0.249789 -6.606403
-0.276182 -6.605326
-0.299951 -6.604251
-0.320291 -6.603248
-0.336676 -6.602382
-0.348917 -6.601694
-0.357176 -6.601205
-0.361958 -6.600905
-0.364074 -6.600761
-0.364572 -6.600720
-0.364643 -6.600719
-0.365517 -6.600688
-0.368352 -6.600562
-0.374131 -6.600279
-0.383576 -6.599787
-0.397088 -6.599040
-0.414716 -6.598006
-0.436160 -6.596668
-0.460800 -6.595028
-0.487754 -6.593112
-0.515948 -6.590974
-0.544209 -6.588694
-0.571361 -6.586374
-0.596317 -6.584128
-0.618171 -6.582068
-0.636271 -6.580293
-0.650280 -6.578871
-0.660205 -6.577832
-0.666404 -6.577163
-0.669559 -6.576810
-0.670621 -6.576682
-0.670727 -6.576666
-0.671099 -6.576640
-0.672935 -6.576478
-0.677303 -6.576067
-0.685045 -6.575312
-0.696704 -6.574139
-0.712485 -6.572500
-0.732237 -6.570377
-0.755475 -6.567785
-0.781426 -6.564777
-0.809091 -6.561440
-0.837335 -6.557895
-0.864977 -6.554292
-0.890886 -6.550792
-0.914072 -6.547557
-0.933769 -6.544728
-0.949500 -6.542412
-0.961123 -6.540663
-0.968843 -6.539476
-0.973203 -6.538790
-0.975041 -6.538491
-0.975415 -6.538423
-0.975519 -6.538412
-0.976566 -6.538276
-0.979689 -6.537842
-0.985831 -6.536962
-0.995671 -6.535521
-1.009560 -6.533443
-1.027503 -6.530696
-1.049158 -6.527296
-1.073873 -6.523310
-1.100741 -6.518851
-1.128685 -6.514078
-1.156538 -6.509182
-1.183144 -6.504376
-1.207450 -6.499872
-1.228590 -6.495864
-1.245961 -6.492503
-1.259274 -6.489881
-1.268581 -6.488017
-1.274280 -6.486857
-1.277080 -6.486275
-1.277947 -6.486086
-1.278018 -6.486069
-1.278502 -6.485987
-1.280570 -6.485607
-1.285251 -6.484721
-1.293342 -6.483160
-1.305339 -6.480808
-1.321395 -6.477606
-1.341319 -6.473558
-1.364591 -6.468732
-1.390413 -6.463258
-1.417780 -6.457324
-1.445561 -6.451159
-1.472596 -6.445025
-1.497786 -6.439187
-1.520184 -6.433894
-1.539072 -6.429352
-1.554025 -6.425701
-1.564945 -6.422997
-1.572081 -6.421207
-1.576004 -6.420207
-1.577570 -6.419798
-1.577840 -6.419722
-1.577992 -6.419691
-1.579217 -6.419412
-1.582606 -6.418613
-1.589057 -6.417064
-1.599197 -6.414597
-1.613331 -6.411111
-1.631414 -6.406584
-1.653068 -6.401075
-1.677616 -6.394718
-1.704143 -6.387720
-1.731573 -6.380344
-1.758760 -6.372893
-1.784579 -6.365686
-1.808021 -6.359030
-1.828269 -6.353191
-1.844773 -6.348365
-1.857293 -6.344659
-1.865925 -6.342075
-1.871100 -6.340507
-1.873547 -6.339754
-1.874234 -6.339534
-1.874290 -6.339517
-1.874895 -6.339353
-1.877183 -6.338706
-1.882136 -6.337279
-1.890498 -6.334840
-1.902711 -6.331237
-1.918882 -6.326408
-1.938780 -6.320387
-1.961855 -6.313302
-1.987298 -6.305365
-2.014105 -6.296866
-2.041164 -6.288142
-2.067346 -6.279564
-2.091595 -6.271496
-2.113016 -6.264267
-2.130945 -6.258139
-2.145009 -6.253277
-2.155159 -6.249733
-2.161677 -6.247433
-2.165159 -6.246190
-2.166466 -6.245713
-2.166651 -6.245641
-2.166867 -6.245575
-2.168266 -6.245114
-2.171890 -6.243892
-2.178585 -6.241607
-2.188922 -6.238044
-2.203152 -6.233088
-2.221189 -6.226734
-2.242625 -6.219090
-2.266765 -6.210365
-2.292693 -6.200859
-2.319350 -6.190941
-2.345620 -6.181023
-2.370424 -6.171525
-2.392802 -6.162843
-2.411997 -6.155306
-2.427512 -6.149148
-2.439159 -6.144482
-2.447074 -6.141282
-2.451712 -6.139389
-2.453814 -6.138519
-2.454343 -6.138292
-2.454401 -6.138270
-2.455132 -6.137996
-2.457621 -6.137033
-2.462793 -6.135004
-2.471334 -6.131621
-2.483633 -6.126706
-2.499748 -6.120203
-2.519413 -6.112183
-2.542059 -6.102839
-2.566872 -6.092470
-2.592862 -6.081464
-2.618947 -6.070271
-2.644041 -6.059361
-2.667142 -6.049192
-2.687414 -6.040166
-2.704251 -6.032593
-2.717334 -6.026653
-2.726659 -6.022385
-2.732539 -6.019671
-2.735584 -6.018250
-2.736651 -6.017743
-2.736772 -6.017682
-2.737063 -6.017560
-2.738626 -6.016876
-2.742446 -6.015177
-2.749308 -6.012094
-2.759725 -6.007377
-2.773895 -6.000904
-2.791695 -5.992697
-2.812689 -5.982917
-2.836177 -5.971851
-2.861252 -5.959895
-2.886884 -5.947523
-2.912000 -5.935251
-2.935574 -5.923596
-2.956707 -5.913032
-2.974705 -5.903945
-2.989128 -5.896598
-2.999837 -5.891099
-3.007005 -5.887391
-3.011106 -5.885251
-3.012879 -5.884313
-3.013271 -5.884099
-3.013347 -5.884063
-3.014204 -5.883645
-3.016865 -5.882317
-3.022194 -5.879629
-3.030814 -5.875246
-3.043057 -5.868973
-3.058938 -5.860769
-3.078158 -5.850747
-3.100140 -5.839168
-3.124074 -5.826423
-3.148997 -5.812999
-3.173868 -5.799449
-3.197655 -5.786343
-3.219418 -5.774224
-3.238385 -5.763557
-3.254016 -5.754688
-3.266045 -5.747810
-3.274507 -5.742936
-3.279740 -5.739899
-3.282360 -5.738364
-3.283209 -5.737857
-3.283286 -5.737809
-3.283659 -5.737609
-3.285369 -5.736660
-3.289337 -5.734430
-3.296280 -5.730497
-3.306650 -5.724579
-3.320597 -5.716560
-3.337960 -5.706494
-3.358288 -5.694600
-3.380881 -5.681248
-3.404857 -5.666928
-3.429223 -5.652215
-3.452961 -5.637727
-3.475108 -5.624069
-3.494833 -5.611785
-3.511508 -5.601309
-3.524755 -5.592922
-3.534479 -5.586721
-3.540884 -5.582608
-3.544455 -5.580298
-3.545921 -5.579336
-3.546199 -5.579148
-3.546308 -5.579085
-3.547283 -5.578489
-3.550081 -5.576748
-3.555495 -5.573350
-3.564083 -5.567921
-3.576120 -5.560260
-3.591581 -5.550345
-3.610144 -5.538341
-3.631227 -5.524580
-3.654040 -5.509542
-3.677656 -5.493813
-3.701086 -5.478046
-3.723362 -5.462901
-3.743616 -5.448998
-3.761146 -5.436858
-3.775476 -5.426855
-3.786392 -5.419180
-3.793968 -5.413819
-3.798558 -5.410549
-3.800773 -5.408956
-3.801428 -5.408474
-3.801481 -5.408435
-3.801938 -5.408131
-3.803772 -5.406875
-3.807829 -5.404067
-3.814757 -5.399238
-3.824946 -5.392088
-3.838498 -5.382512
-3.855223 -5.370603
-3.874661 -5.356643
-3.896124 -5.341085
-3.918762 -5.324513
-3.941635 -5.307599
-3.963787 -5.291055
-3.984328 -5.275566
-4.002503 -5.261738
-4.017752 -5.250043
-4.029755 -5.240769
-4.038463 -5.233997
-4.044103 -5.229583
-4.047160 -5.227172
-4.048345 -5.226225
-4.048532 -5.226069
-4.048683 -5.225961
-4.049764 -5.225152
-4.052654 -5.222954
-4.058073 -5.218802
-4.066509 -5.212296
-4.078184 -5.203232
-4.093037 -5.191620
-4.110729 -5.177676
-4.130685 -5.161810
-4.152143 -5.144588
-4.174225 -5.126693
-4.196004 -5.108869
-4.216586 -5.091863
-4.235180 -5.076359
-4.251159 -5.062925
-4.264112 -5.051954
-4.273877 -5.043627
-4.280558 -5.037895
-4.284518 -5.034474
-4.286352 -5.032874
-4.286842 -5.032437
-4.286887 -5.032399
-4.287425 -5.031961
-4.289349 -5.030360
-4.293430 -5.026931
-4.300239 -5.021172
-4.310106 -5.012773
-4.323088 -5.001649
-4.338973 -4.987936
-4.357300 -4.971983
-4.377404 -4.954325
-4.398480 -4.935637
-4.419648 -4.916685
-4.440027 -4.898264
-4.458805 -4.881133
-4.475308 -4.865949
-4.489046 -4.853211
-4.499759 -4.843208
-4.507436 -4.835996
-4.512319 -4.831379
-4.514888 -4.828931
-4.515821 -4.828028
-4.515941 -4.827908
-4.516140 -4.827734
-4.517305 -4.826676
-4.520235 -4.823982
-4.525568 -4.819042
-4.533726 -4.811438
-4.544880 -4.800975
-4.558933 -4.787699
-4.575544 -4.771884
-4.594151 -4.754014
-4.614033 -4.734744
-4.634369 -4.714844
-4.654305 -4.695147
-4.673031 -4.676472
-4.689837 -4.659564
-4.704173 -4.645023
-4.715695 -4.633252
-4.724287 -4.624417
-4.730077 -4.618426
-4.733430 -4.614933
-4.734915 -4.613370
-4.735266 -4.612990
-4.735317 -4.612941
-4.735926 -4.612341
-4.737903 -4.610355
-4.741931 -4.606272
-4.748510 -4.599561
-4.757908 -4.589913
-4.770144 -4.577268
-4.784989 -4.561813
-4.801991 -4.543964
-4.820520 -4.524336
-4.839823 -4.503693
-4.859093 -4.482887
-4.877531 -4.462788
-4.894412 -4.444218
-4.909144 -4.427875
-4.921309 -4.414275
-4.930704 -4.403700
-4.937349 -4.396174
-4.941496 -4.391446
-4.943607 -4.389019
-4.944320 -4.388186
-4.944393 -4.388097
-4.944641 -4.387834
-4.945864 -4.386494
-4.948772 -4.383269
-4.953924 -4.377516
-4.961673 -4.368809
-4.972140 -4.356971
-4.985207 -4.342087
-5.000531 -4.324491
-5.017578 -4.304744
-5.035677 -4.283582
-5.054073 -4.261862
-5.071997 -4.240492
-5.088726 -4.220359
-5.103638 -4.202251
-5.116263 -4.186796
-5.126318 -4.174396
-5.133731 -4.165194
-5.138649 -4.159051
-5.141425 -4.155558
-5.142595 -4.154069
-5.142835 -4.153753
-5.142902 -4.153677
-5.143567 -4.152884
-5.145548 -4.150481
-5.149443 -4.145717
-5.155674 -4.138044
-5.164455 -4.127165
-5.175768 -4.113048
-5.189378 -4.095935
-5.204850 -4.076310
-5.221599 -4.054868
-5.238938 -4.032453
-5.256138 -4.009994
-5.272491 -3.988431
-5.287364 -3.968635
-5.300248 -3.951336
-5.310800 -3.937058
-5.318865 -3.926067
-5.324493 -3.918348
-5.327935 -3.913595
-5.329625 -3.911239
-5.330150 -3.910494
-5.330194 -3.910429
-5.330486 -3.910052
-5.331733 -3.908398
-5.334552 -3.904615
-5.339420 -3.898036
-5.346624 -3.888237
-5.356242 -3.875065
-5.368138 -3.858650
-5.381978 -3.839388
-5.397267 -3.817913
-5.413390 -3.795040
-5.429674 -3.771703
-5.445439 -3.748877
-5.460055 -3.727505
-5.472992 -3.708412
-5.483858 -3.692238
-5.492431 -3.679379
-5.498677 -3.669946
-5.502751 -3.663752
-5.504988 -3.660323
-5.505881 -3.658936
-5.506035 -3.658686
-5.506124 -3.658564
-5.506823 -3.657550
-5.508755 -3.654701
-5.512427 -3.649240
-5.518190 -3.640611
-5.526202 -3.628534
-5.536419 -3.613015
-5.548606 -3.594351
-5.562357 -3.573094
-5.577139 -3.550013
-5.592340 -3.526028
-5.607321 -3.502137
-5.621469 -3.479336
-5.634247 -3.458536
-5.645232 -3.440489
-5.654150 -3.425715
-5.660893 -3.414460
-5.665531 -3.406664
-5.668306 -3.401964
-5.669617 -3.399721
-5.669985 -3.399075
-5.670016 -3.399022
-5.670343 -3.398505
-5.671572 -3.396509
-5.674229 -3.392148
-5.678705 -3.384743
-5.685226 -3.373880
-5.693833 -3.359435
-5.704380 -3.341587
-5.716551 -3.320796
-5.729898 -3.297764
-5.743876 -3.273380
-5.757898 -3.248646
-5.771381 -3.224596
-5.783793 -3.202214
-5.794697 -3.182354
-5.803779 -3.165657
-5.810874 -3.152505
-5.815978 -3.142972
-5.819248 -3.136820
-5.820991 -3.133509
-5.821644 -3.132248
-5.821736 -3.132060
-5.821847 -3.131871
-5.822552 -3.130608
-5.824374 -3.127292
-5.827731 -3.121127
-5.832901 -3.111563
-5.839995 -3.098340
-5.848948 -3.081510
-5.859534 -3.061422
-5.871386 -3.038698
-5.884033 -3.014175
-5.896946 -2.988840
-5.909583 -2.963750
-5.921432 -2.939946
-5.932053 -2.918371
-5.941110 -2.899783
-5.948394 -2.884695
-5.953839 -2.873321
-5.957526 -2.865556
-5.959681 -2.860978
-5.960656 -2.858882
-5.960900 -2.858340
-5.960928 -2.858284
-5.961272 -2.857603
-5.962437 -2.855241
-5.964851 -2.850292
-5.968825 -2.842074
-5.974527 -2.830190
-5.981965 -2.814553
-5.990993 -2.795393
-6.001325 -2.773229
-6.012565 -2.748832
-6.024248 -2.723155
-6.035882 -2.697258
-6.046985 -2.672224
-6.057128 -2.649070
-6.065967 -2.628661
-6.073262 -2.611636
-6.078901 -2.598351
-6.082902 -2.588842
-6.085416 -2.582814
-6.086713 -2.579669
-6.087165 -2.578549
-6.087216 -2.578414
-6.087344 -2.578136
-6.088021 -2.576601
-6.089666 -2.572804
-6.092611 -2.565942
-6.097064 -2.555476
-6.103092 -2.541180
-6.110622 -2.523147
-6.119442 -2.501786
-6.129233 -2.477780
-6.139598 -2.452029
-6.150097 -2.425578
-6.160291 -2.399534
-6.169773 -2.374971
-6.178201 -2.352850
-6.185324 -2.333929
-6.190993 -2.318700
-6.195179 -2.307346
-6.197966 -2.299710
-6.199554 -2.295315
-6.200237 -2.293392
-6.200386 -2.292953
-6.200417 -2.292877
-6.200758 -2.292009
-6.201806 -2.289264
-6.203892 -2.283726
-6.207252 -2.274722
-6.212000 -2.261878
-6.218119 -2.245149
-6.225471 -2.224815
-6.233806 -2.201457
-6.242794 -2.175904
-6.252058 -2.149167
-6.261203 -2.122354
-6.269856 -2.096586
-6.277692 -2.072898
-6.284455 -2.052159
-6.289981 -2.034995
-6.294202 -2.021731
-6.297153 -2.012358
-6.298967 -2.006530
-6.299869 -2.003588
-6.300158 -2.002617
-6.300184 -2.002523
-6.300320 -2.002135
-6.300928 -2.000307
-6.302326 -1.996023
-6.304759 -1.988482
-6.308371 -1.977167
-6.313194 -1.961885
-6.319149 -1.942780
-6.326054 -1.920315
-6.333643 -1.895229
-6.341601 -1.868480
-6.349586 -1.841161
-6.357265 -1.814415
-6.364338 -1.789340
-6.370562 -1.766902
-6.375766 -1.747850
-6.379859 -1.732650
-6.382839 -1.721444
-6.384786 -1.714027
-6.385864 -1.709864
-6.386301 -1.708133
-6.386381 -1.707792
-6.386417 -1.707676
-6.386726 -1.706599
-6.387598 -1.703461
-6.389271 -1.697345
-6.391905 -1.687595
-6.395567 -1.673870
-6.400226 -1.656167
-6.405757 -1.634819
-6.411958 -1.610462
-6.418573 -1.583978
-6.425316 -1.556426
-6.431899 -1.528953
-6.438059 -1.502703
-6.443573 -1.478720
-6.448277 -1.457867
-6.452072 -1.440746
-6.454930 -1.427647
-6.456893 -1.418514
-6.458070 -1.412950
-6.458630 -1.410241
-6.458791 -1.409420
-6.458804 -1.409352
-6.458931 -1.408833
-6.459425 -1.406699
-6.460502 -1.401931
-6.462322 -1.393743
-6.464973 -1.381645
-6.468458 -1.365485
-6.472701 -1.345455
-6.477557 -1.322071
-6.482825 -1.296125
-6.488277 -1.268620
-6.493673 -1.240689
-6.498792 -1.213499
-6.503441 -1.188160
-6.507475 -1.165633
-6.510798 -1.146646
-6.513371 -1.131633
-6.515210 -1.120693
-6.516385 -1.113573
-6.517012 -1.109684
-6.517248 -1.108154
-6.517282 -1.107901
-6.517319 -1.107726
-6.517562 -1.106423
-6.518196 -1.102890
-6.519367 -1.096218
-6.521165 -1.085779
-6.523618 -1.071267
-6.526685 -1.052726
-6.530268 -1.030540
-6.534219 -1.005393
-6.538362 -0.978217
-6.542510 -0.950106
-6.546486 -0.922234
-6.550137 -0.895757
-6.553342 -0.871717
-6.556024 -0.850958
-6.558144 -0.834054
-6.559707 -0.821253
-6.560754 -0.812453
-6.561360 -0.807205
-6.561632 -0.804749
-6.561699 -0.804075
-6.561707 -0.804016
-6.561804 -0.803346
-6.562133 -0.800898
-6.562811 -0.795661
-6.563920 -0.786870
-6.565494 -0.774072
-6.567518 -0.757158
-6.569927 -0.736368
-6.572621 -0.712266
-6.575471 -0.685692
-6.578342 -0.657685
-6.581104 -0.629405
-6.583646 -0.602031
-6.585883 -0.576674
-6.587764 -0.554277
-6.589264 -0.535543
-6.590388 -0.520866
-6.591163 -0.510299
-6.591638 -0.503541
-6.591876 -0.499957
-6.591955 -0.498634
-6.591961 -0.498454
-6.591989 -0.498200
-6.592129 -0.496660
-6.592460 -0.492736
-6.593039 -0.485544
-6.593896 -0.474485
-6.595023 -0.459298
-6.596383 -0.440072
-6.597908 -0.417239
-6.599514 -0.391528
-6.601111 -0.363908
-6.602618 -0.335500
-6.603969 -0.307493
-6.605122 -0.281042
-6.606056 -0.257176
-6.606774 -0.236713
-6.607294 -0.220188
-6.607643 -0.207806
-6.607854 -0.199418
-6.607960 -0.194530
-6.607996 -0.192339
-6.607998 -0.191803
-6.608002 -0.191734
-6.608043 -0.190898
-6.608154 -0.188135
-6.608355 -0.182452
-6.608655 -0.173117
-6.609045 -0.159717
-6.609496 -0.142189
-6.609966 -0.120819
-6.610405 -0.096216
-6.610766 -0.069257
-6.611010 -0.041008
-6.611120 -0.012644
-6.611095 0.014654
-6.610958 0.039790
-6.610745 0.061843
-6.610499 0.080148
-6.610259 0.094354
-6.610057 0.104453
-6.609910 0.110794
-6.609821 0.114051
-6.609782 0.115172
-6.609775 0.115294
-6.609779 0.115644
-6.609773 0.117430
-6.609733 0.121728
-6.609634 0.129395
-6.609448 0.140987
-6.609146 0.156724
-6.608696 0.176467
-6.608073 0.199742
-6.607264 0.225780
-6.606270 0.253588
-6.605118 0.282026
-6.603854 0.309905
-6.602546 0.336082
-6.601270 0.359550
-6.600104 0.379529
-6.599113 0.395525
-6.598340 0.407380
-6.597800 0.415287
-6.597477 0.419784
-6.597328 0.421706
-6.597290 0.422116
-6.597288 0.422214
-6.597242 0.423227
-6.597077 0.426299
-6.596723 0.432392
-6.596123 0.442198
-6.595230 0.456087
-6.594011 0.474076
-6.592455 0.495832
-6.590571 0.520709
-6.588396 0.547803
-6.585995 0.576029
-6.583462 0.604211
-6.580909 0.631179
-6.578460 0.655859
-6.576236 0.677367
-6.574336 0.695080
-6.572830 0.708692
-6.571744 0.718243
-6.571055 0.724123
-6.570701 0.727042
-6.570580 0.727968
-6.570568 0.728051
-6.570529 0.728513
-6.570331 0.730544
-6.569851 0.735192
-6.568990 0.743273
-6.567670 0.755301
-6.565845 0.771445
-6.563502 0.791525
-6.560665 0.815024
-6.557394 0.841148
-6.553791 0.868881
-6.549988 0.897083
-6.546148 0.924575
-6.542443 0.950235
-6.539041 0.973094
-6.536088 0.992412
-6.533689 1.007743
-6.531895 1.018976
-6.530694 1.026348
-6.530013 1.030432
-6.529727 1.032088
-6.529670 1.032390
-6.529653 1.032534
-6.529484 1.033731
-6.528985 1.037096
-6.528001 1.043551
-6.526415 1.053744
-6.524150 1.067996
-6.521182 1.086276
-6.517533 1.108213
-6.513281 1.133129
-6.508551 1.160101
-6.503515 1.188039
-6.498377 1.215777
-6.493360 1.242166
-6.488685 1.266168
-6.484551 1.286942
-6.481108 1.303914
-6.478443 1.316825
-6.476571 1.325761
-6.475423 1.331150
-6.474862 1.333725
-6.474692 1.334471
-6.474678 1.334533
-6.474572 1.335119
-6.474132 1.337388
-6.473146 1.342351
-6.471443 1.350775
-6.468906 1.363126
-6.465481 1.379524
-6.461180 1.399747
-6.456083 1.423246
-6.450332 1.449204
-6.444128 1.476601
-6.437714 1.504303
-6.431363 1.531154
-6.425348 1.556067
-6.419926 1.578116
-6.415300 1.596612
-6.411609 1.611157
-6.408901 1.621689
-6.407131 1.628485
-6.406163 1.632144
-6.405783 1.633543
-6.405721 1.633754
-6.405676 1.633961
-6.405347 1.635343
-6.404454 1.638977
-6.402767 1.645736
-6.400116 1.656218
-6.396407 1.670692
-6.391626 1.689085
-6.385840 1.710989
-6.379200 1.735702
-6.371924 1.762294
-6.364289 1.789681
-6.356612 1.816717
-6.349222 1.842289
-6.342430 1.865404
-6.336505 1.885272
-6.331640 1.901368
-6.327934 1.913487
-6.325377 1.921755
-6.323851 1.926631
-6.323140 1.928868
-6.322947 1.929450
-6.322929 1.929510
-6.322727 1.930227
-6.321997 1.932721
-6.320439 1.937952
-6.317820 1.946636
-6.313995 1.959185
-6.308909 1.975672
-6.302607 1.995836
-6.295229 2.019103
-6.287006 2.044643
-6.278237 2.071442
-6.269278 2.098386
-6.260506 2.124353
-6.252295 2.148300
-6.244975 2.169356
-6.238807 2.186883
-6.233948 2.200539
-6.230438 2.210305
-6.228192 2.216495
-6.227004 2.219728
-6.226570 2.220883
-6.226513 2.221025
-6.226422 2.221307
-6.225891 2.222869
-6.224547 2.226737
-6.222090 2.233731
-6.218307 2.244392
-6.213092 2.258939
-6.206454 2.277256
-6.198511 2.298905
-6.189488 2.323171
-6.179702 2.349125
-6.169535 2.375702
-6.159412 2.401790
-6.149761 2.426320
-6.140981 2.448353
-6.133400 2.467156
-6.127247 2.482262
-6.122621 2.493512
-6.119485 2.501073
-6.117661 2.505428
-6.116850 2.507337
-6.116656 2.507776
-6.116628 2.507851
-6.116299 2.508702
-6.115227 2.511398
-6.113034 2.516841
-6.109437 2.525690
-6.104265 2.538301
-6.097474 2.554703
-6.089148 2.574598
-6.079496 2.597397
-6.068834 2.622268
-6.057567 2.648212
-6.046154 2.674149
-6.035079 2.698999
-6.024802 2.721779
-6.015727 2.741672
-6.008157 2.758104
-6.002262 2.770783
-5.998067 2.779735
-5.995436 2.785301
-5.994093 2.788114
-5.993638 2.789046
-5.993590 2.789139
-5.993432 2.789505
-5.992656 2.791234
-5.990805 2.795294
-5.987516 2.802442
-5.982545 2.813161
-5.975782 2.827620
-5.967263 2.845665
-5.957165 2.866834
-5.945794 2.890408
-5.933561 2.915471
-5.920955 2.940988
-5.908502 2.965892
-5.896728 2.989170
-5.886106 3.009944
-5.877019 3.027544
-5.869719 3.041560
-5.864301 3.051882
-5.860690 3.058711
-5.858644 3.062545
-5.857780 3.064144
-5.857601 3.064462
-5.857551 3.064568
-5.857060 3.065549
-5.855596 3.068415
-5.852713 3.074005
-5.848082 3.082913
-5.841520 3.095441
-5.832999 3.111574
-5.822650 3.130988
-5.810753 3.153083
-5.797715 3.177036
-5.784041 3.201877
-5.770294 3.226567
-5.757053 3.250086
-5.744865 3.271512
-5.734191 3.290094
-5.725369 3.305320
-5.718578 3.316953
-5.713813 3.325056
-5.710888 3.329994
-5.709448 3.332400
-5.709000 3.333133
-5.708961 3.333195
-5.708711 3.333650
-5.707646 3.335528
-5.705236 3.339727
-5.701063 3.346939
-5.694859 3.357586
-5.686521 3.371789
-5.676121 3.389359
-5.663896 3.409822
-5.650235 3.432463
-5.635646 3.456388
-5.620719 3.480607
-5.606079 3.504106
-5.592337 3.525938
-5.580037 3.545295
-5.569605 3.561572
-5.561307 3.574419
-5.555225 3.583770
-5.551241 3.589854
-5.549046 3.593178
-5.548169 3.594489
-5.548016 3.594708
-5.547928 3.594857
-5.547239 3.595959
-5.545336 3.598956
-5.541712 3.604616
-5.536004 3.613469
-5.528024 3.625760
-5.517769 3.641437
-5.505423 3.660154
-5.491338 3.681310
-5.476012 3.704103
-5.460048 3.727602
-5.444109 3.750823
-5.428864 3.772812
-5.414932 3.792717
-5.402829 3.809859
-5.392916 3.823790
-5.385368 3.834323
-5.380149 3.841559
-5.377016 3.845873
-5.375532 3.847895
-5.375114 3.848452
-5.375078 3.848502
-5.374707 3.849047
-5.373312 3.851044
-5.370294 3.855321
-5.365195 3.862497
-5.357730 3.872934
-5.347810 3.886707
-5.335549 3.903599
-5.321250 3.923131
-5.305385 3.944601
-5.288556 3.967154
-5.271451 3.989848
-5.254787 4.011739
-5.239253 4.031953
-5.225452 4.049755
-5.213843 4.064610
-5.204700 4.076226
-5.198084 4.084578
-5.193826 4.089918
-5.191550 4.092751
-5.190695 4.093800
-5.190572 4.093944
-5.190426 4.094142
-5.189503 4.095350
-5.187117 4.098430
-5.182710 4.104075
-5.175895 4.112749
-5.166486 4.124645
-5.154514 4.139674
-5.140218 4.157479
-5.124026 4.177466
-5.106526 4.198867
-5.088416 4.220800
-5.070451 4.242346
-5.053381 4.262624
-5.037890 4.280863
-5.024536 4.296457
-5.013696 4.309022
-5.005534 4.318422
-4.999975 4.324784
-4.996714 4.328491
-4.995235 4.330154
-4.994863 4.330563
-4.994819 4.330616
-4.994297 4.331244
-4.992531 4.333326
-4.988866 4.337609
-4.982808 4.344641
-4.974068 4.354724
-4.962579 4.367889
-4.948501 4.383900
-4.932205 4.402280
-4.914247 4.422352
-4.895320 4.443308
-4.876203 4.464270
-4.857697 4.484370
-4.840562 4.502812
-4.825447 4.518943
-4.812838 4.532297
-4.803006 4.542639
-4.795982 4.549982
-4.791546 4.554589
-4.789248 4.556956
-4.788443 4.557773
-4.788350 4.557863
-4.788124 4.558116
-4.786931 4.559405
-4.784023 4.562511
-4.778799 4.568048
-4.770860 4.576414
-4.760032 4.587750
-4.746381 4.601941
-4.730207 4.618621
-4.712016 4.637220
-4.692482 4.657008
-4.672392 4.677166
-4.652585 4.696849
-4.633886 4.715259
-4.617033 4.731708
-4.602614 4.745668
-4.591016 4.756818
-4.582380 4.765065
-4.576591 4.770561
-4.573276 4.773685
-4.571843 4.775022
-4.571526 4.775308
-4.571460 4.775377
-4.570756 4.776076
-4.568583 4.778200
-4.564236 4.782411
-4.557201 4.789185
-4.547189 4.798763
-4.534164 4.811141
-4.518335 4.826070
-4.500144 4.843084
-4.480229 4.861542
-4.459369 4.880694
-4.438427 4.899735
-4.418280 4.917880
-4.399747 4.934422
-4.383516 4.948788
-4.370086 4.960584
-4.359719 4.969628
-4.352411 4.975964
-4.347886 4.979861
-4.345621 4.981795
-4.344888 4.982410
-4.344819 4.982466
-4.344488 4.982771
-4.342991 4.984111
-4.339526 4.987179
-4.333465 4.992509
-4.324401 5.000431
-4.312179 5.011043
-4.296910 5.024204
-4.278955 5.039556
-4.258896 5.056555
-4.237489 5.074525
-4.215606 5.092718
-4.194162 5.110372
-4.174044 5.126780
-4.156034 5.141338
-4.140743 5.153600
-4.128554 5.163303
-4.119584 5.170397
-4.113667 5.175047
-4.110367 5.177621
-4.109012 5.178664
-4.108755 5.178855
-4.108649 5.178946
-4.107734 5.179699
-4.105120 5.181814
-4.100068 5.185868
-4.092049 5.192262
-4.080787 5.201185
-4.066278 5.212598
-4.048789 5.226249
-4.028829 5.241693
-4.007115 5.258336
-3.984508 5.275494
-3.961947 5.292446
-3.940375 5.308498
-3.920657 5.323032
-3.903512 5.335562
-3.889444 5.345763
-3.878695 5.353503
-3.871221 5.358849
-3.866689 5.362069
-3.864504 5.363607
-3.863857 5.364053
-3.863802 5.364090
-3.863340 5.364440
-3.861508 5.365794
-3.857461 5.368753
-3.850552 5.373770
-3.840377 5.381110
-3.826809 5.390831
-3.810004 5.402778
-3.790387 5.416604
-3.768614 5.431807
-3.745519 5.447772
-3.722049 5.463830
-3.699187 5.479314
-3.677871 5.493607
-3.658917 5.506199
-3.642947 5.516719
-3.630335 5.524965
-3.621163 5.530920
-3.615216 5.534755
-3.611990 5.536818
-3.610741 5.537605
-3.610543 5.537725
-3.610377 5.537842
-3.609220 5.538622
-3.606139 5.540671
-3.600367 5.544477
-3.591373 5.550367
-3.578899 5.558481
-3.562982 5.568755
-3.543943 5.580941
-3.522363 5.594623
-3.499031 5.609266
-3.474883 5.624262
-3.450925 5.638981
-3.428154 5.652823
-3.407475 5.665269
-3.389621 5.675916
-3.375094 5.684506
-3.364112 5.690952
-3.356584 5.695339
-3.352120 5.697921
-3.350052 5.699104
-3.349500 5.699411
-3.349446 5.699443
-3.348827 5.699825
-3.346632 5.701149
-3.341987 5.703921
-3.334232 5.708514
-3.322978 5.715133
-3.308128 5.723800
-3.289891 5.734354
-3.268754 5.746471
-3.245442 5.759697
-3.220863 5.773489
-3.196030 5.787268
-3.171982 5.800461
-3.149697 5.812555
-3.130016 5.823129
-3.113562 5.831887
-3.100689 5.838683
-3.091442 5.843527
-3.085553 5.846588
-3.082454 5.848184
-3.081329 5.848753
-3.081184 5.848822
-3.080936 5.848963
-3.079512 5.849740
-3.075943 5.851659
-3.069449 5.855120
-3.059503 5.860381
-3.045875 5.867534
-3.028644 5.876501
-3.008190 5.887044
-2.985159 5.898789
-2.960409 5.911267
-2.934943 5.923955
-2.909823 5.936319
-2.886090 5.947864
-2.864675 5.958165
-2.846320 5.966903
-2.831512 5.973887
-2.820437 5.979067
-2.812960 5.982535
-2.808628 5.984527
-2.806709 5.985397
-2.806254 5.985596
-2.806184 5.985632
-2.805384 5.986026
-2.802804 5.987270
-2.797552 5.989772
-2.788968 5.993828
-2.776683 5.999587
-2.760638 6.007042
-2.741094 6.016035
-2.718598 6.026272
-2.693944 6.037358
-2.668102 6.048832
-2.642142 6.060209
-2.617149 6.071022
-2.594132 6.080856
-2.573941 6.089382
-2.557194 6.096380
-2.544216 6.101751
-2.535014 6.105525
-2.529263 6.107863
-2.526334 6.109040
-2.525346 6.109427
-2.525243 6.109465
-2.524891 6.109623
-2.523176 6.110359
-2.519107 6.112079
-2.511900 6.115095
-2.501042 6.119599
