cos() sin()
6.610780 0.000000
6.610780 0.000618
6.610780 0.001230
6.610780 0.001832
6.610779 0.002419
6.610779 0.002991
6.610779 0.003548
6.610779 0.004094
6.610778 0.004635
6.610778 0.005176
6.610777 0.005723
6.610777 0.006282
6.610776 0.006855
6.610776 0.007444
6.610775 0.008048
6.610774 0.008663
6.610773 0.009283
6.610772 0.009902
6.610771 0.010515
6.610770 0.011115
6.610769 0.011700
6.610768 0.012268
6.610767 0.012822
6.610766 0.013366
6.610765 0.013904
6.610764 0.014443
6.610763 0.014991
6.610761 0.015551
6.610760 0.016127
6.610759 0.016719
6.610757 0.017326
6.610755 0.017944
6.610754 0.018567
6.610752 0.019187
6.610750 0.019799
6.610748 0.020398
6.610747 0.020980
6.610745 0.021545
6.610743 0.022095
6.610741 0.022635
6.610739 0.023171
6.610737 0.023710
6.610735 0.024258
6.610733 0.024819
6.610731 0.025398
6.610729 0.025995
6.610726 0.026606
6.610724 0.027227
6.610721 0.027852
6.610718 0.028473
6.610716 0.029085
6.610713 0.029681
6.610711 0.030260
6.610708 0.030821
6.610705 0.031367
6.610703 0.031904
6.610700 0.032438
6.610698 0.032976
6.610695 0.033524
6.610692 0.034088
6.610689 0.034671
6.610686 0.035271
6.610682 0.035887
6.610679 0.036511
6.610675 0.037138
6.610672 0.037760
6.610668 0.038370
6.610665 0.038964
6.610662 0.039539
6.610658 0.040096
6.610655 0.040638
6.610652 0.041171
6.610648 0.041703
6.610645 0.042240
6.610641 0.042790
6.610638 0.043358
6.610634 0.043944
6.610630 0.044549
6.610625 0.045168
6.610621 0.045796
6.610617 0.046425
6.610612 0.047047
6.610608 0.047655
6.610604 0.048246
6.610600 0.048816
6.610595 0.049369
6.610591 0.049907
6.610587 0.050437
6.610583 0.050967
6.610579 0.051505
6.610575 0.052057
6.610570 0.052628
6.610566 0.053219
6.610561 0.053828
6.610555 0.054452
6.610550 0.055083
6.610545 0.055713
6.610540 0.056334
6.610535 0.056940
6.610529 0.057527
6.610525 0.058093
6.610520 0.058640
6.610515 0.059174
6.610510 0.059701
6.610505 0.060230
6.610500 0.060769
6.610495 0.061323
6.610490 0.061898
6.610484 0.062494
6.610479 0.063109
6.610472 0.063737
6.610466 0.064370
6.610460 0.065001
6.610454 0.065622
6.610448 0.066225
6.610442 0.066807
6.610437 0.067368
6.610431 0.067910
6.610426 0.068440
6.610420 0.068964
6.610415 0.069492
6.610409 0.070032
6.610403 0.070590
6.610397 0.071170
6.610390 0.071771
6.610383 0.072391
6.610376 0.073023
6.610369 0.073659
6.610362 0.074291
6.610355 0.074909
6.610349 0.075509
6.610342 0.076086
6.610336 0.076641
6.610329 0.077178
6.610323 0.077704
6.610317 0.078226
6.610311 0.078754
6.610304 0.079296
6.610297 0.079858
6.610290 0.080442
6.610283 0.081049
6.610275 0.081674
6.610267 0.082310
6.610259 0.082949
6.610251 0.083580
6.610244 0.084196
6.610236 0.084792
6.610229 0.085363
6.610222 0.085913
6.610215 0.086445
6.610208 0.086966
6.610201 0.087486
6.610194 0.088015
6.610187 0.088559
6.610179 0.089126
6.610171 0.089716
6.610163 0.090329
6.610154 0.090960
6.610145 0.091599
6.610136 0.092239
6.610127 0.092870
6.610119 0.093483
6.610110 0.094073
6.610102 0.094639
6.610095 0.095182
6.610087 0.095709
6.610079 0.096227
6.610072 0.096746
6.610064 0.097275
6.610056 0.097823
6.610047 0.098395
6.610039 0.098992
6.610029 0.099611
6.610020 0.100246
6.610010 0.100889
6.610000 0.101530
6.609990 0.102159
6.609981 0.102768
6.609972 0.103353
6.609963 0.103913
6.609955 0.104450
6.609946 0.104971
6.609938 0.105486
6.609930 0.106004
6.609921 0.106536
6.609912 0.107088
6.609903 0.107666
6.609893 0.108269
6.609883 0.108894
6.609872 0.109535
6.609862 0.110181
6.609851 0.110822
6.609840 0.111448
6.609830 0.112053
6.609820 0.112631
6.609811 0.113184
6.609802 0.113715
6.609793 0.114231
6.609784 0.114744
6.609775 0.115262
6.609765 0.115796
6.609756 0.116354
6.609745 0.116938
6.609735 0.117548
6.609723 0.118180
6.609712 0.118825
6.609700 0.119473
6.609689 0.120113
6.609677 0.120737
6.609666 0.121336
6.609656 0.121908
6.609646 0.122453
6.609636 0.122978
6.609626 0.123490
6.609617 0.124000
6.609607 0.124520
6.609597 0.125057
6.609586 0.125621
6.609575 0.126212
6.609563 0.126829
6.609551 0.127467
6.609538 0.128116
6.609526 0.128766
6.609513 0.129405
6.609501 0.130024
6.609489 0.130617
6.609478 0.131182
6.609467 0.131720
6.609457 0.132238
6.609447 0.132747
6.609437 0.133256
6.609426 0.133777
6.609415 0.134319
6.609403 0.134889
6.609391 0.135487
6.609378 0.136112
6.609365 0.136755
6.609352 0.137408
6.609338 0.138059
6.609325 0.138696
6.609312 0.139310
6.609299 0.139896
6.609288 0.140453
6.609276 0.140984
6.609265 0.141497
6.609254 0.142002
6.609244 0.142510
6.609232 0.143034
6.609220 0.143582
6.609208 0.144158
6.609195 0.144765
6.609181 0.145396
6.609166 0.146046
6.609152 0.146702
6.609137 0.147352
6.609123 0.147986
6.609110 0.148595
6.609097 0.149173
6.609084 0.149722
6.609072 0.150246
6.609061 0.150753
6.609049 0.151255
6.609037 0.151764
6.609025 0.152292
6.609013 0.152845
6.608999 0.153430
6.608985 0.154044
6.608970 0.154683
6.608954 0.155338
6.608939 0.155996
6.608924 0.156645
6.608909 0.157275
6.608894 0.157877
6.608881 0.158448
6.608868 0.158989
6.608855 0.159505
6.608843 0.160008
6.608831 0.160508
6.608819 0.161018
6.608806 0.161550
6.608792 0.162111
6.608777 0.162703
6.608762 0.163326
6.608746 0.163972
6.608729 0.164631
6.608713 0.165291
6.608697 0.165938
6.608681 0.166563
6.608666 0.167158
6.608652 0.167720
6.608638 0.168252
6.608625 0.168762
6.608613 0.169260
6.608600 0.169759
6.608587 0.170272
6.608573 0.170809
6.608558 0.171378
6.608542 0.171979
6.608526 0.172610
6.608509 0.173262
6.608491 0.173925
6.608474 0.174586
6.608457 0.175230
6.608441 0.175849
6.608425 0.176436
6.608410 0.176989
6.608396 0.177513
6.608383 0.178016
6.608369 0.178511
6.608356 0.179010
6.608342 0.179526
6.608327 0.180070
6.608311 0.180646
6.608294 0.181257
6.608277 0.181896
6.608259 0.182555
6.608240 0.183221
6.608222 0.183880
6.608204 0.184521
6.608187 0.185133
6.608171 0.185711
6.608155 0.186255
6.608141 0.186771
6.608127 0.187268
6.608113 0.187760
6.608099 0.188260
6.608084 0.188781
6.608068 0.189332
6.608051 0.189917
6.608033 0.190537
6.608015 0.191185
6.607995 0.191849
6.607976 0.192517
6.607957 0.193176
6.607938 0.193811
6.607920 0.194416
6.607904 0.194984
6.607888 0.195519
6.607873 0.196027
6.607858 0.196519
6.607844 0.197009
6.607829 0.197512
6.607813 0.198038
6.607796 0.198597
6.607778 0.199193
6.607759 0.199822
6.607739 0.200477
6.607719 0.201147
6.607698 0.201816
6.607678 0.202472
6.607659 0.203101
6.607641 0.203697
6.607624 0.204256
6.607607 0.204781
6.607592 0.205281
6.607577 0.205769
6.607561 0.206258
6.607545 0.206764
6.607529 0.207297
6.607511 0.207865
6.607492 0.208471
6.607472 0.209109
6.607451 0.209772
6.607429 0.210445
6.607408 0.211115
6.607387 0.211767
6.607367 0.212389
6.607348 0.212975
6.607331 0.213524
6.607314 0.214040
6.607298 0.214533
6.607282 0.215017
6.607266 0.215507
6.607249 0.216017
6.607232 0.216558
6.607213 0.217136
6.607193 0.217751
6.607171 0.218399
6.607149 0.219068
6.607127 0.219744
6.607104 0.220413
6.607083 0.221060
6.607062 0.221674
6.607043 0.222250
6.607025 0.222788
6.607008 0.223295
6.606991 0.223782
6.606975 0.224264
6.606958 0.224755
6.606940 0.225271
6.606922 0.225820
6.606902 0.226408
6.606880 0.227034
6.606857 0.227691
6.606834 0.228366
6.606811 0.229044
6.606788 0.229711
6.606765 0.230351
6.606744 0.230956
6.606724 0.231522
6.606706 0.232050
6.606688 0.232548
6.606671 0.233029
6.606654 0.233509
6.606637 0.234004
6.606618 0.234526
6.606599 0.235085
6.606577 0.235684
6.606554 0.236320
6.606531 0.236985
6.606506 0.237665
6.606482 0.238344
6.606458 0.239007
6.606435 0.239640
6.606413 0.240235
6.606393 0.240790
6.606374 0.241307
6.606356 0.241797
6.606339 0.242274
6.606321 0.242754
6.606303 0.243252
6.606283 0.243782
6.606262 0.244351
6.606240 0.244962
6.606216 0.245608
6.606191 0.246281
6.606165 0.246965
6.606140 0.247644
6.606115 0.248302
6.606092 0.248927
6.606069 0.249511
6.606049 0.250054
6.606030 0.250561
6.606011 0.251044
6.605993 0.251517
6.605975 0.251998
6.605956 0.252502
6.605935 0.253041
6.605913 0.253621
6.605889 0.254243
6.605864 0.254899
6.605837 0.255579
6.605811 0.256266
6.605785 0.256943
6.605759 0.257595
6.605735 0.258210
6.605713 0.258783
6.605692 0.259314
6.605672 0.259812
6.605654 0.260288
6.605635 0.260759
6.605616 0.261242
6.605596 0.261753
6.605574 0.262301
6.605550 0.262893
6.605525 0.263526
6.605499 0.264193
6.605471 0.264878
6.605443 0.265567
6.605416 0.266241
6.605390 0.266885
6.605366 0.267490
6.605343 0.268051
6.605322 0.268571
6.605302 0.269059
6.605283 0.269530
6.605264 0.270000
6.605244 0.270487
6.605223 0.271005
6.605200 0.271565
6.605175 0.272168
6.605148 0.272813
6.605120 0.273488
6.605092 0.274179
6.605063 0.274868
6.605035 0.275537
6.605009 0.276173
6.604984 0.276767
6.604961 0.277315
6.604939 0.277824
6.604919 0.278303
6.604899 0.278769
6.604880 0.279240
6.604859 0.279732
6.604836 0.280259
6.604812 0.280830
6.604786 0.281447
6.604758 0.282102
6.604729 0.282786
6.604699 0.283480
6.604669 0.284168
6.604641 0.284831
6.604614 0.285458
6.604589 0.286039
6.604565 0.286575
6.604544 0.287073
6.604523 0.287544
6.604503 0.288007
6.604482 0.288479
6.604461 0.288978
6.604437 0.289516
6.604412 0.290099
6.604384 0.290728
6.604354 0.291394
6.604324 0.292085
6.604293 0.292782
6.604263 0.293467
6.604234 0.294123
6.604206 0.294739
6.604181 0.295307
6.604157 0.295831
6.604135 0.296318
6.604115 0.296783
6.604094 0.297244
6.604072 0.297719
6.604050 0.298226
6.604025 0.298775
6.603998 0.299371
6.603969 0.300012
6.603938 0.300689
6.603906 0.301385
6.603874 0.302084
6.603843 0.302765
6.603813 0.303412
6.603786 0.304016
6.603760 0.304571
6.603736 0.305082
6.603714 0.305560
6.603693 0.306019
6.603672 0.306479
6.603649 0.306959
6.603625 0.307475
6.603599 0.308036
6.603571 0.308646
6.603540 0.309300
6.603508 0.309986
6.603475 0.310687
6.603442 0.311385
6.603410 0.312060
6.603380 0.312698
6.603352 0.313289
6.603326 0.313831
6.603303 0.314330
6.603280 0.314798
6.603259 0.315253
6.603237 0.315714
6.603213 0.316201
6.603188 0.316727
6.603161 0.317301
6.603131 0.317924
6.603098 0.318590
6.603065 0.319284
6.603031 0.319989
6.602997 0.320685
6.602965 0.321354
6.602934 0.321980
6.602906 0.322558
6.602880 0.323086
6.602856 0.323573
6.602834 0.324033
6.602811 0.324485
6.602789 0.324949
6.602764 0.325444
6.602738 0.325981
6.602709 0.326569
6.602677 0.327206
6.602644 0.327883
6.602609 0.328585
6.602573 0.329292
6.602539 0.329984
6.602506 0.330644
6.602475 0.331258
6.602447 0.331822
6.602421 0.332336
6.602397 0.332812
6.602374 0.333266
6.602351 0.333717
6.602328 0.334185
6.602302 0.334688
6.602274 0.335239
6.602244 0.335841
6.602210 0.336491
6.602175 0.337179
6.602139 0.337886
6.602103 0.338594
6.602068 0.339281
6.602034 0.339931
6.602003 0.340532
6.601975 0.341081
6.601949 0.341582
6.601925 0.342048
6.601902 0.342496
6.601878 0.342947
6.601854 0.343421
6.601827 0.343935
6.601797 0.344499
6.601765 0.345116
6.601730 0.345779
6.601694 0.346476
6.601657 0.347189
6.601619 0.347895
6.601583 0.348576
6.601550 0.349214
6.601519 0.349801
6.601490 0.350336
6.601464 0.350824
6.601440 0.351280
6.601416 0.351724
6.601392 0.352177
6.601367 0.352659
6.601338 0.353185
6.601307 0.353763
6.601274 0.354394
6.601237 0.355070
6.601199 0.355776
6.601161 0.356491
6.601123 0.357195
6.601086 0.357867
6.601052 0.358493
6.601021 0.359066
6.600993 0.359585
6.600967 0.360061
6.600943 0.360509
6.600918 0.360951
6.600893 0.361408
6.600866 0.361898
6.600837 0.362437
6.600804 0.363030
6.600769 0.363676
6.600731 0.364364
6.600691 0.365077
6.600652 0.365794
6.600613 0.366493
6.600576 0.367156
6.600542 0.367768
6.600511 0.368325
6.600483 0.368830
6.600457 0.369294
6.600432 0.369736
6.600407 0.370177
6.600381 0.370639
6.600353 0.371140
6.600322 0.371693
6.600288 0.372301
6.600251 0.372962
6.600211 0.373661
6.600170 0.374379
6.600130 0.375096
6.600090 0.375789
6.600053 0.376440
6.600019 0.377038
6.599988 0.377579
6.599960 0.378069
6.599934 0.378523
6.599909 0.378960
6.599884 0.379402
6.599857 0.379871
6.599827 0.380383
6.599794 0.380951
6.599758 0.381575
6.599719 0.382249
6.599678 0.382958
6.599636 0.383680
6.599595 0.384395
6.599555 0.385079
6.599518 0.385717
6.599483 0.386299
6.599453 0.386824
6.599425 0.387301
6.599399 0.387745
6.599373 0.388178
6.599347 0.388623
6.599319 0.389100
6.599288 0.389626
6.599253 0.390210
6.599216 0.390849
6.599175 0.391536
6.599132 0.392254
6.599089 0.392979
6.599047 0.393689
6.599006 0.394364
6.598969 0.394988
6.598935 0.395554
6.598905 0.396063
6.598877 0.396527
6.598851 0.396963
6.598825 0.397395
6.598798 0.397844
6.598768 0.398332
6.598735 0.398872
6.598699 0.399472
6.598659 0.400127
6.598617 0.400827
6.598573 0.401551
6.598529 0.402277
6.598486 0.402982
6.598445 0.403645
6.598408 0.404254
6.598374 0.404803
6.598344 0.405297
6.598316 0.405749
6.598290 0.406179
6.598263 0.406610
6.598235 0.407066
6.598204 0.407566
6.598170 0.408122
6.598132 0.408738
6.598090 0.409409
6.598046 0.410119
6.598001 0.410849
6.597955 0.411574
6.597912 0.412271
6.597871 0.412922
6.597834 0.413515
6.597801 0.414047
6.597771 0.414526
6.597743 0.414967
6.597716 0.415392
6.597689 0.415825
6.597660 0.416290
6.597627 0.416803
6.597591 0.417375
6.597551 0.418008
6.597507 0.418694
6.597462 0.419414
6.597415 0.420147
6.597369 0.420869
6.597325 0.421557
6.597284 0.422194
6.597248 0.422770
6.597215 0.423285
6.597185 0.423750
6.597157 0.424182
6.597130 0.424604
6.597102 0.425041
6.597071 0.425515
6.597037 0.426043
6.596999 0.426633
6.596957 0.427283
6.596911 0.427981
6.596864 0.428710
6.596816 0.429446
6.596770 0.430163
6.596725 0.430839
6.596685 0.431460
6.596648 0.432019
6.596616 0.432517
6.596586 0.432969
6.596558 0.433393
6.596530 0.433814
6.596501 0.434257
6.596469 0.434743
6.596433 0.435287
6.596393 0.435895
6.596349 0.436561
6.596302 0.437272
6.596253 0.438008
6.596204 0.438743
6.596157 0.439453
6.596113 0.440117
6.596073 0.440721
6.596036 0.441262
6.596004 0.441744
6.595975 0.442184
6.595947 0.442602
6.595918 0.443024
6.595888 0.443475
6.595854 0.443975
6.595817 0.444535
6.595774 0.445161
6.595728 0.445843
6.595680 0.446565
6.595629 0.447306
6.595580 0.448039
6.595532 0.448740
6.595488 0.449390
6.595448 0.449977
6.595412 0.450499
6.595380 0.450966
6.595351 0.451395
6.595322 0.451809
6.595293 0.452234
6.595262 0.452694
6.595226 0.453209
6.595187 0.453788
6.595142 0.454431
6.595094 0.455128
6.595044 0.455860
6.594992 0.456604
6.594942 0.457333
6.594894 0.458023
6.594850 0.458657
6.594810 0.459226
6.594775 0.459730
6.594743 0.460183
6.594714 0.460602
6.594685 0.461014
6.594655 0.461444
6.594622 0.461916
6.594585 0.462447
6.594543 0.463044
6.594497 0.463705
6.594447 0.464416
6.594394 0.465157
6.594342 0.465902
6.594291 0.466624
6.594243 0.467302
6.594199 0.467919
6.594160 0.468469
6.594125 0.468956
6.594094 0.469395
6.594065 0.469807
6.594035 0.470218
6.594004 0.470656
6.593970 0.471141
6.593930 0.471690
6.593886 0.472306
6.593838 0.472983
6.593786 0.473707
6.593732 0.474454
6.593678 0.475198
6.593627 0.475912
6.593579 0.476576
6.593536 0.477175
6.593497 0.477705
6.593463 0.478176
6.593432 0.478602
6.593403 0.479009
6.593373 0.479422
6.593340 0.479869
6.593304 0.480370
6.593262 0.480936
6.593216 0.481571
6.593165 0.482265
6.593112 0.483001
6.593056 0.483752
6.593002 0.484493
6.592950 0.485197
6.592903 0.485844
6.592860 0.486424
6.592822 0.486936
6.592789 0.487390
6.592758 0.487806
6.592728 0.488209
6.592697 0.488627
6.592663 0.489085
6.592625 0.489602
6.592581 0.490188
6.592532 0.490841
6.592480 0.491551
6.592424 0.492296
6.592368 0.493050
6.592313 0.493785
6.592261 0.494476
6.592214 0.495106
6.592171 0.495667
6.592134 0.496160
6.592101 0.496599
6.592071 0.497006
6.592040 0.497407
6.592008 0.497832
6.591973 0.498303
6.591932 0.498838
6.591886 0.499444
6.591835 0.500116
6.591780 0.500839
6.591723 0.501592
6.591666 0.502346
6.591610 0.503074
6.591559 0.503751
6.591512 0.504363
6.591470 0.504903
6.591434 0.505378
6.591401 0.505803
6.591371 0.506203
6.591340 0.506606
6.591306 0.507039
6.591269 0.507525
6.591226 0.508079
6.591178 0.508704
6.591125 0.509394
6.591068 0.510131
6.591009 0.510889
6.590951 0.511641
6.590895 0.512359
6.590844 0.513020
6.590798 0.513612
6.590757 0.514132
6.590721 0.514590
6.590689 0.515003
6.590658 0.515398
6.590626 0.515804
6.590592 0.516247
6.590552 0.516750
6.590507 0.517324
6.590456 0.517969
6.590401 0.518676
6.590342 0.519424
6.590282 0.520186
6.590223 0.520933
6.590167 0.521639
6.590116 0.522283
6.590071 0.522855
6.590031 0.523355
6.589996 0.523796
6.589964 0.524199
6.589933 0.524591
6.589900 0.525003
6.589864 0.525459
6.589822 0.525980
6.589775 0.526574
6.589721 0.527239
6.589664 0.527962
6.589603 0.528719
6.589542 0.529482
6.589482 0.530223
6.589426 0.530915
6.589376 0.531540
6.589331 0.532091
6.589293 0.532571
6.589258 0.532997
6.589226 0.533391
6.589195 0.533783
6.589161 0.534203
6.589122 0.534674
6.589078 0.535214
6.589028 0.535829
6.588973 0.536513
6.588913 0.537250
6.588850 0.538015
6.588788 0.538777
6.588728 0.539509
6.588673 0.540185
6.588623 0.540790
6.588580 0.541320
6.588542 0.541781
6.588508 0.542193
6.588476 0.542581
6.588443 0.542975
6.588408 0.543405
6.588368 0.543892
6.588321 0.544453
6.588269 0.545089
6.588211 0.545792
6.588149 0.546541
6.588085 0.547311
6.588022 0.548070
6.587962 0.548790
6.587907 0.549449
6.587858 0.550033
6.587816 0.550541
6.587778 0.550985
6.587745 0.551385
6.587713 0.551769
6.587679 0.552168
6.587642 0.552609
6.587600 0.553115
6.587551 0.553697
6.587496 0.554354
6.587435 0.555074
6.587371 0.555835
6.587306 0.556607
6.587242 0.557360
6.587182 0.558067
6.587128 0.558706
6.587080 0.559268
6.587039 0.559756
6.587003 0.560183
6.586970 0.560573
6.586937 0.560955
6.586902 0.561361
6.586863 0.561817
6.586819 0.562342
6.586767 0.562946
6.586709 0.563624
6.586646 0.564360
6.586580 0.565129
6.586514 0.565901
6.586450 0.566646
6.586390 0.567337
6.586337 0.567956
6.586290 0.568497
6.586250 0.568964
6.586214 0.569376
6.586181 0.569758
6.586148 0.570141
6.586112 0.570556
6.586071 0.571028
6.586024 0.571575
6.585970 0.572200
6.585909 0.572898
6.585844 0.573648
6.585776 0.574424
6.585709 0.575194
6.585645 0.575929
6.585586 0.576602
6.585533 0.577200
6.585488 0.577718
6.585449 0.578166
6.585414 0.578564
6.585381 0.578940
6.585347 0.579326
6.585309 0.579753
6.585266 0.580244
6.585216 0.580812
6.585159 0.581460
6.585095 0.582176
6.585028 0.582939
6.584959 0.583719
6.584891 0.584484
6.584827 0.585206
6.584769 0.585860
6.584717 0.586435
6.584673 0.586931
6.584635 0.587361
6.584600 0.587747
6.584567 0.588120
6.584532 0.588513
6.584493 0.588953
6.584447 0.589464
6.584394 0.590055
6.584334 0.590724
6.584268 0.591458
6.584199 0.592231
6.584128 0.593013
6.584060 0.593771
6.583996 0.594478
6.583939 0.595111
6.583889 0.595663
6.583846 0.596138
6.583809 0.596550
6.583775 0.596927
6.583741 0.597300
6.583704 0.597700
6.583663 0.598157
6.583615 0.598689
6.583559 0.599303
6.583496 0.599993
6.583427 0.600743
6.583356 0.601524
6.583285 0.602306
6.583216 0.603054
6.583153 0.603743
6.583097 0.604355
6.583048 0.604884
6.583007 0.605337
6.582970 0.605734
6.582936 0.606104
6.582902 0.606479
6.582864 0.606890
6.582820 0.607365
6.582769 0.607919
6.582710 0.608556
6.582644 0.609267
6.582573 0.610031
6.582500 0.610818
6.582428 0.611596
6.582360 0.612332
6.582297 0.613002
6.582242 0.613591
6.582195 0.614096
6.582155 0.614530
6.582119 0.614914
6.582085 0.615279
6.582049 0.615658
6.582010 0.616083
6.581963 0.616577
6.581909 0.617155
6.581847 0.617815
6.581779 0.618545
6.581706 0.619321
6.581631 0.620111
6.581559 0.620883
6.581491 0.621604
6.581429 0.622253
6.581376 0.622818
6.581330 0.623301
6.581291 0.623716
6.581255 0.624089
6.581221 0.624452
6.581184 0.624838
6.581142 0.625279
6.581093 0.625795
6.581036 0.626396
6.580971 0.627079
6.580900 0.627827
6.580825 0.628612
6.580749 0.629403
6.580676 0.630166
6.580609 0.630871
6.580549 0.631497
6.580497 0.632038
6.580453 0.632498
6.580414 0.632896
6.580379 0.633260
6.580344 0.633624
6.580306 0.634021
6.580262 0.634479
6.580210 0.635018
6.580149 0.635643
6.580081 0.636348
6.580007 0.637111
6.579931 0.637904
6.579854 0.638693
6.579781 0.639444
6.579714 0.640130
6.579656 0.640733
6.579605 0.641250
6.579563 0.641688
6.579525 0.642071
6.579490 0.642429
6.579455 0.642796
6.579415 0.643205
6.579368 0.643683
6.579313 0.644246
6.579249 0.644896
6.579178 0.645621
6.579102 0.646398
6.579023 0.647196
6.578946 0.647980
6.578873 0.648718
6.578808 0.649382
6.578751 0.649961
6.578702 0.650453
6.578661 0.650872
6.578624 0.651242
6.578589 0.651596
6.578552 0.651969
6.578510 0.652393
6.578460 0.652893
6.578402 0.653480
6.578335 0.654154
6.578261 0.654898
6.578182 0.655687
6.578103 0.656488
6.578025 0.657264
6.577953 0.657985
6.577889 0.658627
6.577833 0.659180
6.577786 0.659649
6.577746 0.660049
6.577710 0.660408
6.577675 0.660761
6.577636 0.661143
6.577592 0.661585
6.577539 0.662108
6.577478 0.662720
6.577407 0.663417
6.577330 0.664179
6.577250 0.664977
6.577169 0.665777
6.577091 0.666543
6.577020 0.667245
6.576957 0.667863
6.576904 0.668391
6.576858 0.668837
6.576819 0.669220
6.576784 0.669571
6.576747 0.669926
6.576707 0.670320
6.576660 0.670781
6.576604 0.671329
6.576539 0.671966
6.576466 0.672685
6.576386 0.673463
6.576304 0.674268
6.576222 0.675064
6.576145 0.675816
6.576075 0.676498
6.576014 0.677091
6.575962 0.677594
6.575918 0.678017
6.575880 0.678386
6.575845 0.678732
6.575807 0.679092
6.575765 0.679500
6.575715 0.679983
6.575656 0.680555
6.575587 0.681218
6.575511 0.681958
6.575429 0.682749
6.575345 0.683558
6.575263 0.684347
6.575186 0.685084
6.575117 0.685743
6.575058 0.686310
6.575008 0.686788
6.574966 0.687191
6.574929 0.687547
6.574893 0.687891
6.574854 0.688258
6.574810 0.688683
6.574757 0.689189
6.574694 0.689788
6.574622 0.690475
6.574542 0.691235
6.574458 0.692037
6.574372 0.692846
6.574290 0.693626
6.574214 0.694345
6.574147 0.694979
6.574090 0.695521
6.574042 0.695974
6.574001 0.696358
6.573965 0.696705
6.573928 0.697049
6.573888 0.697427
6.573841 0.697871
6.573785 0.698402
6.573718 0.699027
6.573642 0.699738
6.573560 0.700515
6.573473 0.701325
6.573387 0.702132
6.573305 0.702900
6.573230 0.703598
6.573165 0.704207
6.573110 0.704722
6.573064 0.705152
6.573024 0.705520
6.572988 0.705859
6.572951 0.706206
6.572909 0.706598
6.572859 0.707064
6.572799 0.707621
6.572729 0.708272
6.572649 0.709005
6.572564 0.709797
6.572476 0.710613
6.572389 0.711415
6.572307 0.712168
6.572234 0.712844
6.572171 0.713426
6.572118 0.713915
6.572074 0.714323
6.572035 0.714676
6.571999 0.715011
6.571960 0.715365
6.571916 0.715773
6.571863 0.716262
6.571799 0.716845
6.571725 0.717522
6.571643 0.718277
6.571555 0.719082
6.571465 0.719900
6.571378 0.720694
6.571297 0.721430
6.571226 0.722081
6.571165 0.722636
6.571114 0.723099
6.571071 0.723486
6.571034 0.723829
6.570997 0.724162
6.570957 0.724526
6.570910 0.724952
6.570853 0.725466
6.570785 0.726077
6.570708 0.726779
6.570622 0.727553
6.570532 0.728368
6.570441 0.729186
6.570354 0.729969
6.570275 0.730684
6.570205 0.731309
6.570146 0.731837
6.570098 0.732275
6.570057 0.732644
6.570019 0.732977
6.569982 0.733313
6.569940 0.733688
6.569890 0.734136
6.569830 0.734676
6.569758 0.735314
6.569677 0.736041
6.569588 0.736832
6.569496 0.737654
6.569404 0.738468
6.569318 0.739237
6.569240 0.739930
6.569172 0.740528
6.569116 0.741029
6.569069 0.741443
6.569030 0.741796
6.568993 0.742123
6.568954 0.742463
6.568910 0.742854
6.568857 0.743325
6.568792 0.743893
6.568717 0.744558
6.568632 0.745307
6.568540 0.746113
6.568447 0.746940
6.568355 0.747747
6.568269 0.748499
6.568193 0.749168
6.568128 0.749738
6.568074 0.750211
6.568029 0.750603
6.567990 0.750942
6.567953 0.751267
6.567913 0.751615
6.567866 0.752024
6.567810 0.752520
6.567741 0.753116
6.567662 0.753808
6.567573 0.754578
6.567479 0.755396
6.567384 0.756224
6.567292 0.757021
6.567208 0.757754
6.567134 0.758396
6.567071 0.758939
6.567019 0.759386
6.566976 0.759758
6.566938 0.760087
6.566901 0.760412
6.566859 0.760772
6.566809 0.761203
6.566748 0.761726
6.566676 0.762350
6.566592 0.763068
6.566501 0.763858
6.566404 0.764686
6.566308 0.765512
6.566216 0.766297
6.566133 0.767008
6.566061 0.767624
6.566001 0.768138
6.565952 0.768560
6.565911 0.768914
6.565873 0.769235
6.565834 0.769563
6.565790 0.769938
6.565737 0.770391
6.565673 0.770942
6.565596 0.771595
6.565509 0.772338
6.565414 0.773144
6.565315 0.773978
6.565219 0.774799
6.565128 0.775569
6.565047 0.776256
6.564977 0.776843
6.564920 0.777328
6.564873 0.777726
6.564832 0.778065
6.564795 0.778381
6.564755 0.778716
6.564709 0.779108
6.564652 0.779586
6.564583 0.780166
6.564502 0.780847
6.564411 0.781612
6.564313 0.782433
6.564213 0.783270
6.564116 0.784082
6.564027 0.784833
6.563948 0.785494
6.563881 0.786052
6.563826 0.786509
6.563781 0.786885
6.563742 0.787211
6.563704 0.787525
6.563663 0.787870
6.563613 0.788282
6.563553 0.788787
6.563479 0.789396
6.563394 0.790104
6.563300 0.790891
6.563199 0.791722
6.563098 0.792559
6.563002 0.793360
6.562913 0.794089
6.562837 0.794722
6.562773 0.795250
6.562721 0.795681
6.562677 0.796037
6.562639 0.796353
6.562601 0.796669
6.562557 0.797027
6.562504 0.797462
6.562440 0.797995
6.562362 0.798633
6.562273 0.799367
6.562174 0.800173
6.562072 0.801012
6.561970 0.801846
6.561874 0.802631
6.561788 0.803337
6.561714 0.803941
6.561653 0.804439
6.561603 0.804844
6.561562 0.805183
6.561524 0.805492
6.561484 0.805813
6.561438 0.806188
6.561382 0.806647
6.561313 0.807209
6.561230 0.807877
6.561137 0.808636
6.561036 0.809457
6.560931 0.810302
6.560829 0.811128
6.560734 0.811896
6.560650 0.812575
6.560579 0.813149
6.560521 0.813619
6.560474 0.814000
6.560433 0.814323
6.560396 0.814628
6.560355 0.814959
6.560306 0.815352
6.560245 0.815838
6.560171 0.816431
6.560085 0.817127
6.559987 0.817909
6.559883 0.818743
6.559778 0.819590
6.559676 0.820405
6.559582 0.821152
6.559501 0.821804
6.559432 0.822348
6.559377 0.822788
6.559332 0.823147
6.559293 0.823459
6.559255 0.823764
6.559212 0.824106
6.559159 0.824522
6.559095 0.825036
6.559016 0.825659
6.558925 0.826384
6.558824 0.827186
6.558717 0.828030
6.558611 0.828875
6.558509 0.829677
6.558418 0.830401
6.558339 0.831023
6.558274 0.831536
6.558222 0.831949
6.558179 0.832289
6.558140 0.832591
6.558101 0.832900
6.558055 0.833257
6.558000 0.833697
6.557930 0.834241
6.557847 0.834895
6.557752 0.835645
6.557647 0.836466
6.557538 0.837317
6.557431 0.838156
6.557331 0.838941
6.557241 0.839639
6.557166 0.840231
6.557104 0.840713
6.557054 0.841101
6.557013 0.841424
6.556975 0.841721
6.556934 0.842037
6.556886 0.842412
6.556826 0.842878
6.556752 0.843453
6.556664 0.844137
6.556564 0.844912
6.556456 0.845748
6.556346 0.846603
6.556239 0.847433
6.556140 0.848198
6.556053 0.848869
6.555980 0.849429
6.555922 0.849881
6.555875 0.850245
6.555835 0.850554
6.555796 0.850849
6.555754 0.851175
6.555702 0.851572
6.555638 0.852067
6.555559 0.852673
6.555467 0.853386
6.555363 0.854184
6.555252 0.855032
6.555141 0.855887
6.555034 0.856704
6.554937 0.857447
6.554853 0.858088
6.554784 0.858616
6.554728 0.859039
6.554683 0.859382
6.554644 0.859679
6.554605 0.859976
6.554561 0.860316
6.554505 0.860737
6.554436 0.861262
6.554353 0.861900
6.554255 0.862641
6.554147 0.863459
6.554034 0.864316
6.553922 0.865167
6.553816 0.865969
6.553721 0.866686
6.553641 0.867296
6.553575 0.867793
6.553523 0.868188
6.553480 0.868512
6.553441 0.868802
6.553401 0.869104
6.553354 0.869461
6.553295 0.869908
6.553221 0.870464
6.553132 0.871134
6.553030 0.871901
6.552918 0.872737
6.552804 0.873599
6.552691 0.874443
6.552586 0.875226
6.552494 0.875916
6.552417 0.876493
6.552355 0.876959
6.552305 0.877329
6.552264 0.877636
6.552226 0.877922
6.552184 0.878233
6.552133 0.878610
6.552070 0.879085
6.551991 0.879674
6.551897 0.880374
6.551790 0.881166
6.551676 0.882016
6.551559 0.882881
6.551447 0.883714
6.551344 0.884475
6.551255 0.885135
6.551182 0.885680
6.551123 0.886115
6.551076 0.886461
6.551036 0.886755
6.550997 0.887041
6.550954 0.887364
6.550899 0.887765
6.550831 0.888270
6.550747 0.888892
6.550647 0.889622
6.550537 0.890436
6.550420 0.891297
6.550302 0.892159
6.550191 0.892978
6.550090 0.893715
6.550005 0.894343
6.549935 0.894856
6.549879 0.895261
6.549835 0.895586
6.549796 0.895870
6.549756 0.896160
6.549710 0.896499
6.549651 0.896925
6.549578 0.897463
6.549488 0.898116
6.549384 0.898875
6.549270 0.899709
6.549150 0.900577
6.549032 0.901434
6.548922 0.902235
6.548824 0.902945
6.548742 0.903541
6.548676 0.904020
6.548624 0.904398
6.548581 0.904705
6.548543 0.904983
6.548502 0.905279
6.548452 0.905638
6.548390 0.906093
6.548311 0.906663
6.548216 0.907349
6.548107 0.908133
6.547989 0.908984
6.547868 0.909856
6.547750 0.910704
6.547641 0.911484
6.547547 0.912164
6.547468 0.912727
6.547406 0.913174
6.547357 0.913526
6.547316 0.913818
6.547277 0.914094
6.547234 0.914401
6.547181 0.914782
6.547114 0.915267
6.547029 0.915870
6.546929 0.916588
6.546815 0.917397
6.546694 0.918260
6.546572 0.919133
6.546455 0.919968
6.546348 0.920724
6.546257 0.921373
6.546183 0.921902
6.546124 0.922318
6.546078 0.922647
6.546038 0.922927
6.545999 0.923204
6.545954 0.923526
6.545896 0.923932
6.545823 0.924449
6.545733 0.925086
6.545628 0.925833
6.545510 0.926664
6.545386 0.927538
6.545263 0.928407
6.545147 0.929225
6.545043 0.929955
6.544956 0.930570
6.544886 0.931065
6.544831 0.931452
6.544787 0.931760
6.544748 0.932032
6.544708 0.932314
6.544659 0.932654
6.544597 0.933088
6.544519 0.933638
6.544423 0.934309
6.544312 0.935085
6.544191 0.935934
6.544065 0.936814
6.543942 0.937676
6.543827 0.938474
6.543727 0.939174
6.543643 0.939756
6.543577 0.940217
6.543525 0.940576
6.543484 0.940867
6.543445 0.941134
6.543403 0.941426
6.543351 0.941787
6.543284 0.942251
6.543200 0.942836
6.543099 0.943539
6.542983 0.944341
6.542858 0.945206
6.542731 0.946088
6.542608 0.946939
6.542495 0.947715
6.542399 0.948383
6.542319 0.948930
6.542257 0.949359
6.542209 0.949693
6.542168 0.949969
6.542130 0.950236
6.542085 0.950540
6.542029 0.950926
6.541957 0.951422
6.541867 0.952041
6.541760 0.952776
6.541640 0.953602
6.541512 0.954480
6.541383 0.955360
6.541261 0.956196
6.541152 0.956945
6.541059 0.957581
6.540984 0.958092
6.540926 0.958490
6.540880 0.958801
6.540841 0.959067
6.540801 0.959337
6.540754 0.959658
6.540694 0.960071
6.540616 0.960601
6.540520 0.961254
6.540407 0.962020
6.540283 0.962867
6.540152 0.963753
6.540023 0.964628
6.539903 0.965445
6.539796 0.966165
6.539707 0.966766
6.539637 0.967243
6.539582 0.967611
6.539539 0.967902
6.539501 0.968162
6.539460 0.968439
6.539409 0.968780
6.539344 0.969223
6.539260 0.969787
6.539158 0.970475
6.539040 0.971269
6.538912 0.972134
6.538779 0.973024
6.538650 0.973890
6.538532 0.974685
6.538429 0.975374
6.538345 0.975940
6.538279 0.976382
6.538228 0.976723
6.538187 0.976998
6.538148 0.977254
6.538105 0.977543
6.538051 0.977908
6.537980 0.978382
6.537890 0.978982
6.537782 0.979704
6.537659 0.980524
6.537527 0.981403
6.537393 0.982294
6.537265 0.983146
6.537149 0.983916
6.537050 0.984572
6.536971 0.985101
6.536909 0.985511
6.536861 0.985826
6.536822 0.986089
6.536783 0.986346
6.536737 0.986650
6.536678 0.987041
6.536601 0.987550
6.536505 0.988185
6.536391 0.988939
6.536263 0.989782
6.536129 0.990672
6.535994 0.991560
6.535867 0.992395
6.535755 0.993136
6.535660 0.993757
6.535585 0.994251
6.535528 0.994629
6.535483 0.994922
6.535445 0.995176
6.535404 0.995439
6.535355 0.995761
6.535291 0.996181
6.535208 0.996725
6.535106 0.997397
6.534986 0.998181
6.534854 0.999044
6.534717 0.999941
6.534582 1.000820
6.534458 1.001635
6.534349 1.002345
6.534259 1.002930
6.534189 1.003388
6.534135 1.003737
6.534093 1.004012
6.534055 1.004260
6.534013 1.004532
6.533960 1.004877
6.533890 1.005329
6.533801 1.005909
6.533692 1.006616
6.533567 1.007428
6.533431 1.008308
6.533292 1.009207
6.533158 1.010076
6.533036 1.010865
6.532931 1.011543
6.532846 1.012091
6.532781 1.012514
6.532731 1.012836
6.532691 1.013096
6.532652 1.013343
6.532608 1.013628
6.532550 1.013999
6.532475 1.014485
6.532379 1.015102
6.532264 1.015842
6.532134 1.016679
6.531995 1.017573
6.531855 1.018471
6.531722 1.019323
6.531603 1.020086
6.531502 1.020728
6.531422 1.021240
6.531361 1.021630
6.531315 1.021927
6.531276 1.022175
6.531237 1.022425
6.531189 1.022728
6.531127 1.023127
6.531045 1.023649
6.530943 1.024303
6.530822 1.025075
6.530687 1.025935
6.530545 1.026837
6.530404 1.027730
6.530273 1.028563
6.530158 1.029295
6.530062 1.029901
6.529987 1.030376
6.529931 1.030734
6.529887 1.031010
6.529849 1.031251
6.529809 1.031508
6.529757 1.031833
6.529689 1.032263
6.529601 1.032822
6.529492 1.033512
6.529365 1.034314
6.529225 1.035193
6.529081 1.036101
6.528941 1.036984
6.528813 1.037794
6.528701 1.038493
6.528611 1.039062
6.528541 1.039500
6.528489 1.039829
6.528448 1.040087
6.528410 1.040325
6.528367 1.040594
6.528311 1.040943
6.528237 1.041407
6.528142 1.042003
6.528026 1.042728
6.527894 1.043559
6.527750 1.044453
6.527605 1.045362
6.527466 1.046231
6.527340 1.047014
6.527234 1.047679
6.527148 1.048209
6.527084 1.048612
6.527035 1.048915
6.526996 1.049159
6.526957 1.049398
6.526912 1.049682
6.526851 1.050059
6.526771 1.050559
6.526669 1.051193
6.526546 1.051952
6.526408 1.052807
6.526262 1.053714
6.526116 1.054619
6.525978 1.055470
6.525856 1.056224
6.525755 1.056852
6.525675 1.057344
6.525615 1.057714
6.525570 1.057993
6.525532 1.058227
6.525492 1.058471
6.525443 1.058775
6.525377 1.059183
6.525290 1.059720
6.525180 1.060392
6.525052 1.061183
6.524909 1.062060
6.524760 1.062974
6.524614 1.063871
6.524479 1.064701
6.524361 1.065422
6.524265 1.066011
6.524190 1.066466
6.524135 1.066804
6.524093 1.067063
6.524055 1.067292
6.524014 1.067546
6.523960 1.067873
6.523888 1.068314
6.523794 1.068889
6.523678 1.069598
6.523543 1.070420
6.523396 1.071314
6.523245 1.072232
6.523100 1.073117
6.522967 1.073921
6.522854 1.074608
6.522764 1.075158
6.522695 1.075576
6.522644 1.075886
6.522604 1.076128
6.522566 1.076356
6.522522 1.076623
6.522463 1.076977
6.522385 1.077454
6.522283 1.078068
6.522160 1.078813
6.522020 1.079661
6.521869 1.080570
6.521717 1.081486
6.521573 1.082355
6.521444 1.083131
6.521336 1.083781
6.521251 1.084292
6.521188 1.084675
6.521141 1.084958
6.521102 1.085188
6.521064 1.085419
6.521016 1.085704
6.520952 1.086088
6.520867 1.086603
6.520758 1.087255
6.520628 1.088034
6.520482 1.088907
6.520329 1.089826
6.520177 1.090736
6.520035 1.091585
6.519910 1.092329
6.519808 1.092940
6.519728 1.093413
6.519670 1.093762
6.519626 1.094023
6.519589 1.094245
6.519549 1.094483
6.519497 1.094790
6.519427 1.095207
6.519334 1.095760
6.519218 1.096451
6.519082 1.097262
6.518931 1.098155
6.518775 1.099080
6.518623 1.099981
6.518484 1.100806
6.518364 1.101515
6.518268 1.102086
6.518194 1.102521
6.518141 1.102839
6.518100 1.103081
6.518063 1.103299
6.518020 1.103549
6.517964 1.103881
6.517887 1.104334
6.517787 1.104927
6.517663 1.105656
6.517521 1.106496
6.517366 1.107406
6.517209 1.108332
6.517058 1.109218
6.516922 1.110015
6.516808 1.110688
6.516717 1.111219
6.516649 1.111616
6.516600 1.111906
6.516561 1.112133
6.516524 1.112352
6.516478 1.112618
6.516417 1.112980
6.516333 1.113470
6.516225 1.114103
6.516094 1.114867
6.515946 1.115734
6.515788 1.116657
6.515629 1.117579
6.515480 1.118447
6.515349 1.119213
6.515240 1.119847
6.515155 1.120338
6.515093 1.120700
6.515048 1.120965
6.515010 1.121181
6.514972 1.121405
6.514923 1.121692
6.514855 1.122086
6.514763 1.122615
6.514648 1.123288
6.514510 1.124086
6.514356 1.124976
6.514196 1.125907
6.514037 1.126822
6.513891 1.127667
6.513764 1.128399
6.513661 1.128993
6.513583 1.129445
6.513526 1.129773
6.513484 1.130016
6.513447 1.130226
6.513407 1.130460
6.513353 1.130771
6.513278 1.131200
6.513179 1.131770
6.513056 1.132481
6.512911 1.133311
6.512753 1.134220
6.512590 1.135155
6.512433 1.136058
6.512290 1.136876
6.512169 1.137572
6.512072 1.138125
6.512000 1.138538
6.511948 1.138836
6.511908 1.139061
6.511872 1.139270
6.511828 1.139518
6.511769 1.139856
6.511687 1.140323
6.511580 1.140934
6.511449 1.141683
6.511298 1.142542
6.511136 1.143466
6.510972 1.144400
6.510816 1.145286
6.510678 1.146075
6.510562 1.146731
6.510472 1.147243
6.510406 1.147619
6.510358 1.147889
6.510320 1.148101
6.510283 1.148312
6.510236 1.148579
6.510171 1.148949
6.510082 1.149455
6.509966 1.150107
6.509828 1.150892
6.509671 1.151776
6.509506 1.152712
6.509341 1.153640
6.509188 1.154505
6.509054 1.155260
6.508944 1.155877
6.508861 1.156348
6.508800 1.156688
6.508757 1.156934
6.508720 1.157137
6.508682 1.157356
6.508630 1.157645
6.508558 1.158050
6.508461 1.158597
6.508338 1.159289
6.508192 1.160108
6.508030 1.161014
6.507862 1.161956
6.507698 1.162874
6.507548 1.163714
6.507419 1.164433
6.507316 1.165008
6.507239 1.165439
6.507184 1.165746
6.507144 1.165972
6.507108 1.166171
6.507067 1.166402
6.507010 1.166718
6.506931 1.167160
6.506825 1.167748
6.506694 1.168479
6.506541 1.169329
6.506375 1.170254
6.506205 1.171197
6.506043 1.172101
6.505896 1.172912
6.505774 1.173593
6.505677 1.174126
6.505607 1.174517
6.505557 1.174794
6.505519 1.175004
6.505483 1.175203
6.505438 1.175451
6.505375 1.175797
6.505288 1.176279
6.505174 1.176909
6.505035 1.177678
6.504876 1.178556
6.504706 1.179494
6.504536 1.180435
6.504375 1.181319
6.504234 1.182098
6.504117 1.182738
6.504028 1.183229
6.503964 1.183583
6.503918 1.183833
6.503882 1.184032
6.503845 1.184236
6.503796 1.184505
6.503726 1.184885
6.503631 1.185407
6.503509 1.186079
6.503362 1.186884
6.503197 1.187787
6.503024 1.188734
6.502853 1.189667
6.502696 1.190527
6.502560 1.191271
6.502450 1.191869
6.502368 1.192318
6.502309 1.192637
6.502268 1.192865
6.502232 1.193056
6.502193 1.193270
6.502139 1.193564
6.502063 1.193981
6.501959 1.194545
6.501828 1.195258
6.501674 1.196097
6.501504 1.197020
6.501329 1.197972
6.501159 1.198892
6.501005 1.199725
6.500875 1.200430
6.500773 1.200985
6.500697 1.201394
6.500644 1.201680
6.500606 1.201889
6.500571 1.202078
6.500528 1.202307
6.500468 1.202630
6.500384 1.203086
6.500272 1.203693
6.500132 1.204446
6.499971 1.205315
6.499797 1.206255
6.499620 1.207206
6.499452 1.208109
6.499303 1.208911
6.499180 1.209575
6.499084 1.210087
6.499016 1.210456
6.498968 1.210713
6.498932 1.210908
6.498896 1.211100
6.498850 1.211348
6.498783 1.211703
6.498691 1.212201
6.498569 1.212851
6.498422 1.213642
6.498254 1.214538
6.498076 1.215490
6.497899 1.216435
6.497734 1.217316
6.497590 1.218084
6.497474 1.218706
6.497386 1.219175
6.497324 1.219506
6.497280 1.219738
6.497245 1.219923
6.497208 1.220122
6.497157 1.220394
6.497083 1.220786
6.496982 1.221325
6.496852 1.222018
6.496696 1.222844
6.496523 1.223764
6.496342 1.224723
6.496166 1.225658
6.496004 1.226513
6.495867 1.227243
6.495757 1.227822
6.495677 1.228248
6.495621 1.228545
6.495581 1.228755
6.495547 1.228935
6.495507 1.229147
6.495450 1.229446
6.495369 1.229877
6.495258 1.230460
6.495119 1.231194
6.494956 1.232054
6.494778 1.232993
6.494595 1.233953
6.494420 1.234874
6.494263 1.235699
6.494132 1.236388
6.494030 1.236923
6.493957 1.237308
6.493907 1.237573
6.493870 1.237766
6.493835 1.237946
6.493792 1.238175
6.493729 1.238506
6.493639 1.238977
6.493519 1.239605
6.493371 1.240379
6.493201 1.241268
6.493019 1.242222
6.492836 1.243179
6.492663 1.244080
6.492511 1.244871
6.492387 1.245518
6.492293 1.246009
6.492227 1.246355
6.492181 1.246592
6.492147 1.246772
6.492111 1.246957
6.492063 1.247208
6.491993 1.247574
6.491894 1.248088
6.491765 1.248759
6.491608 1.249571
6.491432 1.250487
6.491247 1.251450
6.491063 1.252400
6.490894 1.253276
6.490749 1.254031
6.490632 1.254634
6.490546 1.255080
6.490486 1.255389
6.490445 1.255602
6.490411 1.255775
6.490374 1.255970
6.490320 1.256246
6.490242 1.256651
6.490134 1.257209
6.489995 1.257923
6.489831 1.258771
6.489649 1.259708
6.489461 1.260676
6.489279 1.261613
6.489114 1.262461
6.488975 1.263176
6.488866 1.263734
6.488788 1.264138
6.488734 1.264413
6.488697 1.264605
6.488663 1.264775
6.488622 1.264985
6.488563 1.265292
6.488476 1.265737
6.488358 1.266340
6.488210 1.267097
6.488039 1.267976
6.487852 1.268931
6.487663 1.269899
6.487483 1.270818
6.487323 1.271634
6.487191 1.272306
6.487090 1.272819
6.487019 1.273181
6.486971 1.273425
6.486937 1.273603
6.486903 1.273775
6.486858 1.274004
6.486791 1.274345
6.486695 1.274833
6.486567 1.275482
6.486411 1.276278
6.486232 1.277186
6.486041 1.278153
6.485852 1.279116
6.485675 1.280014
6.485521 1.280793
6.485397 1.281421
6.485304 1.281889
6.485240 1.282212
6.485197 1.282429
6.485164 1.282596
6.485129 1.282775
6.485079 1.283029
6.485004 1.283408
6.484898 1.283940
6.484761 1.284633
6.484596 1.285467
6.484411 1.286400
6.484217 1.287375
6.484028 1.288328
6.483855 1.289198
6.483708 1.289938
6.483592 1.290521
6.483508 1.290944
6.483451 1.291230
6.483412 1.291425
6.483380 1.291586
6.483342 1.291778
6.483285 1.292061
6.483202 1.292479
6.483087 1.293058
6.482940 1.293794
6.482766 1.294663
6.482576 1.295616
6.482380 1.296593
6.482193 1.297531
6.482025 1.298370
6.481885 1.299068
6.481777 1.299604
6.481701 1.299984
6.481650 1.300238
6.481615 1.300414
6.481583 1.300574
6.481541 1.300784
6.481477 1.301100
6.481385 1.301561
6.481259 1.302185
6.481103 1.302964
6.480922 1.303864
6.480727 1.304832
6.480531 1.305807
6.480346 1.306724
6.480184 1.307529
6.480052 1.308183
6.479953 1.308673
6.479884 1.309012
6.479839 1.309235
6.479806 1.309397
6.479773 1.309563
6.479726 1.309795
6.479655 1.310147
6.479552 1.310653
6.479417 1.311323
6.479251 1.312142
6.479063 1.313069
6.478865 1.314049
6.478668 1.315016
6.478487 1.315908
6.478332 1.316673
6.478208 1.317282
6.478118 1.317726
6.478057 1.318026
6.478016 1.318223
6.477985 1.318377
6.477949 1.318553
6.477897 1.318812
6.477817 1.319204
6.477704 1.319756
6.477558 1.320472
6.477384 1.321327
6.477190 1.322277
6.476989 1.323262
6.476794 1.324217
6.476618 1.325079
6.476469 1.325803
6.476354 1.326365
6.476273 1.326764
6.476219 1.327028
6.476182 1.327204
6.476151 1.327355
6.476112 1.327546
6.476053 1.327837
6.475964 1.328271
6.475841 1.328870
6.475685 1.329629
6.475502 1.330518
6.475303 1.331487
6.475100 1.332473
6.474908 1.333409
6.474737 1.334238
6.474597 1.334918
6.474491 1.335432
6.474417 1.335788
6.474370 1.336019
6.474337 1.336179
6.474305 1.336332
6.474261 1.336543
6.474194 1.336869
6.474095 1.337348
6.473962 1.337994
6.473796 1.338795
6.473606 1.339715
6.473402 1.340697
6.473199 1.341678
6.473010 1.342591
6.472846 1.343382
6.472714 1.344016
6.472617 1.344483
6.472552 1.344798
6.472510 1.345001
6.472479 1.345149
6.472446 1.345310
6.472396 1.345546
6.472321 1.345911
6.472211 1.346436
6.472067 1.347129
6.471892 1.347969
6.471695 1.348915
6.471488 1.349906
6.471286 1.350876
6.471101 1.351761
6.470944 1.352512
6.470822 1.353099
6.470734 1.353519
6.470676 1.353795
6.470639 1.353974
6.470609 1.354117
6.470573 1.354289
6.470517 1.354555
6.470432 1.354962
6.470312 1.355535
6.470157 1.356273
6.469973 1.357150
6.469770 1.358117
6.469561 1.359112
6.469361 1.360066
6.469181 1.360919
6.469033 1.361626
6.468919 1.362165
6.468840 1.362540
6.468789 1.362781
6.468756 1.362941
6.468726 1.363082
6.468686 1.363273
6.468623 1.363573
6.468527 1.364024
6.468397 1.364645
6.468231 1.365427
6.468039 1.366337
6.467831 1.367321
6.467622 1.368313
6.467424 1.369246
6.467251 1.370063
6.467111 1.370724
6.467007 1.371215
6.466937 1.371546
6.466892 1.371756
6.466861 1.371901
6.466830 1.372047
6.466785 1.372261
6.466713 1.372599
6.466608 1.373097
6.466466 1.373765
6.466290 1.374589
6.466091 1.375528
6.465879 1.376524
6.465669 1.377508
6.465476 1.378416
6.465310 1.379193
6.465179 1.379806
6.465085 1.380249
6.465023 1.380539
6.464984 1.380722
6.464955 1.380858
6.464921 1.381014
6.464870 1.381256
6.464789 1.381635
6.464672 1.382180
6.464519 1.382896
6.464334 1.383759
6.464128 1.384723
6.463913 1.385725
6.463705 1.386696
6.463517 1.387573
6.463359 1.388307
6.463238 1.388871
6.463153 1.389267
6.463099 1.389520
6.463064 1.389680
6.463036 1.389812
6.462999 1.389984
6.462940 1.390258
6.462849 1.390681
6.462721 1.391275
6.462557 1.392037
6.462363 1.392936
6.462151 1.393919
6.461935 1.394921
6.461729 1.395874
6.461547 1.396716
6.461398 1.397405
6.461287 1.397920
6.461211 1.398270
6.461164 1.398489
6.461133 1.398632
6.461104 1.398765
6.461062 1.398958
6.460995 1.399269
6.460893 1.399738
6.460754 1.400382
6.460579 1.401187
6.460377 1.402118
6.460161 1.403116
6.459944 1.404113
6.459742 1.405042
6.459567 1.405846
6.459428 1.406486
6.459326 1.406952
6.459259 1.407259
6.459218 1.407448
6.459190 1.407579
6.459159 1.407719
6.459111 1.407938
6.459035 1.408289
6.458922 1.408806
6.458771 1.409499
6.458586 1.410346
6.458377 1.411304
6.458157 1.412311
6.457941 1.413298
6.457744 1.414198
6.457577 1.414959
6.457447 1.415551
6.457356 1.415968
6.457297 1.416235
6.457261 1.416398
6.457234 1.416522
6.457201 1.416676
6.457146 1.416925
6.457059 1.417319
6.456935 1.417886
6.456772 1.418626
6.456578 1.419511
6.456362 1.420492
6.456140 1.421503
6.455926 1.422474
6.455735 1.423341
6.455577 1.424057
6.455457 1.424598
6.455376 1.424968
6.455325 1.425198
6.455293 1.425341
6.455266 1.425463
6.455228 1.425635
6.455166 1.425919
6.455068 1.426360
6.454932 1.426977
6.454758 1.427763
6.454555 1.428683
6.454333 1.429681
6.454110 1.430690
6.453899 1.431640
6.453715 1.432470
6.453567 1.433138
6.453458 1.433629
6.453386 1.433954
6.453342 1.434151
6.453314 1.434278
6.453285 1.434405
6.453242 1.434600
6.453170 1.434923
6.453061 1.435412
6.452913 1.436079
6.452728 1.436909
6.452517 1.437859
6.452291 1.438870
6.452068 1.439871
6.451862 1.440795
6.451686 1.441583
6.451547 1.442202
6.451449 1.442643
6.451386 1.442925
6.451348 1.443093
6.451322 1.443211
6.451291 1.443347
6.451241 1.443572
6.451159 1.443937
6.451038 1.444476
6.450878 1.445192
6.450683 1.446063
6.450464 1.447039
6.450236 1.448057
6.450014 1.449045
6.449813 1.449937
6.449646 1.450681
6.449518 1.451249
6.449430 1.451640
6.449376 1.451883
6.449343 1.452028
6.449318 1.452141
6.449283 1.452293
6.449225 1.452551
6.449133 1.452962
6.449000 1.453552
6.448827 1.454316
6.448623 1.455223
6.448398 1.456221
6.448167 1.457239
6.447948 1.458209
6.447755 1.459065
6.447597 1.459761
6.447480 1.460278
6.447402 1.460622
6.447355 1.460829
6.447327 1.460955
6.447301 1.461069
6.447261 1.461243
6.447194 1.461539
6.447090 1.461998
6.446945 1.462639
6.446761 1.463449
6.446547 1.464390
6.446317 1.465402
6.446087 1.466417
6.445871 1.467362
6.445686 1.468178
6.445538 1.468825
6.445432 1.469290
6.445364 1.469590
6.445324 1.469765
6.445298 1.469877
6.445271 1.469999
6.445225 1.470199
6.445148 1.470536
6.445032 1.471046
6.444874 1.471737
6.444679 1.472590
6.444457 1.473560
6.444223 1.474583
6.443994 1.475587
6.443784 1.476502
6.443607 1.477275
6.443470 1.477871
6.443375 1.478285
6.443316 1.478543
6.443282 1.478691
6.443258 1.478796
6.443227 1.478930
6.443174 1.479162
6.443086 1.479544
6.442957 1.480105
6.442787 1.480846
6.442582 1.481739
6.442353 1.482733
6.442116 1.483761
6.441889 1.484748
6.441686 1.485630
6.441518 1.486355
6.441393 1.486899
6.441308 1.487264
6.441258 1.487483
6.441229 1.487609
6.441205 1.487713
6.441169 1.487866
6.441108 1.488134
6.441008 1.488563
6.440867 1.489176
6.440684 1.489965
6.440469 1.490895
6.440234 1.491908
6.439997 1.492933
6.439773 1.493899
6.439577 1.494742
6.439420 1.495418
6.439306 1.495909
6.439232 1.496228
6.439189 1.496412
6.439164 1.496522
6.439139 1.496629
6.439098 1.496806
6.439026 1.497115
6.438914 1.497594
6.438760 1.498259
6.438566 1.499094
6.438342 1.500055
6.438102 1.501082
6.437865 1.502100
6.437646 1.503038
6.437459 1.503839
6.437313 1.504463
6.437210 1.504903
6.437146 1.505176
6.437110 1.505330
6.437087 1.505429
6.437060 1.505547
6.437011 1.505754
6.436929 1.506106
6.436805 1.506637
6.436637 1.507354
6.436431 1.508231
6.436200 1.509219
6.435957 1.510253
6.435721 1.511258
6.435508 1.512164
6.435331 1.512919
6.435197 1.513490
6.435105 1.513879
6.435051 1.514111
6.435020 1.514240
6.434998 1.514334
6.434967 1.514468
6.434910 1.514709
6.434816 1.515108
6.434678 1.515692
6.434498 1.516458
6.434282 1.517375
6.434043 1.518386
6.433799 1.519421
6.433566 1.520407
6.433361 1.521276
6.433194 1.521981
6.433071 1.522500
6.432991 1.522839
6.432945 1.523034
6.432919 1.523143
6.432896 1.523238
6.432860 1.523393
6.432793 1.523673
6.432687 1.524122
6.432536 1.524759
6.432343 1.525573
6.432117 1.526525
6.431873 1.527552
6.431628 1.528583
6.431400 1.529544
6.431203 1.530372
6.431047 1.531026
6.430937 1.531491
6.430867 1.531783
6.430828 1.531945
6.430806 1.532040
6.430781 1.532142
6.430738 1.532324
6.430661 1.532647
6.430542 1.533148
6.430377 1.533838
6.430172 1.534697
6.429938 1.535679
6.429690 1.536717
6.429446 1.537738
6.429223 1.538669
6.429036 1.539452
6.428892 1.540052
6.428793 1.540465
6.428733 1.540713
6.428701 1.540847
6.428681 1.540933
6.428653 1.541048
6.428602 1.541263
6.428513 1.541632
6.428380 1.542187
6.428202 1.542928
6.427986 1.543829
6.427744 1.544836
6.427493 1.545879
6.427251 1.546884
6.427036 1.547779
6.426859 1.548514
6.426727 1.549060
6.426640 1.549422
6.426590 1.549630
6.426563 1.549740
6.426543 1.549824
6.426511 1.549958
6.426450 1.550210
6.426349 1.550629
6.426202 1.551237
6.426011 1.552029
6.425784 1.552967
6.425536 1.553994
6.425284 1.555037
6.425046 1.556019
6.424839 1.556874
6.424673 1.557558
6.424554 1.558050
6.424478 1.558362
6.424436 1.558534
6.424414 1.558627
6.424392 1.558715
6.424354 1.558874
6.424283 1.559167
6.424168 1.559637
6.424008 1.560300
6.423804 1.561139
6.423567 1.562111
6.423314 1.563152
6.423062 1.564187
6.422830 1.565141
6.422632 1.565953
6.422478 1.566584
6.422371 1.567022
6.422306 1.567288
6.422272 1.567428
6.422252 1.567509
6.422228 1.567607
6.422182 1.567796
6.422100 1.568135
6.421972 1.568659
6.421797 1.569374
6.421581 1.570258
6.421336 1.571259
6.421079 1.572308
6.420829 1.573330
6.420603 1.574251
6.420416 1.575015
6.420274 1.575591
6.420180 1.575976
6.420125 1.576199
6.420097 1.576312
6.420079 1.576388
6.420051 1.576502
6.419996 1.576726
6.419900 1.577114
6.419758 1.577692
6.419570 1.578460
6.419342 1.579384
6.419090 1.580408
6.418831 1.581460
6.418584 1.582462
6.418366 1.583345
6.418190 1.584059
6.418062 1.584579
6.417979 1.584913
6.417934 1.585097
6.417911 1.585189
6.417892 1.585265
6.417859 1.585402
6.417794 1.585666
6.417685 1.586105
6.417528 1.586738
6.417326 1.587556
6.417088 1.588517
6.416830 1.589559
6.416571 1.590606
6.416329 1.591583
6.416120 1.592423
6.415956 1.593084
6.415841 1.593549
6.415770 1.593834
6.415733 1.593983
6.415714 1.594060
6.415693 1.594143
6.415652 1.594307
6.415576 1.594615
6.415453 1.595108
6.415282 1.595797
6.415067 1.596661
6.414820 1.597654
6.414557 1.598707
6.414299 1.599745
6.414063 1.600691
6.413864 1.601485
6.413713 1.602090
6.413611 1.602501
6.413551 1.602740
6.413521 1.602859
6.413504 1.602927
6.413480 1.603023
6.413431 1.603220
6.413342 1.603577
6.413205 1.604124
6.413019 1.604866
6.412792 1.605774
6.412536 1.606794
6.412271 1.607853
6.412015 1.608874
6.411786 1.609784
6.411600 1.610528
6.411461 1.611078
6.411372 1.611435
6.411322 1.611632
6.411298 1.611727
6.411282 1.611792
6.411253 1.611907
6.411194 1.612143
6.411091 1.612550
6.410939 1.613153
6.410740 1.613947
6.410501 1.614895
6.410239 1.615936
6.409972 1.616994
6.409720 1.617992
6.409501 1.618861
6.409326 1.619553
6.409201 1.620046
6.409124 1.620352
6.409084 1.620511
6.409064 1.620587
6.409047 1.620656
6.409011 1.620796
6.408941 1.621075
6.408825 1.621535
6.408658 1.622195
6.408444 1.623038
6.408195 1.624021
6.407927 1.625077
6.407661 1.626128
6.407415 1.627098
6.407205 1.627922
6.407044 1.628558
6.406932 1.628996
6.406867 1.629253
6.406835 1.629379
6.406819 1.629443
6.406799 1.629522
6.406755 1.629693
6.406672 1.630018
6.406541 1.630534
6.406359 1.631249
6.406132 1.632138
6.405874 1.633151
6.405603 1.634216
6.405338 1.635254
6.405099 1.636190
6.404901 1.636964
6.404753 1.637544
6.404655 1.637927
6.404601 1.638140
6.404575 1.638238
6.404561 1.638295
6.404536 1.638390
6.404483 1.638597
6.404387 1.638972
6.404241 1.639545
6.404044 1.640314
6.403805 1.641246
6.403539 1.642283
6.403265 1.643351
6.403004 1.644369
6.402774 1.645266
6.402588 1.645989
6.402453 1.646511
6.402369 1.646840
6.402325 1.647012
6.402305 1.647088
6.402290 1.647146
6.402260 1.647263
6.402196 1.647511
6.402086 1.647940
6.401924 1.648569
6.401712 1.649390
6.401462 1.650360
6.401190 1.651416
6.400915 1.652480
6.400659 1.653473
6.400439 1.654326
6.400266 1.654993
6.400146 1.655459
6.400074 1.655737
6.400039 1.655873
6.400023 1.655933
6.400007 1.655997
6.399969 1.656142
6.399893 1.656436
6.399768 1.656920
6.399590 1.657606
6.399365 1.658475
6.399104 1.659479
6.398827 1.660548
6.398554 1.661602
6.398304 1.662563
6.398095 1.663368
6.397936 1.663979
6.397830 1.664388
6.397770 1.664618
6.397742 1.664723
6.397729 1.664773
6.397709 1.664850
6.397663 1.665029
6.397573 1.665372
6.397432 1.665913
6.397239 1.666655
6.397001 1.667570
6.396732 1.668602
6.396451 1.669677
6.396181 1.670714
6.395939 1.671638
6.395742 1.672391
6.395597 1.672945
6.395505 1.673298
6.395456 1.673485
6.395435 1.673564
6.395423 1.673610
6.395398 1.673707
6.395341 1.673925
6.395237 1.674321
6.395080 1.674920
6.394872 1.675715
6.394621 1.676671
6.394345 1.677726
6.394063 1.678800
6.393796 1.679814
6.393565 1.680696
6.393381 1.681396
6.393251 1.681891
6.393172 1.682191
6.393133 1.682338
6.393117 1.682397
6.393104 1.682447
6.393072 1.682569
6.393003 1.682832
6.392884 1.683283
6.392711 1.683939
6.392488 1.684786
6.392226 1.685779
6.391944 1.686849
6.391662 1.687917
6.391402 1.688902
6.391181 1.689738
6.391011 1.690380
6.390896 1.690817
6.390829 1.691067
6.390800 1.691180
6.390788 1.691225
6.390772 1.691285
6.390731 1.691438
6.390649 1.691749
6.390514 1.692257
6.390325 1.692971
6.390088 1.693866
6.389817 1.694890
6.389530 1.695971
6.389250 1.697025
6.388997 1.697975
6.388789 1.698761
6.388633 1.699345
6.388532 1.699725
6.388478 1.699928
6.388456 1.700012
6.388446 1.700050
6.388425 1.700126
6.388375 1.700316
6.388278 1.700679
6.388127 1.701245
6.387923 1.702015
6.387672 1.702955
6.387392 1.704005
6.387103 1.705088
6.386827 1.706122
6.386583 1.707033
6.386388 1.707764
6.386247 1.708290
6.386161 1.708614
6.386118 1.708775
6.386102 1.708835
6.386091 1.708873
6.386065 1.708972
6.386003 1.709204
6.385891 1.709622
6.385723 1.710247
6.385503 1.711070
6.385240 1.712050
6.384953 1.713119
6.384664 1.714199
6.384393 1.715208
6.384160 1.716073
6.383979 1.716748
6.383853 1.717214
6.383780 1.717486
6.383747 1.717609
6.383736 1.717652
6.383724 1.717696
6.383689 1.717824
6.383614 1.718103
