x      y      z      Energy      a      h      e      I      OMEGA
6.61077974 0.00000000 0.00000000 -0.07563217 6.61077974 0.00000000 1.00000000 0.00000000 0.00000000
6.32465640 1.91652017 0.00000000 -0.07563149 6.61083925 0.00000000 1.00000000 0.00000000 0.29416498
5.49055420 3.66694087 0.00000000 -0.07562993 6.61097482 0.00000000 1.00000000 0.00000000 0.58832997
4.17947925 5.09869173 0.00000000 -0.07562818 6.61112741 0.00000000 1.00000000 0.00000000 0.88249495
2.50382844 6.08545572 0.00000000 -0.07562647 6.61127562 0.00000000 1.00000000 0.00000000 1.17665993
0.60865815 6.53821959 0.00000000 -0.07562454 6.61144365 0.00000000 1.00000000 0.00000000 1.47082491
-1.34006163 6.41372534 0.00000000 -0.07562192 6.61167139 0.00000000 1.00000000 0.00000000 1.76498990
-3.16954345 5.71939554 0.00000000 -0.07561850 6.61196941 0.00000000 1.00000000 0.00000000 2.05915488
-4.71560267 4.51393019 0.00000000 -0.07561478 6.61229416 0.00000000 1.00000000 0.00000000 2.35331986
-5.83801552 2.90308013 0.00000000 -0.07561168 6.61256412 0.00000000 1.00000000 0.00000000 2.64748485
-6.43417644 1.03060758 0.00000000 -0.07561005 6.61270668 0.00000000 1.00000000 0.00000000 2.94164983
-6.44939304 -0.93490352 0.00000000 -0.07561011 6.61270142 0.00000000 1.00000000 0.00000000 3.23581481
-5.88244906 -2.81605952 0.00000000 -0.07561141 6.61258761 0.00000000 1.00000000 0.00000000 3.52997979
-4.78566539 -4.44366714 0.00000000 -0.07561321 6.61243091 0.00000000 1.00000000 0.00000000 3.82414478
-3.25947286 -5.67274290 0.00000000 -0.07561500 6.61227536 0.00000000 1.00000000 0.00000000 4.11830976
-1.44228110 -6.39572406 0.00000000 -0.07561683 6.61211711 0.00000000 1.00000000 0.00000000 4.41247474
0.50299852 -6.55158474 0.00000000 -0.07561911 6.61191864 0.00000000 1.00000000 0.00000000 4.70663973
2.40414484 -6.13021134 0.00000000 -0.07562218 6.61165122 0.00000000 1.00000000 0.00000000 5.00080471
4.09492724 -5.17202267 0.00000000 -0.07562584 6.61133205 0.00000000 1.00000000 0.00000000 5.29496969
5.42915396 -3.76331297 0.00000000 -0.07562933 6.61102763 0.00000000 1.00000000 0.00000000 5.58913467
6.29246207 -2.02809434 0.00000000 -0.07563171 6.61081970 0.00000000 1.00000000 0.00000000 5.88329966
6.61119869 -0.11732930 0.00000000 -0.07563242 6.61075802 0.00000000 1.00000000 0.00000000 6.17746464
6.35802279 1.80356947 0.00000000 -0.07563156 6.61083313 0.00000000 1.00000000 0.00000000 6.47162962
5.55403547 3.56815516 0.00000000 -0.07562978 6.61098821 0.00000000 1.00000000 0.00000000 6.76579461
4.26734558 5.02249762 0.00000000 -0.07562779 6.61116105 0.00000000 1.00000000 0.00000000 7.05995959
2.60805705 6.03806165 0.00000000 -0.07562590 6.61132559 0.00000000 1.00000000 0.00000000 7.35412457
0.71978906 6.52302600 0.00000000 -0.07562386 6.61150243 0.00000000 1.00000000 0.00000000 7.64828955
-1.23194234 6.43107260 0.00000000 -0.07562124 6.61173082 0.00000000 1.00000000 0.00000000 7.94245454
-3.07383141 5.76665915 0.00000000 -0.07561788 6.61202359 0.00000000 1.00000000 0.00000000 8.23661952
-4.64033667 4.58591334 0.00000000 -0.07561424 6.61234027 0.00000000 1.00000000 0.00000000 8.53078450
-5.78925361 2.99261183 0.00000000 -0.07561126 6.61260105 0.00000000 1.00000000 0.00000000 8.82494948
-6.41561316 1.12924115 0.00000000 -0.07560975 6.61273278 0.00000000 1.00000000 0.00000000 9.11911447
-6.46219616 -0.83617956 0.00000000 -0.07560997 6.61271344 0.00000000 1.00000000 0.00000000 9.41327945
-5.92526901 -2.72614916 0.00000000 -0.07561148 6.61258170 0.00000000 1.00000000 0.00000000 9.70744443
-4.85477416 -4.37074609 0.00000000 -0.07561351 6.61240509 0.00000000 1.00000000 0.00000000 10.00160942
-3.34901365 -5.62368172 0.00000000 -0.07561551 6.61223158 0.00000000 1.00000000 0.00000000 10.29577440
-1.54463877 -6.37555297 0.00000000 -0.07561747 6.61206139 0.00000000 1.00000000 0.00000000 10.58993938
0.39668355 -6.56302420 0.00000000 -0.07561979 6.61185908 0.00000000 1.00000000 0.00000000 10.88410436
2.30330771 -6.17332298 0.00000000 -0.07562283 6.61159494 0.00000000 1.00000000 0.00000000 11.17826935
4.00877718 -5.24405307 0.00000000 -0.07562640 6.61128324 0.00000000 1.00000000 0.00000000 11.47243433
5.36580418 -3.85879660 0.00000000 -0.07562979 6.61098767 0.00000000 1.00000000 0.00000000 11.76659931
6.25809053 -2.13925212 0.00000000 -0.07563206 6.61078927 0.00000000 1.00000000 0.00000000 12.06076430
6.60935534 -0.23475232 0.00000000 -0.07563264 6.61073922 0.00000000 1.00000000 0.00000000 12.35492928
6.38919177 1.69001187 0.00000000 -0.07563160 6.61082979 0.00000000 1.00000000 0.00000000 12.64909426
5.61553005 3.46828807 0.00000000 -0.07562960 6.61100400 0.00000000 1.00000000 0.00000000 12.94325924
4.35356599 4.94482656 0.00000000 -0.07562738 6.61119666 0.00000000 1.00000000 0.00000000 13.23742423
2.71108383 5.98890878 0.00000000 -0.07562530 6.61137707 0.00000000 1.00000000 0.00000000 13.53158921
0.83022951 6.50593192 0.00000000 -0.07562317 6.61156218 0.00000000 1.00000000 0.00000000 13.82575419
-1.12397786 6.44653360 0.00000000 -0.07562055 6.61179054 0.00000000 1.00000000 0.00000000 14.11991918
-2.97776123 5.81220963 0.00000000 -0.07561726 6.61207718 0.00000000 1.00000000 0.00000000 14.41408416
-4.56426987 4.65650424 0.00000000 -0.07561373 6.61238485 0.00000000 1.00000000 0.00000000 14.70824914
-5.73936215 3.08119387 0.00000000 -0.07561086 6.61263562 0.00000000 1.00000000 0.00000000 15.00241412
-6.39573982 1.22744943 0.00000000 -0.07560948 6.61275604 0.00000000 1.00000000 0.00000000 15.29657911
-6.47367675 -0.73732518 0.00000000 -0.07560987 6.61272254 0.00000000 1.00000000 0.00000000 15.59074409
-5.96692364 -2.63557619 0.00000000 -0.07561158 6.61257312 0.00000000 1.00000000 0.00000000 15.88490907
-4.92302719 -4.29670569 0.00000000 -0.07561383 6.61237702 0.00000000 1.00000000 0.00000000 16.17907406
-3.43812756 -5.57316193 0.00000000 -0.07561603 6.61218602 0.00000000 1.00000000 0.00000000 16.47323904
-1.64707417 -6.35372925 0.00000000 -0.07561812 6.61200444 0.00000000 1.00000000 0.00000000 16.76740402
0.28975805 -6.57277427 0.00000000 -0.07562048 6.61179894 0.00000000 1.00000000 0.00000000 17.06156900
2.20134563 -6.21486327 0.00000000 -0.07562347 6.61153893 0.00000000 1.00000000 0.00000000 17.35573399
3.92104795 -5.31477046 0.00000000 -0.07562695 6.61123563 0.00000000 1.00000000 0.00000000 17.64989897
5.30051649 -3.95334194 0.00000000 -0.07563023 6.61094981 0.00000000 1.00000000 0.00000000 17.94406395
6.22154524 -2.24993122 0.00000000 -0.07563238 6.61076159 0.00000000 1.00000000 0.00000000 18.23822894
6.60524383 -0.35220403 0.00000000 -0.07563282 6.61072337 0.00000000 1.00000000 0.00000000 18.53239392
6.41814785 1.57591146 0.00000000 -0.07563160 6.61082923 0.00000000 1.00000000 0.00000000 18.82655890
5.67501364 3.36739967 0.00000000 -0.07562939 6.61102216 0.00000000 1.00000000 0.00000000 19.12072388
4.43810915 4.86573190 0.00000000 -0.07562695 6.61123413 0.00000000 1.00000000 0.00000000 19.41488887
2.81287302 5.93804180 0.00000000 -0.07562470 6.61142992 0.00000000 1.00000000 0.00000000 19.70905385
0.93994232 6.48697255 0.00000000 -0.07562248 6.61162276 0.00000000 1.00000000 0.00000000 20.00321883
-1.01620369 6.46013425 0.00000000 -0.07561986 6.61185040 0.00000000 1.00000000 0.00000000 20.29738382
-2.88136412 5.85606486 0.00000000 -0.07561665 6.61213005 0.00000000 1.00000000 0.00000000 20.59154880
-4.48742723 4.72571468 0.00000000 -0.07561324 6.61242777 0.00000000 1.00000000 0.00000000 20.88571378
-5.68835874 3.16883420 0.00000000 -0.07561049 6.61266776 0.00000000 1.00000000 0.00000000 21.17987876
-6.37456631 1.32523866 0.00000000 -0.07560925 6.61277642 0.00000000 1.00000000 0.00000000 21.47404375
-6.48383714 -0.63833386 0.00000000 -0.07560979 6.61272870 0.00000000 1.00000000 0.00000000 21.76820873
-6.00740804 -2.54433208 0.00000000 -0.07561171 6.61256190 0.00000000 1.00000000 0.00000000 22.06237371
-4.99041294 -4.22153368 0.00000000 -0.07561418 6.61234677 0.00000000 1.00000000 0.00000000 22.35653870
-3.52679735 -5.52116588 0.00000000 -0.07561657 6.61213882 0.00000000 1.00000000 0.00000000 22.65070368
-1.74956585 -6.33022819 0.00000000 -0.07561879 6.61194641 0.00000000 1.00000000 0.00000000 22.94486866
0.18224568 -6.58080190 0.00000000 -0.07562118 6.61173839 0.00000000 1.00000000 0.00000000 23.23903364
2.09828184 -6.25479022 0.00000000 -0.07562411 6.61148331 0.00000000 1.00000000 0.00000000 23.53319863
3.83175959 -5.38412424 0.00000000 -0.07562748 6.61118935 0.00000000 1.00000000 0.00000000 23.82736361
5.23330508 -4.04689104 0.00000000 -0.07563064 6.61091416 0.00000000 1.00000000 0.00000000 24.12152859
6.18283244 -2.36006854 0.00000000 -0.07563267 6.61073670 0.00000000 1.00000000 0.00000000 24.41569357
6.59886111 -0.46961899 0.00000000 -0.07563297 6.61071053 0.00000000 1.00000000 0.00000000 24.70985856
6.44487835 1.46133288 0.00000000 -0.07563158 6.61083146 0.00000000 1.00000000 0.00000000 25.00402354
5.73246466 3.26555066 0.00000000 -0.07562915 6.61104263 0.00000000 1.00000000 0.00000000 25.29818852
4.52094637 4.78526769 0.00000000 -0.07562650 6.61127337 0.00000000 1.00000000 0.00000000 25.59235351
2.91339134 5.88550621 0.00000000 -0.07562408 6.61148400 0.00000000 1.00000000 0.00000000 25.88651849
1.04889269 6.46618389 0.00000000 -0.07562177 6.61168402 0.00000000 1.00000000 0.00000000 26.18068347
-0.90865311 6.47190128 0.00000000 -0.07561917 6.61191024 0.00000000 1.00000000 0.00000000 26.47484845
-2.78466917 5.89824352 0.00000000 -0.07561605 6.61218206 0.00000000 1.00000000 0.00000000 26.76901344
-4.40983173 4.79355719 0.00000000 -0.07561276 6.61246894 0.00000000 1.00000000 0.00000000 27.06317842
-5.63625914 3.25554134 0.00000000 -0.07561015 6.61269739 0.00000000 1.00000000 0.00000000 27.35734340
-6.35210077 1.42261555 0.00000000 -0.07560904 6.61279386 0.00000000 1.00000000 0.00000000 27.65150839
-6.49267788 -0.53919884 0.00000000 -0.07560976 6.61273193 0.00000000 1.00000000 0.00000000 27.94567337
-6.04671547 -2.45240822 0.00000000 -0.07561187 6.61254807 0.00000000 1.00000000 0.00000000 28.23983835
-5.05691795 -4.14521787 0.00000000 -0.07561455 6.61231443 0.00000000 1.00000000 0.00000000 28.53400333
-3.61500372 -5.46767599 0.00000000 -0.07561713 6.61209009 0.00000000 1.00000000 0.00000000 28.82816832
-1.85209011 -6.30502521 0.00000000 -0.07561947 6.61188745 0.00000000 1.00000000 0.00000000 29.12233330
0.07417244 -6.58707419 0.00000000 -0.07562188 6.61167757 0.00000000 1.00000000 0.00000000 29.41649828
1.99414208 -6.29306197 0.00000000 -0.07562474 6.61142823 0.00000000 1.00000000 0.00000000 29.71066327
3.74093475 -5.45206387 0.00000000 -0.07562800 6.61114449 0.00000000 1.00000000 0.00000000 30.00482825
5.16418685 -4.13938593 0.00000000 -0.07563102 6.61088078 0.00000000 1.00000000 0.00000000 30.29899323
6.14196112 -2.46960086 0.00000000 -0.07563292 6.61071469 0.00000000 1.00000000 0.00000000 30.59315821
6.59020688 -0.58693152 0.00000000 -0.07563308 6.61070071 0.00000000 1.00000000 0.00000000 30.88732320
6.46937336 1.34634111 0.00000000 -0.07563152 6.61083647 0.00000000 1.00000000 0.00000000 31.18148818
5.78786427 3.16280221 0.00000000 -0.07562889 6.61106538 0.00000000 1.00000000 0.00000000 31.47565316
4.60205159 4.70348857 0.00000000 -0.07562603 6.61131429 0.00000000 1.00000000 0.00000000 31.76981815
3.01260808 5.83134815 0.00000000 -0.07562344 6.61153919 0.00000000 1.00000000 0.00000000 32.06398313
1.15704824 6.44360264 0.00000000 -0.07562106 6.61174578 0.00000000 1.00000000 0.00000000 32.35814811
-0.80135713 6.48186212 0.00000000 -0.07561849 6.61196991 0.00000000 1.00000000 0.00000000 32.65231309
-2.68770333 5.93876493 0.00000000 -0.07561547 6.61223306 0.00000000 1.00000000 0.00000000 32.94647808
-4.33150436 4.86004482 0.00000000 -0.07561231 6.61250823 0.00000000 1.00000000 0.00000000 33.24064306
-5.58307726 3.34132427 0.00000000 -0.07560984 6.61272442 0.00000000 1.00000000 0.00000000 33.53480804
-6.32834954 1.51958705 0.00000000 -0.07560888 6.61280832 0.00000000 1.00000000 0.00000000 33.82897303
-6.50019773 -0.43991324 0.00000000 -0.07560975 6.61273222 0.00000000 1.00000000 0.00000000 34.12313801
-6.08483739 -2.35979604 0.00000000 -0.07561206 6.61253168 0.00000000 1.00000000 0.00000000 34.41730299
-5.12252679 -4.06774626 0.00000000 -0.07561495 6.61228010 0.00000000 1.00000000 0.00000000 34.71146797
-3.70272526 -5.41267500 0.00000000 -0.07561771 6.61203998 0.00000000 1.00000000 0.00000000 35.00563296
-1.95462100 -6.27809604 0.00000000 -0.07562015 6.61182771 0.00000000 1.00000000 0.00000000 35.29979794
-0.03443327 -6.59155853 0.00000000 -0.07562258 6.61161664 0.00000000 1.00000000 0.00000000 35.59396292
1.88895459 -6.32963691 0.00000000 -0.07562537 6.61137381 0.00000000 1.00000000 0.00000000 35.88812791
3.64859872 -5.51853901 0.00000000 -0.07562850 6.61110118 0.00000000 1.00000000 0.00000000 36.18229289
5.09318142 -4.23076881 0.00000000 -0.07563138 6.61084976 0.00000000 1.00000000 0.00000000 36.47645787
6.09894304 -2.57846500 0.00000000 -0.07563314 6.61069558 0.00000000 1.00000000 0.00000000 36.77062285
6.57928368 -0.70407588 0.00000000 -0.07563316 6.61069395 0.00000000 1.00000000 0.00000000 37.06478784
6.49162578 1.23100134 0.00000000 -0.07563143 6.61084425 0.00000000 1.00000000 0.00000000 37.35895282
5.84119640 3.05921579 0.00000000 -0.07562860 6.61109033 0.00000000 1.00000000 0.00000000 37.65311780
4.68140145 4.62044958 0.00000000 -0.07562554 6.61135678 0.00000000 1.00000000 0.00000000 37.94728278
3.11049507 5.77561420 0.00000000 -0.07562280 6.61159533 0.00000000 1.00000000 0.00000000 38.24144777
1.26437900 6.41926598 0.00000000 -0.07562035 6.61180790 0.00000000 1.00000000 0.00000000 38.53561275
-0.69434446 6.49004470 0.00000000 -0.07561780 6.61202925 0.00000000 1.00000000 0.00000000 38.82977773
-2.59049146 5.97764890 0.00000000 -0.07561489 6.61228294 0.00000000 1.00000000 0.00000000 39.12394272
-4.25246414 4.92519109 0.00000000 -0.07561188 6.61254555 0.00000000 1.00000000 0.00000000 39.41810770
-5.52882514 3.42619227 0.00000000 -0.07560956 6.61274878 0.00000000 1.00000000 0.00000000 39.71227268
-6.30331721 1.61616026 0.00000000 -0.07560875 6.61281978 0.00000000 1.00000000 0.00000000 40.00643766
-6.50639371 -0.34047025 0.00000000 -0.07560979 6.61272958 0.00000000 1.00000000 0.00000000 40.30060265
-6.12176337 -2.26648725 0.00000000 -0.07561228 6.61251278 0.00000000 1.00000000 0.00000000 40.59476763
-5.18722209 -3.98910720 0.00000000 -0.07561536 6.61224386 0.00000000 1.00000000 0.00000000 40.88893261
-3.78993845 -5.35614609 0.00000000 -0.07561830 6.61198861 0.00000000 1.00000000 0.00000000 41.18309760
-2.05713032 -6.24941689 0.00000000 -0.07562085 6.61176734 0.00000000 1.00000000 0.00000000 41.47726258
-0.14354066 -6.59422277 0.00000000 -0.07562328 6.61155574 0.00000000 1.00000000 0.00000000 41.77142756
1.78275015 -6.36447388 0.00000000 -0.07562599 6.61132020 0.00000000 1.00000000 0.00000000 42.06559254
3.55477937 -5.58349971 0.00000000 -0.07562898 6.61105952 0.00000000 1.00000000 0.00000000 42.35975753
5.02031112 -4.32098217 0.00000000 -0.07563171 6.61082117 0.00000000 1.00000000 0.00000000 42.65392251
6.05379276 -2.68659800 0.00000000 -0.07563333 6.61067943 0.00000000 1.00000000 0.00000000 42.94808749
6.56609688 -0.82098640 0.00000000 -0.07563320 6.61069024 0.00000000 1.00000000 0.00000000 43.24225248
6.51163131 1.11537877 0.00000000 -0.07563131 6.61085477 0.00000000 1.00000000 0.00000000 43.53641746
5.89244773 2.95485304 0.00000000 -0.07562829 6.61111744 0.00000000 1.00000000 0.00000000 43.83058244
4.75897525 4.53620598 0.00000000 -0.07562503 6.61140073 0.00000000 1.00000000 0.00000000 44.12474742
3.20702671 5.71835128 0.00000000 -0.07562214 6.61165228 0.00000000 1.00000000 0.00000000 44.41891241
1.37085745 6.39321145 0.00000000 -0.07561963 6.61187021 0.00000000 1.00000000 0.00000000 44.71307739
-0.58764151 6.49647730 0.00000000 -0.07561713 6.61208811 0.00000000 1.00000000 0.00000000 45.00724237
-2.49305624 6.01491557 0.00000000 -0.07561433 6.61233155 0.00000000 1.00000000 0.00000000 45.30140736
-4.17272811 4.98900976 0.00000000 -0.07561148 6.61258080 0.00000000 1.00000000 0.00000000 45.59557234
-5.47351297 3.51015475 0.00000000 -0.07560931 6.61277043 0.00000000 1.00000000 0.00000000 45.88973732
-6.27700655 1.71234227 0.00000000 -0.07560865 6.61282821 0.00000000 1.00000000 0.00000000 46.18390230
-6.51126104 -0.24086327 0.00000000 -0.07560985 6.61272402 0.00000000 1.00000000 0.00000000 46.47806729
-6.15748119 -2.17247389 0.00000000 -0.07561252 6.61249144 0.00000000 1.00000000 0.00000000 46.77223227
-5.25098450 -3.90928956 0.00000000 -0.07561580 6.61220583 0.00000000 1.00000000 0.00000000 47.06639725
-3.87661769 -5.29807299 0.00000000 -0.07561890 6.61193612 0.00000000 1.00000000 0.00000000 47.36056224
-2.15958764 -6.21896457 0.00000000 -0.07562154 6.61170651 0.00000000 1.00000000 0.00000000 47.65472722
-0.25311658 -6.59503538 0.00000000 -0.07562398 6.61149504 0.00000000 1.00000000 0.00000000 47.94889220
1.67556199 -6.39753228 0.00000000 -0.07562659 6.61126751 0.00000000 1.00000000 0.00000000 48.24305718
3.45950721 -5.64689657 0.00000000 -0.07562944 6.61101959 0.00000000 1.00000000 0.00000000 48.53722217
4.94560095 -4.40996896 0.00000000 -0.07563201 6.61079508 0.00000000 1.00000000 0.00000000 48.83138715
6.00652759 -2.79393727 0.00000000 -0.07563348 6.61066626 0.00000000 1.00000000 0.00000000 49.12555213
6.55065462 -0.93759772 0.00000000 -0.07563321 6.61068961 0.00000000 1.00000000 0.00000000 49.41971712
6.52938847 0.99953845 0.00000000 -0.07563116 6.61086802 0.00000000 1.00000000 0.00000000 49.71388210
5.94160771 2.84977553 0.00000000 -0.07562795 6.61114662 0.00000000 1.00000000 0.00000000 50.00804708
4.83475495 4.45081313 0.00000000 -0.07562451 6.61144603 0.00000000 1.00000000 0.00000000 50.30221206
3.30217997 5.65960643 0.00000000 -0.07562148 6.61170991 0.00000000 1.00000000 0.00000000 50.59637705
1.47645850 6.36547680 0.00000000 -0.07561892 6.61193256 0.00000000 1.00000000 0.00000000 50.89054203
-0.48127245 6.50118844 0.00000000 -0.07561646 6.61214633 0.00000000 1.00000000 0.00000000 51.18470701
-2.39541825 6.05058529 0.00000000 -0.07561379 6.61237877 0.00000000 1.00000000 0.00000000 51.47887199
-4.09231134 5.05151471 0.00000000 -0.07561110 6.61261388 0.00000000 1.00000000 0.00000000 51.77303698
-5.41714911 3.59322113 0.00000000 -0.07560909 6.61278930 0.00000000 1.00000000 0.00000000 52.06720196
-6.24941860 1.80813997 0.00000000 -0.07560859 6.61283359 0.00000000 1.00000000 0.00000000 52.36136694
-6.51479320 -0.14108606 0.00000000 -0.07560995 6.61271557 0.00000000 1.00000000 0.00000000 52.65553193
-6.19197679 -2.07774858 0.00000000 -0.07561279 6.61246772 0.00000000 1.00000000 0.00000000 52.94969691
-5.31379275 -3.82828288 0.00000000 -0.07561626 6.61216611 0.00000000 1.00000000 0.00000000 53.24386189
-3.96273529 -5.23844021 0.00000000 -0.07561952 6.61188266 0.00000000 1.00000000 0.00000000 53.53802687
-2.26196029 -6.18671666 0.00000000 -0.07562225 6.61164536 0.00000000 1.00000000 0.00000000 53.83219186
-0.36312551 -6.59396560 0.00000000 -0.07562467 6.61143468 0.00000000 1.00000000 0.00000000 54.12635684
1.56742585 -6.42877230 0.00000000 -0.07562719 6.61121588 0.00000000 1.00000000 0.00000000 54.42052182
3.36281531 -5.70868089 0.00000000 -0.07562987 6.61098149 0.00000000 1.00000000 0.00000000 54.71468681
4.86907861 -4.49767280 0.00000000 -0.07563228 6.61077153 0.00000000 1.00000000 0.00000000 55.00885179
5.95716760 -2.90042080 0.00000000 -0.07563360 6.61065611 0.00000000 1.00000000 0.00000000 55.30301677
6.53296786 -1.05384489 0.00000000 -0.07563318 6.61069204 0.00000000 1.00000000 0.00000000 55.59718175
6.54489855 0.88354513 0.00000000 -0.07563097 6.61088394 0.00000000 1.00000000 0.00000000 55.89134674
5.98866850 2.74404465 0.00000000 -0.07562760 6.61117781 0.00000000 1.00000000 0.00000000 56.18551172
4.90872520 4.36432625 0.00000000 -0.07562398 6.61149258 0.00000000 1.00000000 0.00000000 56.47967670
3.39593436 5.59942670 0.00000000 -0.07562081 6.61176805 0.00000000 1.00000000 0.00000000 56.77384169
1.58115948 6.33609979 0.00000000 -0.07561820 6.61199478 0.00000000 1.00000000 0.00000000 57.06800667
-0.37525916 6.50420669 0.00000000 -0.07561580 6.61220376 0.00000000 1.00000000 0.00000000 57.36217165
-2.29759599 6.08467843 0.00000000 -0.07561326 6.61242448 0.00000000 1.00000000 0.00000000 57.65633663
-4.01122694 5.11271980 0.00000000 -0.07561074 6.61264472 0.00000000 1.00000000 0.00000000 57.95050162
-5.35974009 3.67540066 0.00000000 -0.07560890 6.61280534 0.00000000 1.00000000 0.00000000 58.24466660
-6.22055265 1.90355993 0.00000000 -0.07560856 6.61283592 0.00000000 1.00000000 0.00000000 58.53883158
-6.51698192 -0.04113289 0.00000000 -0.07561008 6.61270426 0.00000000 1.00000000 0.00000000 58.83299657
-6.22523429 -1.98230457 0.00000000 -0.07561309 6.61244168 0.00000000 1.00000000 0.00000000 59.12716155
-5.37562365 -3.74607749 0.00000000 -0.07561673 6.61212482 0.00000000 1.00000000 0.00000000 59.42132653
-4.04826151 -5.17723312 0.00000000 -0.07562014 6.61182836 0.00000000 1.00000000 0.00000000 59.71549151
-2.36421344 -6.15265170 0.00000000 -0.07562295 6.61158406 0.00000000 1.00000000 0.00000000 60.00965650
-0.47352963 -6.59098362 0.00000000 -0.07562536 6.61137481 0.00000000 1.00000000 0.00000000 60.30382148
1.45837987 -6.45815503 0.00000000 -0.07562777 6.61116543 0.00000000 1.00000000 0.00000000 60.59798646
3.26473927 -5.76880484 0.00000000 -0.07563029 6.61094532 0.00000000 1.00000000 0.00000000 60.89215145
4.79077443 -4.58403810 0.00000000 -0.07563252 6.61075059 0.00000000 1.00000000 0.00000000 61.18631643
5.90573555 -3.00598725 0.00000000 -0.07563368 6.61064899 0.00000000 1.00000000 0.00000000 61.48048141
6.51305027 -1.16966358 0.00000000 -0.07563312 6.61069752 0.00000000 1.00000000 0.00000000 61.77464639
6.55816559 0.76746306 0.00000000 -0.07563076 6.61090251 0.00000000 1.00000000 0.00000000 62.06881138
6.03362498 2.63772143 0.00000000 -0.07562722 6.61121093 0.00000000 1.00000000 0.00000000 62.36297636
4.98087324 4.27680034 0.00000000 -0.07562343 6.61154024 0.00000000 1.00000000 0.00000000 62.65714134
3.48827190 5.53785894 0.00000000 -0.07562014 6.61182658 0.00000000 1.00000000 0.00000000 62.95130633
1.68494007 6.30511810 0.00000000 -0.07561749 6.61205671 0.00000000 1.00000000 0.00000000 63.24547131
-0.26962128 6.50556052 0.00000000 -0.07561515 6.61226025 0.00000000 1.00000000 0.00000000 63.53963629
-2.19960584 6.11721527 0.00000000 -0.07561276 6.61246855 0.00000000 1.00000000 0.00000000 63.83380127
-3.92948615 5.17263872 0.00000000 -0.07561041 6.61267322 0.00000000 1.00000000 0.00000000 64.12796626
-5.30129069 3.75670230 0.00000000 -0.07560875 6.61281852 0.00000000 1.00000000 0.00000000 64.42213124
-6.19040630 1.99860827 0.00000000 -0.07560857 6.61283519 0.00000000 1.00000000 0.00000000 64.71629622
-6.51781726 0.05900131 0.00000000 -0.07561024 6.61269013 0.00000000 1.00000000 0.00000000 65.01046120
-6.25723608 -1.88613599 0.00000000 -0.07561342 6.61241342 0.00000000 1.00000000 0.00000000 65.30462619
-5.43645214 -3.66266468 0.00000000 -0.07561722 6.61208207 0.00000000 1.00000000 0.00000000 65.59879117
-4.13316460 -5.11443813 0.00000000 -0.07562077 6.61177339 0.00000000 1.00000000 0.00000000 65.89295615
-2.46631009 -6.11674926 0.00000000 -0.07562366 6.61152277 0.00000000 1.00000000 0.00000000 66.18712114
-0.58428885 -6.58606068 0.00000000 -0.07562604 6.61131559 0.00000000 1.00000000 0.00000000 66.48128612
1.34846460 -6.48564261 0.00000000 -0.07562833 6.61111629 0.00000000 1.00000000 0.00000000 66.77545110
3.16531721 -5.82722164 0.00000000 -0.07563068 6.61091114 0.00000000 1.00000000 0.00000000 67.06961608
4.71072133 -4.66901026 0.00000000 -0.07563273 6.61073229 0.00000000 1.00000000 0.00000000 67.36378107
5.85225688 -3.11057621 0.00000000 -0.07563373 6.61064491 0.00000000 1.00000000 0.00000000 67.65794605
6.49091825 -1.28499021 0.00000000 -0.07563302 6.61070603 0.00000000 1.00000000 0.00000000 67.95211103
6.56919632 0.65135586 0.00000000 -0.07563052 6.61092367 0.00000000 1.00000000 0.00000000 68.24627602
6.07647470 2.53086637 0.00000000 -0.07562681 6.61124590 0.00000000 1.00000000 0.00000000 68.54044100
5.05118891 4.18828996 0.00000000 -0.07562287 6.61158891 0.00000000 1.00000000 0.00000000 68.83460598
3.57917710 5.47494969 0.00000000 -0.07561946 6.61188533 0.00000000 1.00000000 0.00000000 69.12877096
1.78778233 6.27256910 0.00000000 -0.07561678 6.61211820 0.00000000 1.00000000 0.00000000 69.42293595
-0.16437627 6.50527818 0.00000000 -0.07561451 6.61231566 0.00000000 1.00000000 0.00000000 69.71710093
-2.10146219 6.14821584 0.00000000 -0.07561227 6.61251086 0.00000000 1.00000000 0.00000000 70.01126591
-3.84709830 5.23128481 0.00000000 -0.07561011 6.61269932 0.00000000 1.00000000 0.00000000 70.30543090
-5.24180394 3.83713455 0.00000000 -0.07560863 6.61282881 0.00000000 1.00000000 0.00000000 70.59959588
-6.15897549 2.09329045 0.00000000 -0.07560861 6.61283142 0.00000000 1.00000000 0.00000000 70.89376086
-6.51728760 0.15932080 0.00000000 -0.07561043 6.61267323 0.00000000 1.00000000 0.00000000 71.18792584
-6.28796283 -1.78923790 0.00000000 -0.07561377 6.61238301 0.00000000 1.00000000 0.00000000 71.48209083
-5.49625134 -3.57803686 0.00000000 -0.07561773 6.61203798 0.00000000 1.00000000 0.00000000 71.77625581
-4.21741087 -5.05004284 0.00000000 -0.07562141 6.61171788 0.00000000 1.00000000 0.00000000 72.07042079
-2.56821118 -6.07899015 0.00000000 -0.07562436 6.61146165 0.00000000 1.00000000 0.00000000 72.36458578
-0.69536087 -6.57916927 0.00000000 -0.07562671 6.61125716 0.00000000 1.00000000 0.00000000 72.65875076
1.23772291 -6.51119844 0.00000000 -0.07562888 6.61106857 0.00000000 1.00000000 0.00000000 72.95291574
3.06458967 -5.88388569 0.00000000 -0.07563105 6.61087905 0.00000000 1.00000000 0.00000000 73.24708072
4.62895477 -4.75253579 0.00000000 -0.07563291 6.61071667 0.00000000 1.00000000 0.00000000 73.54124571
5.79675965 -3.21412827 0.00000000 -0.07563374 6.61064387 0.00000000 1.00000000 0.00000000 73.83541069
6.46659087 -1.39976214 0.00000000 -0.07563289 6.61071755 0.00000000 1.00000000 0.00000000 74.12957567
6.57800016 0.53528632 0.00000000 -0.07563024 6.61094736 0.00000000 1.00000000 0.00000000 74.42374066
6.11721782 2.42353929 0.00000000 -0.07562639 6.61128261 0.00000000 1.00000000 0.00000000 74.71790564
5.11966461 4.09884912 0.00000000 -0.07562230 6.61163845 0.00000000 1.00000000 0.00000000 75.01207062
3.66863690 5.41074500 0.00000000 -0.07561879 6.61194415 0.00000000 1.00000000 0.00000000 75.30623560
1.88967062 6.23848979 0.00000000 -0.07561608 6.61217908 0.00000000 1.00000000 0.00000000 75.60040059
-0.05953944 6.50338754 0.00000000 -0.07561389 6.61236984 0.00000000 1.00000000 0.00000000 75.89456557
-2.00317745 6.17769978 0.00000000 -0.07561180 6.61255132 0.00000000 1.00000000 0.00000000 76.18873055
-3.76407094 5.28867099 0.00000000 -0.07560984 6.61272294 0.00000000 1.00000000 0.00000000 76.48289554
-5.18128121 3.91670534 0.00000000 -0.07560855 6.61283617 0.00000000 1.00000000 0.00000000 76.77706052
-6.12625455 2.18761119 0.00000000 -0.07560869 6.61282461 0.00000000 1.00000000 0.00000000 77.07122550
-6.51537976 0.25982889 0.00000000 -0.07561066 6.61265360 0.00000000 1.00000000 0.00000000 77.36539048
-6.31739354 -1.69160652 0.00000000 -0.07561414 6.61235055 0.00000000 1.00000000 0.00000000 77.65955547
-5.55499259 -3.49218767 0.00000000 -0.07561825 6.61199269 0.00000000 1.00000000 0.00000000 77.95372045
-4.30096472 -4.98403616 0.00000000 -0.07562205 6.61166198 0.00000000 1.00000000 0.00000000 78.24788543
-2.66987561 -6.03935656 0.00000000 -0.07562506 6.61140085 0.00000000 1.00000000 0.00000000 78.54205041
-0.80670124 -6.57028328 0.00000000 -0.07562737 6.61119968 0.00000000 1.00000000 0.00000000 78.83621540
1.12619991 -6.53478727 0.00000000 -0.07562941 6.61102238 0.00000000 1.00000000 0.00000000 79.13038038
2.96259956 -5.93875274 0.00000000 -0.07563140 6.61084911 0.00000000 1.00000000 0.00000000 79.42454536
4.54551267 -4.83456251 0.00000000 -0.07563306 6.61070375 0.00000000 1.00000000 0.00000000 79.71871035
5.73927445 -3.31658526 0.00000000 -0.07563372 6.61064587 0.00000000 1.00000000 0.00000000 80.01287533
6.44008974 -1.51391783 0.00000000 -0.07563272 6.61073204 0.00000000 1.00000000 0.00000000 80.30704031
6.58458909 0.41931629 0.00000000 -0.07562994 6.61097352 0.00000000 1.00000000 0.00000000 80.60120529
6.15585706 2.31579916 0.00000000 -0.07562595 6.61132098 0.00000000 1.00000000 0.00000000 80.89537028
5.18629521 4.00853107 0.00000000 -0.07562172 6.61168874 0.00000000 1.00000000 0.00000000 81.18953526
3.75664063 5.34529030 0.00000000 -0.07561811 6.61200290 0.00000000 1.00000000 0.00000000 81.48370024
1.99059155 6.20291659 0.00000000 -0.07561539 6.61223920 0.00000000 1.00000000 0.00000000 81.77786523
0.04487599 6.49991593 0.00000000 -0.07561328 6.61242265 0.00000000 1.00000000 0.00000000 82.07203021
-1.90476210 6.20568619 0.00000000 -0.07561136 6.61258981 0.00000000 1.00000000 0.