cos() sin()
6.610780 0.000000
6.610839 0.000419
6.610974 0.003311
6.611118 0.010932
6.611228 0.025143
6.611275 0.047249
6.611213 0.077883
6.610936 0.116920
6.610274 0.163452
6.609041 0.215830
6.607118 0.271804
6.604525 0.328747
6.601432 0.383935
6.598118 0.434833
6.594878 0.479345
6.591953 0.515995
6.589499 0.544035
6.587595 0.563494
6.586266 0.575165
6.585490 0.580526
6.585185 0.581613
6.585192 0.580835
6.585274 0.580757
6.585153 0.583885
6.584562 0.592447
6.583290 0.608215
6.581192 0.632353
6.578173 0.665303
6.574148 0.706710
6.569047 0.755420
6.562860 0.809545
6.555698 0.866635
6.547849 0.923931
6.539760 0.978661
6.531956 1.028327
6.524927 1.070947
6.519038 1.105215
6.514480 1.130590
6.511286 1.147321
6.509360 1.156419
6.508501 1.159560
6.508409 1.158942
6.508688 1.157090
6.508861 1.156631
6.508426 1.160073
6.506918 1.169589
6.503976 1.186845
6.499366 1.212844
6.492973 1.247828
6.484776 1.291217
6.474851 1.341619
6.463399 1.396932
6.450803 1.454538
6.437640 1.511585
6.424639 1.565290
6.412567 1.613231
6.402087 1.653566
6.393652 1.685177
6.387452 1.707729
6.383435 1.721687
6.381345 1.728256
6.380770 1.729287
6.381165 1.727109
6.381877 1.724331
6.382180 1.723611
6.381347 1.727433
6.378727 1.737890
6.373825 1.756518
6.366346 1.784151
6.356190 1.820827
6.343442 1.865745
6.328362 1.917298
6.311408 1.973196
6.293258 2.030693
6.274799 2.086881
6.257044 2.139012
6.240986 2.184771
6.227436 2.222482
6.216900 2.251221
6.209530 2.270863
6.205150 2.282066
6.203310 2.286213
6.203356 2.285292
6.204477 2.281732
6.205749 2.278194
6.206193 2.277336
6.204857 2.281586
6.200917 2.292937
6.193770 2.312777
6.183083 2.341761
6.168813 2.379727
6.151186 2.425667
6.130689 2.477780
6.108069 2.533626
6.084326 2.590370
6.060667 2.645097
6.038383 2.695130
6.018675 2.738294
6.002472 2.773096
5.990299 2.798817
5.982231 2.815527
5.977931 2.824061
5.976727 2.825945
5.977697 2.823275
5.979747 2.818541
5.981672 2.814422
5.982236 2.813541
5.980273 2.818247
5.974803 2.830408
5.965132 2.851254
5.950929 2.881255
5.932236 2.920054
5.909464 2.966455
5.883361 3.018498
5.854991 3.073630
5.825698 3.128974
5.797009 3.181652
5.770486 3.229098
5.747512 3.269304
5.729103 3.300978
5.715764 3.323599
5.707459 3.337422
5.703660 3.343431
5.703442 3.343264
5.705599 3.339083
5.708739 3.333405
5.711373 3.328888
5.712011 3.328092
5.709283 3.333257
5.702069 3.346109
5.689617 3.367707
5.671622 3.398340
5.648253 3.437465
5.620137 3.483726
5.588316 3.535037
5.554198 3.588779
5.519477 3.642081
5.486004 3.692147
5.455589 3.736559
5.429774 3.773502
5.409623 3.801890
5.395589 3.821398
5.387491 3.832442
5.384578 3.836127
5.385657 3.834163
5.389220 3.828742
5.393570 3.822366
5.396933 3.817636
5.397573 3.817015
5.393931 3.822615
5.384768 3.836000
5.369298 3.858054
5.347280 3.888885
5.319041 3.927788
5.285456 3.973272
5.247889 4.023168
5.208109 4.074842
5.168166 4.125476
5.130222 4.172403
5.096315 4.213385
5.068114 4.246820
5.046697 4.271832
5.032429 4.288277
5.024952 4.296710
5.023275 4.298321
5.025914 4.294853
5.031054 4.288485
5.036690 4.281665
5.040768 4.276900
5.041316 4.276530
5.036604 4.282509
5.025298 4.296231
5.006608 4.318400
4.980385 4.348956
4.947147 4.387051
4.908047 4.431097
4.864794 4.478889
4.819523 4.527823
4.774641 4.575191
4.732602 4.618494
4.695649 4.655707
4.665540 4.685454
4.643333 4.707064
4.629272 4.720561
4.622799 4.726606
4.622659 4.726436
4.627073 4.721787
4.633911 4.714782
4.640866 4.707774
4.645611 4.703142
4.645956 4.703071
4.640017 4.709344
4.626392 4.723170
4.604316 4.745076
4.573763 4.774848
4.535470 4.811522
4.490894 4.853455
4.442098 4.898452
4.391593 4.943997
4.342128 4.987536
4.296431 5.026782
4.256912 5.059949
4.225386 5.085893
4.202856 5.104143
4.189417 5.114863
4.184287 5.118791
4.185938 5.117171
4.192286 5.111686
4.200893 5.104363
4.209158 5.097418
4.214494 5.093070
4.214508 5.093324
4.207190 5.099771
4.191095 5.113432
4.165512 5.134663
4.130566 5.163112
4.087240 5.197736
4.037310 5.236876
3.983205 5.278402
3.927804 5.319937
3.874181 5.359133
3.825308 5.393949
3.783732 5.422857
3.751286 5.444950
3.728883 5.459943
3.716445 5.468114
3.712950 5.47023