0.999878 0.015622 0.999601 0.000000
0.999512 0.031228 0.998406 0.000000
0.998904 0.046802 0.996414 0.000000
0.998056 0.062327 0.993629 0.000000
0.996970 0.077787 0.990053 0.000000
0.995651 0.093167 0.985689 0.000000
0.994102 0.108451 0.980543 0.000000
0.992329 0.123623 0.974620 0.000000
0.990339 0.138669 0.967926 0.000000
0.988137 0.153574 0.960467 0.000000
0.985732 0.168323 0.952251 0.000000
0.983131 0.182902 0.943287 0.000000
0.980343 0.197299 0.933583 0.000000
0.977378 0.211499 0.923149 0.000000
0.974245 0.225490 0.911996 0.000000
0.970955 0.239261 0.900134 0.000000
0.967519 0.252799 0.887575 0.000000
0.963947 0.266093 0.874332 0.000000
0.960252 0.279133 0.860416 0.000000
0.956446 0.291909 0.845841 0.000000
0.952541 0.304412 0.830621 0.000000
0.948549 0.316631 0.814771 0.000000
0.944483 0.328560 0.798304 0.000000
0.940356 0.340191 0.781235 0.000000
0.936182 0.351516 0.763581 0.000000
0.931973 0.362528 0.745357 0.000000
0.927742 0.373221 0.726578 0.000000
0.923503 0.383591 0.707263 0.000000
0.919268 0.393631 0.687426 0.000000
0.915051 0.403337 0.667085 0.000000
0.910865 0.412705 0.646258 0.000000
0.906721 0.421731 0.624961 0.000000
0.902632 0.430413 0.603212 0.000000
0.898611 0.438746 0.581028 0.000000
0.894670 0.446728 0.558429 0.000000
0.890819 0.454358 0.535431 0.000000
0.887071 0.461633 0.512053 0.000000
0.883436 0.468552 0.488312 0.000000
0.879925 0.475113 0.464227 0.000000
0.876547 0.481317 0.439817 0.000000
0.873312 0.487161 0.415099 0.000000
0.870230 0.492645 0.390092 0.000000
0.867310 0.497769 0.364814 0.000000
0.864558 0.502533 0.339284 0.000000
0.861984 0.506936 0.313520 0.000000
0.859594 0.510978 0.287541 0.000000
0.857395 0.514660 0.261364 0.000000
0.855392 0.517981 0.235009 0.000000
0.853592 0.520942 0.208493 0.000000
0.852000 0.523542 0.181835 0.000000
0.850619 0.525783 0.155054 0.000000
0.849453 0.527664 0.128168 0.000000
0.848506 0.529185 0.101195 0.000000
0.847780 0.530347 0.074153 0.000000
0.847278 0.531150 0.047061 0.000000
0.847000 0.531593 0.019937 0.000000
0.846947 0.531678 -0.007200 0.000000
0.847119 0.531403 -0.034332 0.000000
0.847517 0.530769 -0.061441 0.000000
0.848138 0.529776 -0.088508 0.000000
0.848981 0.528423 -0.115516 0.000000
0.850044 0.526711 -0.142445 0.000000
0.851325 0.524639 -0.169278 0.000000
0.852819 0.522207 -0.195996 0.000000
0.854522 0.519416 -0.222581 0.000000
0.856430 0.516264 -0.249014 0.000000
0.858537 0.512751 -0.275277 0.000000
0.860839 0.508878 -0.301351 0.000000
0.863327 0.504644 -0.327218 0.000000
0.865997 0.500050 -0.352861 0.000000
0.868839 0.495095 -0.378259 0.000000
0.871846 0.489780 -0.403395 0.000000
0.875010 0.484105 -0.428251 0.000000
0.878322 0.478070 -0.452808 0.000000
0.881772 0.471676 -0.477048 0.000000
0.885350 0.464925 -0.500953 0.000000
0.889046 0.457817 -0.524503 0.000000
0.892850 0.450353 -0.547682 0.000000
0.896751 0.442536 -0.570471 0.000000
0.900736 0.434368 -0.592852 0.000000
0.904794 0.425850 -0.614807 0.000000
0.908913 0.416985 -0.636318 0.000000
0.913082 0.407777 -0.657368 0.000000
0.917286 0.398229 -0.677939 0.000000
0.921514 0.388345 -0.698015 0.000000
0.925753 0.378130 -0.717577 0.000000
0.929989 0.367588 -0.736610 0.000000
0.934210 0.356724 -0.755096 0.000000
0.938402 0.345545 -0.773020 0.000000
0.942553 0.334057 -0.790366 0.000000
0.946649 0.322268 -0.807117 0.000000
0.950677 0.310183 -0.823259 0.000000
0.954624 0.297813 -0.838776 0.000000
0.958479 0.285164 -0.853656 0.000000
0.962228 0.272247 -0.867882 0.000000
0.965858 0.259070 -0.881443 0.000000
0.969360 0.245645 -0.894325 0.000000
0.972720 0.231983 -0.906515 0.000000
0.975928 0.218094 -0.918003 0.000000
0.978973 0.203990 -0.928775 0.000000
0.981845 0.189684 -0.938823 0.000000
0.984535 0.175189 -0.948136 0.000000
0.987033 0.160517 -0.956704 0.000000
0.989331 0.145684 -0.964519 0.000000
0.991422 0.130702 -0.971573 0.000000
0.993297 0.115588 -0.977859 0.000000
0.994952 0.100354 -0.983371 0.000000
0.996379 0.085018 -0.988102 0.000000
0.997575 0.069593 -0.992048 0.000000
0.998536 0.054096 -0.995205 0.000000
0.999257 0.038544 -0.997570 0.000000
0.999737 0.022951 -0.999139 0.000000
0.999973 0.007334 -0.999912 0.000000
0.999966 -0.008290 -0.999888 0.000000
0.999714 -0.023906 -0.999066 0.000000
0.999220 -0.039497 -0.997448 0.000000
0.998484 -0.055046 -0.995035 0.000000
0.997509 -0.070539 -0.991829 0.000000
0.996299 -0.085958 -0.987835 0.000000
0.994857 -0.101289 -0.983056 0.000000
0.993189 -0.116516 -0.977497 0.000000
0.991300 -0.131623 -0.971164 0.000000
0.989196 -0.146596 -0.964063 0.000000
0.986886 -0.161420 -0.956201 0.000000
0.984376 -0.176081 -0.947587 0.000000
0.981675 -0.190565 -0.938229 0.000000
0.978792 -0.204859 -0.928137 0.000000
0.975736 -0.218950 -0.917320 0.000000
0.972519 -0.232825 -0.905790 0.000000
0.969149 -0.246474 -0.893557 0.000000
0.965640 -0.259884 -0.880633 0.000000
0.962001 -0.273044 -0.867031 0.000000
0.958246 -0.285946 -0.852764 0.000000
0.954385 -0.298577 -0.837845 0.000000
0.950433 -0.310931 -0.822289 0.000000
0.946400 -0.322997 -0.806109 0.000000
0.942300 -0.334769 -0.789321 0.000000
0.938147 -0.346238 -0.771940 0.000000
0.933952 -0.357398 -0.753981 0.000000
0.929730 -0.368242 -0.735461 0.000000
0.925493 -0.378764 -0.716395 0.000000
0.921255 -0.388959 -0.696801 0.000000
0.917028 -0.398823 -0.676695 0.000000
0.912825 -0.408350 -0.656094 0.000000
0.908660 -0.417537 -0.635015 0.000000
0.904544 -0.426381 -0.613476 0.000000
0.900490 -0.434877 -0.591494 0.000000
0.896509 -0.443025 -0.569088 0.000000
0.892615 -0.450820 -0.546275 0.000000
0.888817 -0.458262 -0.523073 0.000000
0.885128 -0.465348 -0.499500 0.000000
0.881557 -0.472078 -0.475575 0.000000
0.878115 -0.478449 -0.451315 0.000000
0.874812 -0.484462 -0.426739 0.000000
0.871658 -0.490115 -0.401866 0.000000
0.868660 -0.495409 -0.376713 0.000000
0.865828 -0.500341 -0.351299 0.000000
0.863170 -0.504914 -0.325642 0.000000
0.860692 -0.509125 -0.299762 0.000000
0.858403 -0.512976 -0.273675 0.000000
0.856307 -0.516467 -0.247401 0.000000
0.854412 -0.519597 -0.220959 0.000000
0.852721 -0.522366 -0.194365 0.000000
0.851240 -0.524776 -0.167640 0.000000
0.849973 -0.526826 -0.140801 0.000000
0.848923 -0.528516 -0.113866 0.000000
0.848093 -0.529847 -0.086854 0.000000
0.847486 -0.530818 -0.059783 0.000000
0.847102 -0.531430 -0.032672 0.000000
0.846943 -0.531683 -0.005539 0.000000
0.847010 -0.531577 0.021597 0.000000
0.847302 -0.531111 0.048720 0.000000
0.847818 -0.530287 0.075809 0.000000
0.848558 -0.529103 0.102847 0.000000
0.849518 -0.527559 0.129815 0.000000
0.850697 -0.525656 0.156696 0.000000
0.852091 -0.523394 0.183470 0.000000
0.853696 -0.520771 0.210120 0.000000
0.855509 -0.517788 0.236626 0.000000
0.857524 -0.514445 0.262971 0.000000
0.859735 -0.510741 0.289136 0.000000
0.862136 -0.506677 0.315103 0.000000
0.864722 -0.502252 0.340853 0.000000
0.867484 -0.497466 0.366368 0.000000
0.870414 -0.492320 0.391630 0.000000
0.873506 -0.486814 0.416620 0.000000
0.876749 -0.480947 0.441319 0.000000
0.880136 -0.474722 0.465710 0.000000
0.883655 -0.468139 0.489775 0.000000
0.887297 -0.461198 0.513494 0.000000
0.891052 -0.453901 0.536849 0.000000
0.894908 -0.446250 0.559823 0.000000
0.898855 -0.438246 0.582398 0.000000
0.902881 -0.429891 0.604555 0.000000
0.906973 -0.421189 0.626277 0.000000
0.911120 -0.412142 0.647545 0.000000
0.915309 -0.402753 0.668344 0.000000
0.919527 -0.393026 0.688654 0.000000
0.923762 -0.382966 0.708459 0.000000
0.928001 -0.372577 0.727743 0.000000
0.932231 -0.361863 0.746488 0.000000
0.936439 -0.350832 0.764678 0.000000
0.940610 -0.339488 0.782296 0.000000
0.944734 -0.327839 0.799329 0.000000
0.948795 -0.315892 0.815758 0.000000
0.952782 -0.303655 0.831571 0.000000
0.956682 -0.291135 0.846752 0.000000
0.960482 -0.278343 0.861286 0.000000
0.964169 -0.265287 0.875161 0.000000
0.967733 -0.251978 0.888363 0.000000
0.971161 -0.238425 0.900880 0.000000
0.974442 -0.224641 0.912699 0.000000
0.977565 -0.210636 0.923808 0.000000
0.980519 -0.196424 0.934198 0.000000
0.983296 -0.182016 0.943856 0.000000
0.985885 -0.167425 0.952775 0.000000
0.988278 -0.152666 0.960945 0.000000
0.990467 -0.137752 0.968357 0.000000
0.992444 -0.122698 0.975005 0.000000
0.994203 -0.107519 0.980881 0.000000
0.995738 -0.092229 0.985979 0.000000
0.997043 -0.076843 0.990294 0.000000
0.998115 -0.061379 0.993822 0.000000
0.998948 -0.045850 0.996559 0.000000
0.999542 -0.030274 0.998502 0.000000
0.999892 -0.014667 0.999649 0.000000
1.000000 0.000956 0.999999 0.000000
0.999863 0.016578 0.999551 0.000000
0.999482 0.032182 0.998306 0.000000
0.998859 0.047753 0.996266 0.000000
0.997996 0.063275 0.993433 0.000000
0.996896 0.078730 0.989808 0.000000
0.995562 0.094105 0.985397 0.000000
0.994000 0.109382 0.980203 0.000000
0.992214 0.124547 0.974233 0.000000
0.990210 0.139585 0.967491 0.000000
0.987996 0.154481 0.959986 0.000000
0.985578 0.169220 0.951724 0.000000
0.982966 0.183789 0.942714 0.000000
0.980167 0.198173 0.932965 0.000000
0.977191 0.212361 0.922487 0.000000
0.974048 0.226339 0.911290 0.000000
0.970749 0.240096 0.899386 0.000000
0.967304 0.253619 0.886785 0.000000
0.963725 0.266898 0.873499 0.000000
0.960023 0.279923 0.859543 0.000000
0.956210 0.292682 0.844929 0.000000
0.952299 0.305167 0.829670 0.000000
0.948302 0.317370 0.813781 0.000000
0.944232 0.329281 0.797277 0.000000
0.940102 0.340893 0.780172 0.000000
0.935925 0.352198 0.762482 0.000000
0.931715 0.363191 0.744224 0.000000
0.927483 0.373865 0.725412 0.000000
0.923244 0.384215 0.706064 0.000000
0.919010 0.394235 0.686196 0.000000
0.914794 0.403920 0.665825 0.000000
0.910610 0.413267 0.644968 0.000000
0.906469 0.422273 0.623643 0.000000
0.902384 0.430932 0.601867 0.000000
0.898368 0.439244 0.579658 0.000000
0.894432 0.447205 0.557033 0.000000
0.890587 0.454813 0.534011 0.000000
0.886845 0.462066 0.510610 0.000000
0.883218 0.468964 0.486848 0.000000
0.879714 0.475503 0.462743 0.000000
0.876345 0.481685 0.438313 0.000000
0.873119 0.487507 0.413577 0.000000
0.870047 0.492969 0.388553 0.000000
0.867136 0.498071 0.363260 0.000000
0.864396 0.502812 0.337715 0.000000
0.861832 0.507193 0.311937 0.000000
0.859454 0.511214 0.285945 0.000000
0.857266 0.514873 0.259757 0.000000
0.855276 0.518172 0.233391 0.000000
0.853489 0.521111 0.206866 0.000000
0.851909 0.523690 0.180200 0.000000
0.850541 0.525909 0.153412 0.000000
0.849389 0.527768 0.126520 0.000000
0.848455 0.529267 0.099542 0.000000
0.847743 0.530407 0.072497 0.000000
0.847254 0.531188 0.045402 0.000000
0.846990 0.531609 0.018277 0.000000
0.846951 0.531671 -0.008860 0.000000
0.847137 0.531374 -0.035991 0.000000
0.847548 0.530718 -0.063098 0.000000
0.848183 0.529703 -0.090163 0.000000
0.849040 0.528329 -0.117166 0.000000
0.850117 0.526594 -0.144090 0.000000
0.851410 0.524501 -0.170916 0.000000
0.852917 0.522047 -0.197627 0.000000
0.854633 0.519233 -0.224203 0.000000
0.856553 0.516059 -0.250626 0.000000
0.858673 0.512524 -0.276877 0.000000
0.860986 0.508629 -0.302940 0.000000
0.863486 0.504374 -0.328794 0.000000
0.866166 0.499757 -0.354422 0.000000
0.869018 0.494780 -0.379805 0.000000
0.872035 0.489443 -0.404924 0.000000
0.875209 0.483746 -0.429762 0.000000
0.878529 0.477689 -0.454301 0.000000
0.881987 0.471274 -0.478520 0.000000
0.885573 0.464500 -0.502404 0.000000
0.889276 0.457371 -0.525932 0.000000
0.893086 0.449885 -0.549088 0.000000
0.896992 0.442047 -0.571852 0.000000
0.900982 0.433857 -0.594207 0.000000
0.905044 0.425317 -0.616136 0.000000
0.909167 0.416432 -0.637619 0.000000
0.913338 0.407203 -0.658640 0.000000
0.917544 0.397634 -0.679182 0.000000
0.921773 0.387730 -0.699226 0.000000
0.926012 0.377494 -0.718757 0.000000
0.930248 0.366932 -0.737757 0.000000
0.934467 0.356049 -0.756209 0.000000
0.938657 0.344851 -0.774098 0.000000
0.942805 0.333345 -0.791408 0.000000
0.946897 0.321537 -0.808122 0.000000
0.950921 0.309435 -0.824226 0.000000
0.954863 0.297047 -0.839705 0.000000
0.958711 0.284381 -0.854545 0.000000
0.962453 0.271448 -0.868731 0.000000
0.966076 0.258256 -0.882251 0.000000
0.969569 0.244816 -0.895091 0.000000
0.972921 0.231139 -0.907238 0.000000
0.976119 0.217237 -0.918682 0.000000
0.979154 0.203120 -0.929411 0.000000
0.982015 0.188802 -0.939414 0.000000
0.984693 0.174296 -0.948681 0.000000
0.987179 0.159614 -0.957204 0.000000
0.989465 0.144771 -0.964973 0.000000
0.991543 0.129781 -0.971980 0.000000
0.993405 0.114659 -0.978219 0.000000
0.995046 0.099419 -0.983683 0.000000
0.996459 0.084076 -0.988366 0.000000
0.997641 0.068647 -0.992264 0.000000
0.998587 0.053146 -0.995373 0.000000
0.999293 0.037591 -0.997689 0.000000
0.999758 0.021996 -0.999209 0.000000
0.999980 0.006378 -0.999934 0.000000
0.999957 -0.009246 -0.999860 0.000000
0.999691 -0.024860 -0.998990 0.000000
0.999182 -0.040449 -0.997323 0.000000
0.998431 -0.055996 -0.994861 0.000000
0.997442 -0.071485 -0.991608 0.000000
0.996217 -0.086899 -0.987565 0.000000
0.994761 -0.102224 -0.982738 0.000000
0.993080 -0.117444 -0.977132 0.000000
0.991177 -0.132543 -0.970751 0.000000
0.989061 -0.147507 -0.963604 0.000000
0.986738 -0.162321 -0.955696 0.000000
0.984216 -0.176972 -0.947036 0.000000
0.981503 -0.191445 -0.937633 0.000000
0.978610 -0.205727 -0.927496 0.000000
0.975544 -0.219805 -0.916635 0.000000
0.972317 -0.233667 -0.905061 0.000000
0.968939 -0.247301 -0.892786 0.000000
0.965421 -0.260696 -0.879820 0.000000
0.961775 -0.273841 -0.866177 0.000000
0.958013 -0.286726 -0.851870 0.000000
0.954146 -0.299341 -0.836912 0.000000
0.950188 -0.311677 -0.821317 0.000000
0.946151 -0.323726 -0.805100 0.000000
0.942048 -0.335479 -0.788275 0.000000
0.937891 -0.346930 -0.770858 0.000000
0.933695 -0.358070 -0.752864 0.000000
0.929471 -0.368895 -0.734310 0.000000
0.925234 -0.379397 -0.715212 0.000000
0.920996 -0.389572 -0.695586 0.000000
0.916770 -0.399416 -0.675449 0.000000
0.912569 -0.408922 -0.654818 0.000000
0.908406 -0.418088 -0.633710 0.000000
0.904294 -0.426911 -0.612144 0.000000
0.900244 -0.435386 -0.590136 0.000000
0.896269 -0.443512 -0.567704 0.000000
0.892380 -0.451286 -0.544866 0.000000
0.888588 -0.458706 -0.521641 0.000000
0.884906 -0.465770 -0.498046 0.000000
0.881342 -0.472478 -0.474100 0.000000
0.877909 -0.478828 -0.449820 0.000000
0.874615 -0.484818 -0.425226 0.000000
0.871470 -0.490450 -0.400335 0.000000
0.868482 -0.495721 -0.375165 0.000000
0.865660 -0.500632 -0.349736 0.000000
0.863013 -0.505182 -0.324065 0.000000
0.860547 -0.509371 -0.298171 0.000000
0.858269 -0.513200 -0.272073 0.000000
0.856185 -0.516669 -0.245788 0.000000
0.854302 -0.519777 -0.219336 0.000000
0.852624 -0.522524 -0.192734 0.000000
0.851157 -0.524912 -0.166001 0.000000
0.849903 -0.526940 -0.139155 0.000000
0.848866 -0.528608 -0.112215 0.000000
0.848050 -0.529916 -0.085199 0.000000
0.847456 -0.530866 -0.058126 0.000000
0.847086 -0.531456 -0.031013 0.000000
0.846941 -0.531687 -0.003879 0.000000
0.847022 -0.531559 0.023257 0.000000
0.847327 -0.531071 0.050378 0.000000
0.847857 -0.530225 0.077465 0.000000
0.848610 -0.529019 0.104499 0.000000
0.849584 -0.527453 0.131463 0.000000
0.850776 -0.525528 0.158337 0.000000
0.852183 -0.523244 0.185104 0.000000
0.853801 -0.520599 0.211745 0.000000
0.855626 -0.517594 0.238243 0.000000
0.857653 -0.514229 0.264577 0.000000
0.859876 -0.510503 0.290731 0.000000
0.862289 -0.506416 0.316685 0.000000
0.864886 -0.501969 0.342421 0.000000
0.867658 -0.497161 0.367921 0.000000
0.870599 -0.491993 0.393167 0.000000
0.873700 -0.486465 0.418139 0.000000
0.876953 -0.480577 0.442821 0.000000
0.880347 -0.474330 0.467192 0.000000
0.883874 -0.467724 0.491236 0.000000
0.887524 -0.460762 0.514933 0.000000
0.891285 -0.453443 0.538266 0.000000
0.895147 -0.445770 0.561216 0.000000
0.899099 -0.437745 0.583765 0.000000
0.903129 -0.429369 0.605896 0.000000
0.907225 -0.420646 0.627591 0.000000
0.911375 -0.411577 0.648831 0.000000
0.915566 -0.402168 0.669600 0.000000
0.919786 -0.392420 0.689880 0.000000
0.924022 -0.382340 0.709654 0.000000
0.928261 -0.371930 0.728905 0.000000
0.932489 -0.361197 0.747617 0.000000
0.936695 -0.350147 0.765772 0.000000
0.940864 -0.338784 0.783355 0.000000
0.944984 -0.327117 0.800351 0.000000
0.949041 -0.315152 0.816744 0.000000
0.953023 -0.302897 0.832518 0.000000
0.956917 -0.290360 0.847660 0.000000
0.960711 -0.277552 0.862154 0.000000
0.964391 -0.264480 0.875988 0.000000
0.967947 -0.251155 0.889149 0.000000
0.971366 -0.237588 0.901623 0.000000
0.974637 -0.223790 0.913399 0.000000
0.977750 -0.209773 0.924465 0.000000
0.980694 -0.195548 0.934810 0.000000
0.983460 -0.181128 0.944423 0.000000
0.986037 -0.166527 0.953297 0.000000
0.988418 -0.151758 0.961420 0.000000
0.990594 -0.136835 0.968786 0.000000
0.992558 -0.121773 0.975386 0.000000
0.994303 -0.106586 0.981215 0.000000
0.995824 -0.091290 0.986265 0.000000
0.997115 -0.075899 0.990532 0.000000
0.998172 -0.060430 0.994012 0.000000
0.998992 -0.044899 0.996700 0.000000
0.999570 -0.029320 0.998595 0.000000
0.999906 -0.013711 0.999693 0.000000
0.999998 0.001912 0.999994 0.000000
0.999846 0.017533 0.999498 0.000000
0.999451 0.033136 0.998205 0.000000
0.998813 0.048704 0.996116 0.000000
0.997936 0.064222 0.993233 0.000000
0.996821 0.079674 0.989561 0.000000
0.995473 0.095042 0.985102 0.000000
0.993897 0.110313 0.979860 0.000000
0.992097 0.125471 0.973842 0.000000
0.990081 0.140501 0.967054 0.000000
0.987854 0.155387 0.959502 0.000000
0.985424 0.170116 0.951194 0.000000
0.982800 0.184674 0.942139 0.000000
0.979990 0.199047 0.932345 0.000000
0.977004 0.213222 0.921823 0.000000
0.973851 0.227188 0.910582 0.000000
0.970542 0.240930 0.898635 0.000000
0.967089 0.254439 0.885991 0.000000
0.963502 0.267703 0.872665 0.000000
0.959792 0.280711 0.858668 0.000000
0.955973 0.293454 0.844013 0.000000
0.952057 0.305922 0.828716 0.000000
0.948055 0.318107 0.812789 0.000000
0.943981 0.330000 0.796247 0.000000
0.939848 0.341593 0.779106 0.000000
0.935669 0.352880 0.761381 0.000000
0.931456 0.363853 0.743088 0.000000
0.927224 0.374508 0.724243 0.000000
0.922984 0.384837 0.704863 0.000000
0.918751 0.394837 0.684964 0.000000
0.914537 0.404502 0.664562 0.000000
0.910355 0.413828 0.643677 0.000000
0.906217 0.422812 0.622323 0.000000
0.902136 0.431451 0.600520 0.000000
0.898125 0.439741 0.578285 0.000000
0.894194 0.447681 0.555636 0.000000
0.890355 0.455267 0.532591 0.000000
0.886620 0.462499 0.509167 0.000000
0.883000 0.469374 0.485383 0.000000
0.879504 0.475892 0.461258 0.000000
0.876143 0.482051 0.436809 0.000000
0.872927 0.487851 0.412054 0.000000
0.869864 0.493291 0.387013 0.000000
0.866964 0.498371 0.361704 0.000000
0.864234 0.503091 0.336144 0.000000
0.861681 0.507450 0.310353 0.000000
0.859314 0.511448 0.284348 0.000000
0.857139 0.515085 0.258149 0.000000
0.855161 0.518362 0.231773 0.000000
0.853386 0.521279 0.205239 0.000000
0.851819 0.523836 0.178565 0.000000
0.850464 0.526033 0.151770 0.000000
0.849325 0.527870 0.124872 0.000000
0.848405 0.529347 0.097889 0.000000
0.847707 0.530465 0.070840 0.000000
0.847232 0.531224 0.043744 0.000000
0.846981 0.531623 0.016617 0.000000
0.846956 0.531663 -0.010520 0.000000
0.847156 0.531345 -0.037650 0.000000
0.847581 0.530667 -0.064755 0.000000
0.848229 0.529629 -0.091817 0.000000
0.849100 0.528233 -0.118816 0.000000
0.850190 0.526477 -0.145734 0.000000
0.851496 0.524361 -0.172554 0.000000
0.853016 0.521885 -0.199257 0.000000
0.854744 0.519049 -0.225824 0.000000
0.856677 0.515853 -0.252237 0.000000
0.858809 0.512297 -0.278478 0.000000
0.861133 0.508379 -0.304528 0.000000
0.863644 0.504102 -0.330368 0.000000
0.866335 0.499463 -0.355982 0.000000
0.869198 0.494464 -0.381349 0.000000
0.872225 0.489105 -0.406452 0.000000
0.875408 0.483386 -0.431272 0.000000
0.878737 0.477307 -0.455792 0.000000
0.882203 0.470870 -0.479991 0.000000
0.885796 0.464074 -0.503854 0.000000
0.889506 0.456923 -0.527360 0.000000
0.893323 0.449416 -0.550492 0.000000
0.897234 0.441556 -0.573232 0.000000
0.901229 0.433344 -0.595561 0.000000
0.905295 0.424784 -0.617463 0.000000
0.909421 0.415877 -0.638919 0.000000
0.913594 0.406627 -0.659911 0.000000
0.917802 0.397038 -0.680423 0.000000
0.922032 0.387113 -0.700436 0.000000
0.926271 0.376857 -0.719935 0.000000
0.930506 0.366275 -0.738902 0.000000
0.934725 0.355373 -0.757320 0.000000
0.938912 0.344156 -0.775174 0.000000
0.943057 0.332631 -0.792447 0.000000
0.947145 0.320805 -0.809125 0.000000
0.951164 0.308685 -0.825191 0.000000
0.955101 0.296280 -0.840632 0.000000
0.958943 0.283598 -0.855432 0.000000
0.962678 0.270648 -0.869578 0.000000
0.966294 0.257441 -0.883056 0.000000
0.969779 0.243986 -0.895854 0.000000
0.973121 0.230295 -0.907959 0.000000
0.976309 0.216379 -0.919359 0.000000
0.979334 0.202250 -0.930044 0.000000
0.982184 0.187920 -0.940002 0.000000
0.984851 0.173403 -0.949224 0.000000
0.987325 0.158711 -0.957701 0.000000
0.989598 0.143858 -0.965423 0.000000
0.991663 0.128860 -0.972384 0.000000
0.993512 0.113730 -0.978575 0.000000
0.995139 0.098483 -0.983992 0.000000
0.996538 0.083135 -0.988627 0.000000
0.997706 0.067700 -0.992477 0.000000
0.998637 0.052196 -0.995537 0.000000
0.999329 0.036638 -0.997804 0.000000
0.999779 0.021041 -0.999277 0.000000
0.999985 0.005423 -0.999952 0.000000
0.999948 -0.010202 -0.999830 0.000000
0.999667 -0.025815 -0.998911 0.000000
0.999143 -0.041402 -0.997195 0.000000
0.998377 -0.056945 -0.994685 0.000000
0.997374 -0.072430 -0.991383 0.000000
0.996135 -0.087839 -0.987292 0.000000
0.994665 -0.103158 -0.982418 0.000000
0.992969 -0.118371 -0.976764 0.000000
0.991054 -0.133463 -0.970336 0.000000
0.988925 -0.148418 -0.963142 0.000000
0.986589 -0.163223 -0.955188 0.000000
0.984055 -0.177863 -0.946482 0.000000
0.981331 -0.192324 -0.937034 0.000000
0.978427 -0.206594 -0.926852 0.000000
0.975351 -0.220659 -0.915947 0.000000
0.972114 -0.234508 -0.904330 0.000000
0.968727 -0.248128 -0.892012 0.000000
0.965201 -0.261508 -0.879005 0.000000
0.961548 -0.274637 -0.865321 0.000000
0.957779 -0.287506 -0.850973 0.000000
0.953906 -0.300104 -0.835976 0.000000
0.949943 -0.312423 -0.820342 0.000000
0.945902 -0.324454 -0.804087 0.000000
0.941795 -0.336189 -0.787226 0.000000
0.937635 -0.347620 -0.769773 0.000000
0.933437 -0.358742 -0.751745 0.000000
0.929212 -0.369547 -0.733157 0.000000
0.924974 -0.380029 -0.714026 0.000000
0.920737 -0.390184 -0.694368 0.000000
0.916512 -0.400007 -0.674200 0.000000
0.912313 -0.409493 -0.653540 0.000000
0.908153 -0.418638 -0.632404 0.000000
0.904044 -0.427439 -0.610810 0.000000
0.899998 -0.435893 -0.588775 0.000000
0.896028 -0.443998 -0.566318 0.000000
0.892145 -0.451750 -0.543457 0.000000
0.888360 -0.459148 -0.520208 0.000000
0.884684 -0.466191 -0.496591 0.000000
0.881129 -0.472877 -0.472624 0.000000
0.877703 -0.479204 -0.448324 0.000000
0.874418 -0.485173 -0.423711 0.000000
0.871282 -0.490782 -0.398802 0.000000
0.868304 -0.496032 -0.373617 0.000000
0.865493 -0.500920 -0.348172 0.000000
0.862857 -0.505448 -0.322487 0.000000
0.860402 -0.509616 -0.296580 0.000000
0.858136 -0.513423 -0.270470 0.000000
0.856064 -0.516869 -0.244175 0.000000
0.854194 -0.519955 -0.217712 0.000000
0.852529 -0.522681 -0.191102 0.000000
0.851074 -0.525046 -0.164362 0.000000
0.849833 -0.527052 -0.137510 0.000000
0.848810 -0.528698 -0.110564 0.000000
0.848007 -0.529985 -0.083544 0.000000
0.847427 -0.530912 -0.056468 0.000000
0.847071 -0.531480 -0.029353 0.000000
0.846940 -0.531689 -0.002219 0.000000
0.847034 -0.531539 0.024917 0.000000
0.847353 -0.531030 0.052036 0.000000
0.847897 -0.530161 0.079120 0.000000
0.848663 -0.528933 0.106151 0.000000
0.849651 -0.527346 0.133110 0.000000
0.850856 -0.525399 0.159978 0.000000
0.852276 -0.523092 0.186738 0.000000
0.853907 -0.520425 0.213371 0.000000
0.855745 -0.517398 0.239858 0.000000
0.857784 -0.514011 0.266182 0.000000
0.860018 -0.510263 0.292324 0.000000
0.862443 -0.506155 0.318266 0.000000
0.865050 -0.501685 0.343988 0.000000
0.867833 -0.496856 0.369473 0.000000
0.870784 -0.491665 0.394703 0.000000
0.873895 -0.486115 0.419658 0.000000
