1.399846 0.024543 -0.078674 6.282496
1.399385 0.049080 -0.157309 6.280428
1.398617 0.073607 -0.235869 6.276983
1.397543 0.098117 -0.314315 6.272165
1.396162 0.122606 -0.392610 6.265980
1.394476 0.147069 -0.470716 6.258432
1.392485 0.171499 -0.548596 6.249530
1.390190 0.195891 -0.626215 6.239282
1.387593 0.220241 -0.703535 6.227699
1.384694 0.244543 -0.780521 6.214793
1.381496 0.268793 -0.857139 6.200575
1.377998 0.292984 -0.933353 6.185059
1.374204 0.317112 -1.009130 6.168262
1.370115 0.341172 -1.084437 6.150198
1.365733 0.365159 -1.159241 6.130886
1.361059 0.389068 -1.233513 6.110343
1.356097 0.412894 -1.307220 6.088589
1.350847 0.436633 -1.380333 6.065644
1.345314 0.460280 -1.452824 6.041530
1.339498 0.483831 -1.524665 6.016268
1.333403 0.507281 -1.595829 5.989880
1.327032 0.530626 -1.666291 5.962392
1.320386 0.553861 -1.736026 5.933826
1.313470 0.576982 -1.805011 5.904209
1.306286 0.599986 -1.873223 5.873564
1.298836 0.622868 -1.940641 5.841918
1.291125 0.645625 -2.007244 5.809299
1.283156 0.668252 -2.073015 5.775731
1.274931 0.690746 -2.137934 5.741243
1.266454 0.713104 -2.201985 5.705862
1.257729 0.735322 -2.265152 5.669616
1.248759 0.757397 -2.327421 5.632533
1.239547 0.779325 -2.388779 5.594641
1.230098 0.801104 -2.449212 5.555968
1.220414 0.822730 -2.508710 5.516543
1.210500 0.844201 -2.567263 5.476393
1.200359 0.865514 -2.624861 5.435547
1.189994 0.886666 -2.681496 5.394033
1.179411 0.907654 -2.737161 5.351879
1.168612 0.928476 -2.791851 5.309113
1.157601 0.949131 -2.845560 5.265763
1.146382 0.969614 -2.898283 5.221856
1.134959 0.989926 -2.950019 5.177420
1.123336 1.010062 -3.000763 5.132481
1.111517 1.030023 -3.050516 5.087065
1.099505 1.049805 -3.099275 5.041200
1.087305 1.069406 -3.147042 4.994911
1.074920 1.088827 -3.193818 4.948223
1.062355 1.108064 -3.239603 4.901161
1.049612 1.127117 -3.284401 4.853751
1.036697 1.145983 -3.328215 4.806015
1.023612 1.164663 -3.371048 4.757979
1.010362 1.183155 -3.412905 4.709665
0.996950 1.201457 -3.453790 4.661096
0.983380 1.219569 -3.493710 4.612293
0.969656 1.237490 -3.532671 4.563279
0.955782 1.255220 -3.570678 4.514076
0.941762 1.272756 -3.607740 4.464702
0.927598 1.290100 -3.643863 4.415179
0.913295 1.307250 -3.679056 4.365526
0.898857 1.324205 -3.713326 4.315763
0.884286 1.340967 -3.746684 4.265906
0.869587 1.357533 -3.779137 4.215976
0.854763 1.373904 -3.810695 4.165988
0.839817 1.390079 -3.841368 4.115960
0.824753 1.406060 -3.871165 4.065907
0.809575 1.421844 -3.900097 4.015847
0.794285 1.437434 -3.928175 3.965793
0.778887 1.452827 -3.955408 3.915762
0.763384 1.468025 -3.981807 3.865766
0.747780 1.483029 -4.007384 3.815819
0.732078 1.497837 -4.032150 3.765936
0.716280 1.512450 -4.056115 3.716128
0.700390 1.526869 -4.079291 3.666408
0.684412 1.541094 -4.101689 3.616787
0.668347 1.555125 -4.123321 3.567277
0.652199 1.568963 -4.144198 3.517889
0.635971 1.582609 -4.164332 3.468632
0.619666 1.596062 -4.183734 3.419517
0.603287 1.609324 -4.202416 3.370554
0.586836 1.622395 -4.220389 3.321751
0.570316 1.635276 -4.237665 3.273116
0.553730 1.647966 -4.254255 3.224659
0.537080 1.660468 -4.270171 3.176387
0.520370 1.672782 -4.285424 3.128308
0.503601 1.684909 -4.300026 3.080428
0.486777 1.696848 -4.313989 3.032755
0.469899 1.708602 -4.327322 2.985294
0.452971 1.720171 -4.340038 2.938053
0.435993 1.731556 -4.352147 2.891035
0.418970 1.742758 -4.363661 2.844248
0.401903 1.753777 -4.374591 2.797696
0.384794 1.764615 -4.384946 2.751383
0.367646 1.775273 -4.394739 2.705315
0.350461 1.785751 -4.403980 2.659496
0.333241 1.796050 -4.412678 2.613929
0.315988 1.806172 -4.420845 2.568618
0.298704 1.816118 -4.428490 2.523567
0.281391 1.825888 -4.435625 2.478778
0.264051 1.835484 -4.442258 2.434255
0.246686 1.844906 -4.448399 2.390001
0.229299 1.854156 -4.454059 2.346018
0.211890 1.863235 -4.459247 2.302308
0.194461 1.872143 -4.463973 2.258873
0.177016 1.880882 -4.468245 2.215716
0.159554 1.889454 -4.472073 2.172837
0.142078 1.897858 -4.475466 2.130240
0.124590 1.906097 -4.478433 2.087923
0.107091 1.914170 -4.480982 2.045890
0.089583 1.922080 -4.483123 2.004141
0.072067 1.929828 -4.484863 1.962677
0.054545 1.937414 -4.486212 1.921499
0.037019 1.944840 -4.487177 1.880607
0.019490 1.952107 -4.487766 1.840001
0.001959 1.959216 -4.487987 1.799683
-0.015572 1.966167 -4.487849 1.759651
-0.033102 1.972963 -4.487358 1.719907
-0.050629 1.979604 -4.486522 1.680451
-0.068153 1.986092 -4.485350 1.641281
-0.085671 1.992427 -4.483846 1.602399
-0.103182 1.998611 -4.482020 1.563803
-0.120686 2.004645 -4.479878 1.525493
-0.138181 2.010529 -4.477427 1.487468
-0.155666 2.016266 -4.474673 1.449729
-0.173139 2.021856 -4.471624 1.412274
-0.190600 2.027300 -4.468285 1.375103
-0.208047 2.032599 -4.464663 1.338214
-0.225480 2.037755 -4.460765 1.301608
-0.242896 2.042768 -4.456595 1.265282
-0.260296 2.047640 -4.452161 1.229236
-0.277679 2.052372 -4.447468 1.193469
-0.295042 2.056965 -4.442522 1.157980
-0.312385 2.061419 -4.437329 1.122767
-0.329708 2.065737 -4.431894 1.087830
-0.347009 2.069918 -4.426222 1.053166
-0.364288 2.073965 -4.420319 1.018776
-0.381543 2.077878 -4.414190 0.984656
-0.398773 2.081658 -4.407840 0.950807
-0.415979 2.085306 -4.401275 0.917226
-0.433158 2.088824 -4.394498 0.883912
-0.450310 2.092212 -4.387515 0.850863
-0.467435 2.095472 -4.380330 0.818079
-0.484532 2.098604 -4.372949 0.785557
-0.501599 2.101609 -4.365375 0.753296
-0.518636 2.104489 -4.357612 0.721294
-0.535642 2.107245 -4.349666 0.689551
-0.552617 2.109877 -4.341541 0.658063
-0.569560 2.112386 -4.333240 0.626829
-0.586471 2.114774 -4.324768 0.595848
-0.603347 2.117042 -4.316128 0.565119
-0.620190 2.119189 -4.307325 0.534638
-0.636998 2.121219 -4.298361 0.504406
-0.653771 2.123130 -4.289242 0.474419
-0.670508 2.124925 -4.279970 0.444676
-0.687208 2.126605 -4.270550 0.415176
-0.703871 2.128169 -4.260984 0.385917
-0.720497 2.129620 -4.251276 0.356897
-0.737084 2.130958 -4.241429 0.328114
-0.753633 2.132184 -4.231447 0.299566
-0.770142 2.133299 -4.221332 0.271253
-0.786612 2.134303 -4.211089 0.243171
-0.803041 2.135199 -4.200719 0.215320
-0.819430 2.135986 -4.190226 0.187697
-0.835777 2.136665 -4.179613 0.160300
-0.852083 2.137238 -4.168883 0.133129
-0.868346 2.137706 -4.158038 0.106181
-0.884567 2.138068 -4.147081 0.079454
-0.900745 2.138327 -4.136015 0.052948
-0.916880 2.138482 -4.124843 0.026659
-0.932970 2.138535 -4.113566 0.000586
-0.949017 2.138487 -4.102188 -0.025271
-0.965019 2.138338 -4.090711 -0.050917
-0.980975 2.138090 -4.079138 -0.076351
-0.996887 2.137742 -4.067470 -0.101575
-1.012752 2.137296 -4.055710 -0.126592
-1.028572 2.136753 -4.043860 -0.151403
-1.044345 2.136114 -4.031923 -0.176009
-1.060071 2.135378 -4.019900 -0.200413
-1.075750 2.134548 -4.007794 -0.224616
-1.091382 2.133624 -3.995606 -0.248619
-1.106966 2.132606 -3.983340 -0.272425
-1.122502 2.131496 -3.970995 -0.296035
-1.137989 2.130294 -3.958576 -0.319450
-1.153428 2.129000 -3.946083 -0.342672
-1.168818 2.127617 -3.933518 -0.365704
-1.184158 2.126144 -3.920883 -0.388545
-1.199450 2.124581 -3.908180 -0.411199
-1.214691 2.122931 -3.895411 -0.433666
-1.229882 2.121194 -3.882576 -0.455948
-1.245024 2.119369 -3.869679 -0.478047
-1.260114 2.117459 -3.856720 -0.499964
-1.275154 2.115464 -3.843701 -0.521701
-1.290143 2.113384 -3.830624 -0.543259
-1.305081 2.111220 -3.817489 -0.564640
-1.319967 2.108973 -3.804299 -0.585845
-1.334802 2.106643 -3.791055 -0.606876
-1.349585 2.104232 -3.777759 -0.627734
-1.364315 2.101739 -3.764411 -0.648421
-1.378994 2.099166 -3.751013 -0.668937
-1.393620 2.096513 -3.737566 -0.689286
-1.408194 2.093781 -3.724072 -0.709467
-1.422714 2.090971 -3.710532 -0.729482
-1.437182 2.088082 -3.696947 -0.749334
-1.451597 2.085117 -3.683319 -0.769022
-1.465958 2.082075 -3.669647 -0.788549
-1.480266 2.078956 -3.655935 -0.807916
-1.494520 2.075763 -3.642182 -0.827124
-1.508720 2.072495 -3.628390 -0.846174
-1.522867 2.069152 -3.614560 -0.865069
-1.536959 2.065737 -3.600692 -0.883808
-1.550997 2.062248 -3.586789 -0.902394
-1.564981 2.058687 -3.572851 -0.920828
-1.578910 2.055054 -3.558878 -0.939111
-1.592785 2.051350 -3.544873 -0.957244
-1.606604 2.047576 -3.530835 -0.975229
-1.620369 2.043731 -3.516766 -0.993066
-1.634079 2.039818 -3.502667 -1.010758
-1.647734 2.035835 -3.488538 -1.028305
-1.661333 2.031784 -3.474380 -1.045708
-1.674877 2.027666 -3.460195 -1.062968
-1.688366 2.023480 -3.445982 -1.080088
-1.701799 2.019228 -3.431744 -1.097067
-1.715176 2.014909 -3.417479 -1.113908
-1.728498 2.010525 -3.403191 -1.130611
-1.741764 2.006077 -3.388878 -1.147177
-1.754974 2.001563 -3.374542 -1.163607
-1.768127 1.996986 -3.360183 -1.179904
-1.781225 1.992345 -3.345803 -1.196067
-1.794266 1.987642 -3.331402 -1.212097
-1.807251 1.982876 -3.316980 -1.227997
-1.820180 1.978048 -3.302538 -1.243767
-1.833053 1.973159 -3.288077 -1.259407
-1.845868 1.968209 -3.273598 -1.274920
-1.858627 1.963199 -3.259100 -1.290305
-1.871330 1.958129 -3.244585 -1.305565
-1.883976 1.953000 -3.230054 -1.320700
-1.896565 1.947811 -3.215506 -1.335710
-1.909097 1.942565 -3.200942 -1.350598
-1.921572 1.937260 -3.186363 -1.365364
-1.933990 1.931898 -3.171770 -1.380009
-1.946352 1.926479 -3.157162 -1.394534
-1.958656 1.921003 -3.142541 -1.408940
-1.970903 1.915472 -3.127906 -1.423228
-1.983092 1.909884 -3.113259 -1.437398
-1.995225 1.904242 -3.098600 -1.451453
-2.007300 1.898545 -3.083929 -1.465392
-2.019318 1.892794 -3.069247 -1.479216
-2.031279 1.886989 -3.054554 -1.492927
-2.043182 1.881130 -3.039850 -1.506525
-2.055028 1.875219 -3.025137 -1.520011
-2.066816 1.869256 -3.010414 -1.533386
-2.078546 1.863240 -2.995681 -1.546651
-2.090219 1.857172 -2.980940 -1.559807
-2.101835 1.851054 -2.966191 -1.572855
-2.113393 1.844885 -2.951433 -1.585794
-2.124893 1.838665 -2.936667 -1.598627
-2.136336 1.832396 -2.921894 -1.611354
-2.147720 1.826076 -2.907115 -1.623976
-2.159047 1.819708 -2.892328 -1.636493
-2.170317 1.813292 -2.877535 -1.648907
-2.181528 1.806826 -2.862736 -1.661217
-2.192682 1.800313 -2.847931 -1.673426
-2.203778 1.793753 -2.833121 -1.685533
-2.214815 1.787145 -2.818305 -1.697540
-2.225796 1.780491 -2.803485 -1.709447
-2.236718 1.773790 -2.788660 -1.721255
-2.247582 1.767044 -2.773831 -1.732964
-2.258388 1.760252 -2.758998 -1.744575
-2.269137 1.753414 -2.744161 -1.756090
-2.279827 1.746532 -2.729320 -1.767508
-2.290459 1.739606 -2.714476 -1.778831
-2.301034 1.732635 -2.699630 -1.790059
-2.311550 1.725621 -2.684780 -1.801192
-2.322009 1.718564 -2.669928 -1.812232
-2.332409 1.711463 -2.655073 -1.823179
-2.342751 1.704320 -2.640216 -1.834034
-2.353036 1.697135 -2.625357 -1.844797
-2.363262 1.689908 -2.610497 -1.855469
-2.373430 1.682639 -2.595635 -1.866051
-2.383540 1.675329 -2.580771 -1.876543
-2.393593 1.667979 -2.565907 -1.886946
-2.403587 1.660588 -2.551041 -1.897261
-2.413523 1.653157 -2.536175 -1.907488
-2.423400 1.645686 -2.521308 -1.917627
-2.433220 1.638175 -2.506441 -1.927680
-2.442982 1.630626 -2.491573 -1.937647
-2.452686 1.623038 -2.476706 -1.947528
-2.462331 1.615411 -2.461838 -1.957324
-2.471919 1.607746 -2.446971 -1.967036
-2.481448 1.600043 -2.432103 -1.976663
-2.490920 1.592303 -2.417237 -1.986208
-2.500333 1.584526 -2.402371 -1.995670
-2.509688 1.576712 -2.387506 -2.005050
-2.518985 1.568862 -2.372641 -2.014348
-2.528224 1.560975 -2.357778 -2.023565
-2.537405 1.553053 -2.342916 -2.032701
-2.546528 1.545095 -2.328055 -2.041758
-2.555593 1.537102 -2.313195 -2.050734
-2.564600 1.529074 -2.298337 -2.059632
-2.573549 1.521011 -2.283481 -2.068451
-2.582440 1.512914 -2.268626 -2.077192
-2.591273 1.504783 -2.253773 -2.085855
-2.600048 1.496618 -2.238922 -2.094442
-2.608764 1.488420 -2.224073 -2.102951
-2.617423 1.480189 -2.209226 -2.111385
-2.626024 1.471925 -2.194381 -2.119743
-2.634567 1.463629 -2.179538 -2.128025
-2.643052 1.455300 -2.164698 -2.136233
-2.651478 1.446940 -2.149860 -2.144366
-2.659847 1.438547 -2.135025 -2.152426
-2.668158 1.430124 -2.120193 -2.160412
-2.676411 1.421669 -2.105363 -2.168325
-2.684606 1.413184 -2.090535 -2.176166
-2.692744 1.404668 -2.075711 -2.183934
-2.700823 1.396122 -2.060889 -2.191631
-2.708844 1.387546 -2.046070 -2.199256
-2.716808 1.378940 -2.031255 -2.206811
-2.724714 1.370305 -2.016442 -2.214294
-2.732561 1.361641 -2.001632 -2.221708
-2.740351 1.352948 -1.986826 -2.229052
-2.748083 1.344227 -1.972022 -2.236327
-2.755758 1.335477 -1.957222 -2.243533
-2.763374 1.326700 -1.942426 -2.250670
-2.770933 1.317894 -1.927632 -2.257739
-2.778434 1.309061 -1.912842 -2.264741
-2.785877 1.300201 -1.898055 -2.271675
-2.793262 1.291314 -1.883272 -2.278542
-2.800590 1.282400 -1.868492 -2.285342
-2.807860 1.273459 -1.853716 -2.292076
-2.815072 1.264493 -1.838943 -2.298743
-2.822227 1.255501 -1.824174 -2.305346
-2.829324 1.246483 -1.809408 -2.311882
-2.836363 1.237439 -1.794646 -2.318354
-2.843344 1.228371 -1.779888 -2.324762
-2.850268 1.219277 -1.765133 -2.331105
-2.857134 1.210159 -1.750382 -2.337383
-2.863943 1.201016 -1.735635 -2.343599
-2.870694 1.191850 -1.720891 -2.349751
-2.877387 1.182659 -1.706152 -2.355840
-2.884023 1.173445 -1.691416 -2.361866
-2.890602 1.164207 -1.676683 -2.367830
-2.897122 1.154946 -1.661955 -2.373732
-2.903586 1.145662 -1.647230 -2.379572
-2.909991 1.136356 -1.632509 -2.385350
-2.916340 1.127027 -1.617792 -2.391067
-2.922630 1.117676 -1.603079 -2.396724
-2.928864 1.108302 -1.588369 -2.402319
-2.935040 1.098908 -1.573663 -2.407855
-2.941158 1.089491 -1.558961 -2.413330
-2.947219 1.080054 -1.544263 -2.418745
-2.953223 1.070595 -1.529569 -2.424101
-2.959169 1.061115 -1.514879 -2.429398
-2.965058 1.051615 -1.500192 -2.434636
-2.970889 1.042095 -1.485509 -2.439815
-2.976663 1.032554 -1.470830 -2.444935
-2.982380 1.022994 -1.456155 -2.449997
-2.988039 1.013414 -1.441483 -2.455001
-2.993641 1.003814 -1.426815 -2.459948
-2.999186 0.994195 -1.412151 -2.464837
-3.004674 0.984558 -1.397491 -2.469669
-3.010104 0.974901 -1.382835 -2.474443
-3.015477 0.965226 -1.368182 -2.479161
-3.020793 0.955533 -1.353533 -2.483823
-3.026052 0.945821 -1.338887 -2.488428
-3.031253 0.936092 -1.324246 -2.492977
-3.036397 0.926345 -1.309608 -2.497470
-3.041485 0.916581 -1.294973 -2.501907
-3.046514 0.906799 -1.280343 -2.506289
-3.051487 0.897000 -1.265716 -2.510616
-3.056403 0.887185 -1.251092 -2.514888
-3.061261 0.877353 -1.236472 -2.519104
-3.066063 0.867504 -1.221856 -2.523267
-3.070807 0.857640 -1.207243 -2.527375
-3.075494 0.847759 -1.192633 -2.531428
-3.080125 0.837863 -1.178027 -2.535428
-3.084698 0.827951 -1.163425 -2.539374
-3.089214 0.818024 -1.148826 -2.543266
-3.093673 0.808082 -1.134230 -2.547105
-3.098075 0.798125 -1.119637 -2.550890
-3.102420 0.788154 -1.105048 -2.554622
-3.106708 0.778167 -1.090463 -2.558302
-3.110939 0.768167 -1.075880 -2.561928
-3.115114 0.758152 -1.061301 -2.565502
-3.119231 0.748124 -1.046725 -2.569024
-3.123291 0.738082 -1.032152 -2.572494
-3.127294 0.728026 -1.017583 -2.575911
-3.131241 0.717958 -1.003016 -2.579277
-3.135131 0.707876 -0.988453 -2.582590
-3.138963 0.697781 -0.973893 -2.585852
-3.142739 0.687674 -0.959335 -2.589063
-3.146458 0.677554 -0.944781 -2.592222
-3.150120 0.667422 -0.930230 -2.595331
-3.153725 0.657278 -0.915681 -2.598388
-3.157274 0.647122 -0.901136 -2.601394
-3.160766 0.636955 -0.886593 -2.604350
-3.164200 0.626776 -0.872053 -2.607255
-3.167578 0.616586 -0.857516 -2.610110
-3.170900 0.606385 -0.842982 -2.612914
-3.174164 0.596173 -0.828450 -2.615668
-3.177372 0.585950 -0.813921 -2.618372
-3.180523 0.575717 -0.799394 -2.621026
-3.183617 0.565473 -0.784871 -2.623631
-3.186655 0.555220 -0.770349 -2.626185
-3.189636 0.544956 -0.755830 -2.628691
-3.192560 0.534683 -0.741314 -2.631146
-3.195427 0.524400 -0.726800 -2.633552
-3.198238 0.514108 -0.712289 -2.635910
-3.200992 0.503807 -0.697779 -2.638218
-3.203689 0.493497 -0.683272 -2.640476
-3.206330 0.483179 -0.668768 -2.642687
-3.208914 0.472851 -0.654265 -2.644848
-3.211441 0.462516 -0.639765 -2.646960
-3.213912 0.452172 -0.625267 -2.649024
-3.216326 0.441820 -0.610771 -2.651040
-3.218684 0.431461 -0.596277 -2.653007
-3.220985 0.421094 -0.581784 -2.654925
-3.223229 0.410719 -0.567294 -2.656796
-3.225417 0.400338 -0.552806 -2.658618
-3.227548 0.389949 -0.538320 -2.660392
-3.229622 0.379553 -0.523835 -2.662118
-3.231640 0.369151 -0.509352 -2.663796
-3.233602 0.358743 -0.494871 -2.665427
-3.235507 0.348328 -0.480391 -2.667009
-3.237355 0.337907 -0.465914 -2.668544
-3.239146 0.327480 -0.451437 -2.670031
-3.240882 0.317047 -0.436963 -2.671471
-3.242560 0.306609 -0.422489 -2.672863
-3.244182 0.296165 -0.408017 -2.674208
-3.245748 0.285717 -0.393547 -2.675506
-3.247257 0.275263 -0.379078 -2.676756
-3.248709 0.264805 -0.364610 -2.677958
-3.250105 0.254342 -0.350143 -2.679114
-3.251445 0.243874 -0.335678 -2.680223
-3.252728 0.233402 -0.321214 -2.681284
-3.253954 0.222927 -0.306751 -2.682298
-3.255124 0.212447 -0.292289 -2.683266
-3.256238 0.201964 -0.277828 -2.684186
-3.257295 0.191477 -0.263367 -2.685059
-3.258295 0.180987 -0.248908 -2.685886
-3.259240 0.170493 -0.234450 -2.686666
-3.260127 0.159997 -0.219992 -2.687399
-3.260958 0.149498 -0.205535 -2.688085
-3.261733 0.138997 -0.191079 -2.688724
-3.262451 0.128493 -0.176624 -2.689317
-3.263113 0.117986 -0.162169 -2.689863
-3.263718 0.107478 -0.147715 -2.690362
-3.264267 0.096968 -0.133261 -2.690815
-3.264759 0.086456 -0.118808 -2.691221
-3.265195 0.075943 -0.104355 -2.691580
-3.265574 0.065428 -0.089902 -2.691893
-3.265897 0.054913 -0.075450 -2.692159
-3.266164 0.044396 -0.060998 -2.692379
-3.266374 0.033878 -0.046546 -2.692552
-3.266527 0.023360 -0.032095 -2.692679
-3.266625 0.012842 -0.017643 -2.692759
-3.266665 0.002323 -0.003192 -2.692793
-3.266650 -0.008195 0.011260 -2.692780
-3.266577 -0.018714 0.025711 -2.692720
-3.266449 -0.029232 0.040163 -2.692614
-3.266264 -0.039750 0.054614 -2.692461
-3.266022 -0.050267 0.069066 -2.692262
-3.265724 -0.060783 0.083518 -2.692017
-3.265370 -0.071298 0.097971 -2.691724
-3.264959 -0.081812 0.112423 -2.691385
-3.264491 -0.092325 0.126876 -2.691000
-3.263967 -0.102836 0.141330 -2.690568
-3.263387 -0.113345 0.155784 -2.690089
-3.262750 -0.123852 0.170239 -2.689564
-3.262057 -0.134357 0.184694 -2.688992
-3.261307 -0.144860 0.199150 -2.688373
-3.260501 -0.155360 0.213606 -2.687708
-3.259639 -0.165857 0.228063 -2.686995
-3.258719 -0.176352 0.242521 -2.686236
-3.257744 -0.186843 0.256980 -2.685430
-3.256712 -0.197332 0.271440 -2.684578
-3.255623 -0.207817 0.285901 -2.683678
-3.254478 -0.218298 0.300362 -2.682731
-3.253277 -0.228775 0.314825 -2.681738
-3.252019 -0.239249 0.329289 -2.680697
-3.250704 -0.249718 0.343753 -2.679610
-3.249333 -0.260183 0.358219 -2.678475
-3.247906 -0.270644 0.372687 -2.677293
-3.246421 -0.281100 0.387155 -2.676064
-3.244881 -0.291551 0.401625 -2.674787
-3.243284 -0.301996 0.416096 -2.673463
-3.241630 -0.312437 0.430569 -2.672092
-3.239920 -0.322872 0.445043 -2.670673
-3.238153 -0.333301 0.459519 -2.669207
-3.236330 -0.343725 0.473996 -2.667693
-3.234450 -0.354143 0.488475 -2.666132
-3.232514 -0.364554 0.502955 -2.664522
-3.230521 -0.374959 0.517437 -2.662865
-3.228471 -0.385358 0.531921 -2.661160
-3.226365 -0.395750 0.546407 -2.659407
-3.224202 -0.406134 0.560894 -2.657606
-3.221983 -0.416512 0.575383 -2.655757
-3.219707 -0.426882 0.589875 -2.653860
-3.217375 -0.437245 0.604368 -2.651914
-3.214986 -0.447600 0.618863 -2.649920
-3.212540 -0.457948 0.633360 -2.647878
-3.210037 -0.468287 0.647860 -2.645787
-3.207478 -0.478618 0.662361 -2.643647
-3.204863 -0.488940 0.676865 -2.641459
-3.202190 -0.499254 0.691371 -2.639221
-3.199461 -0.509559 0.705879 -2.636935
-3.196676 -0.519855 0.720390 -2.634600
-3.193833 -0.530142 0.734902 -2.632215
-3.190934 -0.540419 0.749418 -2.629781
-3.187979 -0.550687 0.763935 -2.627298
-3.184966 -0.560945 0.778456 -2.624765
-3.181897 -0.571193 0.792978 -2.622183
-3.178771 -0.581431 0.807504 -2.619551
-3.175588 -0.591658 0.822032 -2.616869
-3.172349 -0.601875 0.836562 -2.614137
-3.169053 -0.612081 0.851095 -2.611355
-3.165700 -0.622276 0.865631 -2.608522
-3.162290 -0.632460 0.880170 -2.605639
-3.158823 -0.642633 0.894711 -2.602706
-3.155300 -0.652794 0.909256 -2.599722
-3.151720 -0.662943 0.923803 -2.596687
-3.148083 -0.673080 0.938353 -2.593602
-3.144389 -0.683205 0.952906 -2.590465
-3.140638 -0.693318 0.967462 -2.587277
-3.136831 -0.703418 0.982021 -2.584038
-3.132966 -0.713506 0.996583 -2.580747
-3.129045 -0.723580 1.011148 -2.577404
-3.125067 -0.733642 1.025716 -2.574010
-3.121031 -0.743690 1.040288 -2.570563
-3.116939 -0.753724 1.054862 -2.567065
-3.112790 -0.763745 1.069440 -2.563514
-3.108584 -0.773752 1.084021 -2.559910
-3.104321 -0.783744 1.098605 -2.556254
-3.100001 -0.793722 1.113193 -2.552545
-3.095624 -0.803686 1.127783 -2.548783
-3.091191 -0.813634 1.142378 -2.544968
-3.086700 -0.823568 1.156975 -2.541100
-3.082152 -0.833487 1.171576 -2.537178
-3.077547 -0.843390 1.186181 -2.533202
-3.072885 -0.853277 1.200789 -2.529172
-3.068166 -0.863149 1.215400 -2.525088
-3.063389 -0.873004 1.230015 -2.520950
-3.058556 -0.882844 1.244633 -2.516757
-3.053666 -0.892667 1.259255 -2.512510
-3.048718 -0.902473 1.273881 -2.508207
-3.043713 -0.912262 1.288510 -2.503850
-3.038652 -0.922034 1.303143 -2.499437
-3.033533 -0.931789 1.317779 -2.494968
-3.028356 -0.941526 1.332419 -2.490444
-3.023123 -0.951245 1.347063 -2.485864
-3.017833 -0.960947 1.361710 -2.481227
-3.012485 -0.970630 1.376362 -2.476534
-3.007080 -0.980294 1.391016 -2.471785
-3.001617 -0.989940 1.405675 -2.466978
-2.996098 -0.999568 1.420337 -2.462115
-2.990521 -1.009176 1.435003 -2.457194
-2.984887 -1.018764 1.449673 -2.452215
-2.979195 -1.028333 1.464347 -2.447178
-2.973447 -1.037883 1.479024 -2.442084
-2.967641 -1.047412 1.493705 -2.436931
-2.961777 -1.056921 1.508390 -2.431719
-2.955856 -1.066410 1.523079 -2.426448
-2.949878 -1.075878 1.537772 -2.421119
-2.943842 -1.085325 1.552468 -2.415730
-2.937749 -1.094751 1.567168 -2.410281
-2.931599 -1.104155 1.581873 -2.404772
-2.925391 -1.113538 1.596580 -2.399203
-2.919126 -1.122899 1.611292 -2.393573
-2.912803 -1.132238 1.626007 -2.387883
-2.906422 -1.141554 1.640727 -2.382132
-2.899985 -1.150848 1.655450 -2.376319
-2.893489 -1.160119 1.670177 -2.370445
-2.886936 -1.169367 1.684907 -2.364508
-2.880326 -1.178592 1.699642 -2.358510
-2.873658 -1.187793 1.714380 -2.352448
-2.866932 -1.196970 1.729122 -2.346324
-2.860149 -1.206123 1.743867 -2.340137
-2.853308 -1.215252 1.758617 -2.333886
-2.846410 -1.224357 1.773370 -2.327571
-2.839454 -1.233436 1.788127 -2.321193
-2.832440 -1.242491 1.802887 -2.314749
-2.825369 -1.251520 1.817651 -2.308241
-2.818240 -1.260524 1.832419 -2.301668
-2.811053 -1.269502 1.847190 -2.295029
-2.803809 -1.278454 1.861964 -2.288325
-2.796506 -1.287379 1.876743 -2.281554
-2.789147 -1.296278 1.891524 -2.274716
-2.781729 -1.305150 1.906310 -2.267812
-2.774253 -1.313996 1.921098 -2.260841
-2.766720 -1.322813 1.935890 -2.253801
-2.759129 -1.331603 1.950686 -2.246694
-2.751481 -1.340365 1.965484 -2.239519
-2.743774 -1.349099 1.980286 -2.232274
-2.736010 -1.357805 1.995091 -2.224961
-2.728187 -1.366482 2.009900 -2.217578
-2.720307 -1.375130 2.024711 -2.210125
-2.712369 -1.383748 2.039525 -2.202602
-2.704373 -1.392337 2.054343 -2.195008
-2.696320 -1.400897 2.069163 -2.187343
-2.688208 -1.409426 2.083986 -2.179606
-2.680039 -1.417925 2.098812 -2.171798
-2.671811 -1.426393 2.113641 -2.163917
-2.663526 -1.434830 2.128473 -2.155963
-2.655182 -1.443236 2.143307 -2.147936
-2.646781 -1.451611 2.158144 -2.139835
-2.638322 -1.459954 2.172983 -2.131660
-2.629805 -1.468264 2.187824 -2.123410
-2.621230 -1.476543 2.202668 -2.115086
-2.612596 -1.484788 2.217514 -2.106686
-2.603905 -1.493001 2.232362 -2.098210
-2.595156 -1.501181 2.247212 -2.089658
-2.586349 -1.509327 2.262065 -2.081028
-2.577484 -1.517439 2.276919 -2.072322
-2.568560 -1.525516 2.291774 -2.063537
-2.559579 -1.533560 2.306632 -2.054674
-2.550540 -1.541569 2.321491 -2.045733
-2.541443 -1.549542 2.336351 -2.036712
-2.532287 -1.557480 2.351213 -2.027611
-2.523074 -1.565383 2.366075 -2.018429
-2.513802 -1.573249 2.380939 -2.009167
-2.504473 -1.581079 2.395804 -1.999824
-2.495085 -1.588873 2.410670 -1.990398
-2.485639 -1.596629 2.425536 -1.980890
-2.476135 -1.604348 2.440403 -1.971299
-2.466574 -1.612030 2.455271 -1.961624
-2.456954 -1.619673 2.470138 -1.951865
-2.447276 -1.627279 2.485006 -1.942022
-2.437540 -1.634845 2.499873 -1.932093
-2.427745 -1.642373 2.514741 -1.922078
-2.417893 -1.649861 2.529608 -1.911977
-2.407983 -1.657310 2.544475 -1.901789
-2.398014 -1.664719 2.559340 -1.891514
-2.387988 -1.672087 2.574205 -1.881150
-2.377903 -1.679415 2.589069 -1.870697
-2.367761 -1.686702 2.603932 -1.860155
-2.357560 -1.693948 2.618793 -1.849523
-2.347302 -1.701151 2.633653 -1.838800
-2.336985 -1.708313 2.648510 -1.827986
-2.326610 -1.715432 2.663366 -1.817079
-2.316177 -1.722509 2.678219 -1.806081
-2.305686 -1.729542 2.693070 -1.794988
-2.295138 -1.736532 2.707918 -1.783802
-2.284531 -1.743478 2.722764 -1.772522
-2.273866 -1.750380 2.737606 -1.761146
-2.263143 -1.757237 2.752444 -1.749674
-2.252363 -1.764049 2.767279 -1.738105
-2.241524 -1.770816 2.782110 -1.726439
-2.230627 -1.777537 2.796937 -1.714675
-2.219673 -1.784212 2.811759 -1.702812
-2.208661 -1.790840 2.826577 -1.690850
-2.197590 -1.797421 2.841390 -1.678787
-2.186462 -1.803955 2.856197 -1.666623
-2.175276 -1.810442 2.870998 -1.654357
-2.164033 -1.816880 2.885794 -1.641989
-2.152731 -1.823269 2.900584 -1.629518
-2.141372 -1.829610 2.915366 -1.616943
-2.129955 -1.835902 2.930143 -1.604262
-2.118480 -1.842143 2.944911 -1.591476
-2.106948 -1.848335 2.959672 -1.578584
-2.095358 -1.854476 2.974426 -1.565584
-2.083710 -1.860566 2.989171 -1.552476
-2.072005 -1.866605 3.003907 -1.539259
-2.060242 -1.872591 3.018634 -1.525933
-2.048422 -1.878526 3.033352 -1.512496
-2.036544 -1.884408 3.048060 -1.498947
-2.024609 -1.890236 3.062758 -1.485286
-2.012616 -1.896011 3.077445 -1.471512
-2.000566 -1.901732 3.092121 -1.457624
-1.988459 -1.907399 3.106785 -1.443621
-1.976294 -1.913010 3.121438 -1.429502
-1.964073 -1.918567 3.136078 -1.415266
-1.951794 -1.924067 3.150705 -1.400912
-1.939458 -1.929511 3.165319 -1.386440
-1.927065 -1.934898 3.179918 -1.371848
-1.914615 -1.940228 3.194504 -1.357136
-1.902108 -1.945501 3.209074 -1.342302
-1.889544 -1.950715 3.223629 -1.327346
-1.876923 -1.955871 3.238168 -1.312266
-1.864246 -1.960967 3.252690 -1.297061
-1.851511 -1.966004 3.267196 -1.281732
-1.838721 -1.970980 3.281683 -1.266275
-1.825873 -1.975896 3.296152 -1.250691
-1.812970 -1.980751 3.310603 -1.234979
-1.800009 -1.985544 3.325034 -1.219137
-1.786993 -1.990275 3.339444 -1.203164
-1.773920 -1.994944 3.353834 -1.187060
-1.760791 -1.999549 3.368202 -1.170823
-1.747606 -2.004091 3.382548 -1.154451
-1.734365 -2.008568 3.396871 -1.137945
-1.721068 -2.012981 3.411171 -1.121303
-1.707715 -2.017328 3.425446 -1.104523
-1.694307 -2.021610 3.439696 -1.087605
-1.680842 -2.025825 3.453920 -1.070548
-1.667323 -2.029973 3.468117 -1.053350
-1.653748 -2.034054 3.482287 -1.036010
-1.640118 -2.038067 3.496429 -1.018527
-1.626432 -2.042011 3.510542 -1.000899
-1.612691 -2.045886 3.524624 -0.983127
-1.598896 -2.049692 3.538676 -0.965207
-1.585046 -2.053427 3.552696 -0.947140
-1.571141 -2.057091 3.566683 -0.928923
-1.557181 -2.060684 3.580636 -0.910556
-1.543167 -2.064204 3.594555 -0.892037
-1.529099 -2.067653 3.608439 -0.873366
-1.514976 -2.071027 3.622285 -0.854540
-1.500799 -2.074328 3.636094 -0.835559
-1.486569 -2.077555 3.649865 -0.816420
-1.472285 -2.080706 3.663595 -0.797124
-1.457947 -2.083782 3.677285 -0.777668
-1.443556 -2.086782 3.690932 -0.758051
-1.429112 -2.089704 3.704537 -0.738272
-1.414615 -2.092549 3.718097 -0.718329
-1.400064 -2.095316 3.731611 -0.698221
-1.385461 -2.098004 3.745079 -0.677947
-1.370806 -2.100612 3.758499 -0.657504
-1.356098 -2.103141 3.771869 -0.636893
-1.341338 -2.105588 3.785188 -0.616111
-1.326527 -2.107954 3.798456 -0.595157
-1.311663 -2.110237 3.811670 -0.574029
-1.296748 -2.112438 3.824829 -0.552726
-1.281782 -2.114555 3.837931 -0.531246
-1.266764 -2.116588 3.850976 -0.509588
-1.251696 -2.118536 3.863962 -0.487751
-1.236577 -2.120398 3.876887 -0.465733
-1.221408 -2.122174 3.889749 -0.443532
-1.206188 -2.123863 3.902548 -0.421146
-1.190919 -2.125464 3.915280 -0.398575
-1.175600 -2.126977 3.927945 -0.375817
-1.160232 -2.128400 3.940541 -0.352870
-1.144815 -2.129733 3.953066 -0.329732
-1.129349 -2.130976 3.965518 -0.306402
-1.113835 -2.132127 3.977896 -0.282878
-1.098272 -2.133186 3.990197 -0.259159
-1.082661 -2.134151 4.002420 -0.235243
-1.067003 -2.135023 4.014562 -0.211129
-1.051298 -2.135801 4.026622 -0.186814
-1.035545 -2.136483 4.038598 -0.162297
-1.019746 -2.137068 4.050486 -0.137577
-1.003901 -2.137557 4.062286 -0.112651
-0.988010 -2.137948 4.073995 -0.087519
-0.972073 -2.138241 4.085611 -0.062178
-0.956091 -2.138434 4.097131 -0.036626
-0.940064 -2.138526 4.108553 -0.010862
-0.923993 -2.138518 4.119874 0.015115
-0.907878 -2.138408 4.131093 0.041308
-0.891719 -2.138195 4.142206 0.067718
-0.875517 -2.137879 4.153211 0.094348
-0.859272 -2.137458 4.164106 0.121198
-0.842985 -2.136932 4.174887 0.148270
-0.826656 -2.136299 4.185553 0.175567
-0.810286 -2.135560 4.196099 0.203089
-0.793874 -2.134712 4.206523 0.230840
-0.777422 -2.133756 4.216823 0.258820
-0.760930 -2.132690 4.226995 0.287031
-0.744399 -2.131513 4.237036 0.315475
-0.727829 -2.130225 4.246943 0.344153
-0.711220 -2.128824 4.256713 0.373069
-0.694573 -2.127310 4.266342 0.402222
-0.677889 -2.125682 4.275827 0.431615
-0.661169 -2.123938 4.285165 0.461251
-0.644412 -2.122078 4.294352 0.491129
-0.627619 -2.120100 4.303385 0.521253
-0.610792 -2.118005 4.312259 0.551624
-0.593930 -2.115791 4.320972 0.582243
-0.577034 -2.113456 4.329518 0.613113
-0.560106 -2.111000 4.337896 0.644234
-0.543145 -2.108423 4.346099 0.675610
-0.526152 -2.105722 4.354125 0.707240
-0.509128 -2.102897 4.361969 0.739128
-0.492074 -2.099947 4.369626 0.771274
-0.474991 -2.096871 4.377093 0.803681
-0.457879 -2.093668 4.384366 0.836349
-0.440738 -2.090337 4.391438 0.869280
-0.423571 -2.086876 4.398307 0.902477
-0.406377 -2.083286 4.404966 0.935940
-0.389157 -2.079564 4.411412 0.969670
-0.371913 -2.075710 4.417639 1.003670
-0.354645 -2.071722 4.423643 1.037941
-0.337354 -2.067601 4.429417 1.072484
-0.320040 -2.063343 4.434958 1.107300
-0.302706 -2.058949 4.440259 1.142391
-0.285351 -2.054418 4.445314 1.177758
-0.267977 -2.049748 4.450120 1.213402
-0.250585 -2.044938 4.454669 1.249325
-0.233175 -2.039987 4.458956 1.285527
-0.215750 -2.034894 4.462975 1.322009
-0.198309 -2.029659 4.466720 1.358773
-0.180854 -2.024279 4.470184 1.395819
-0.163386 -2.018753 4.473362 1.433149
-0.145906 -2.013082 4.476248 1.470762
-0.128415 -2.007263 4.478833 1.508661
-0.110915 -2.001295 4.481113 1.546844
-0.093407 -1.995178 4.483079 1.585314
-0.075892 -1.988909 4.484726 1.624070
-0.058371 -1.982489 4.486045 1.663113
-0.040845 -1.975916 4.487031 1.702443
-0.023316 -1.969188 4.487675 1.742060
-0.005785 -1.962306 4.487970 1.781964
0.011746 -1.955266 4.487909 1.822156
0.029276 -1.948070 4.487483 1.862634
0.046804 -1.940714 4.486685 1.903400
0.064328 -1.933199 4.485507 1.944452
0.081846 -1.925523 4.483941 1.985790
0.099358 -1.917685 4.481978 2.027413
0.116861 -1.909683 4.479610 2.069321
0.134354 -1.901518 4.476829 2.111512
0.151836 -1.893187 4.473625 2.153986
0.169304 -1.884689 4.469990 2.196740
0.186757 -1.876024 4.465915 2.239775
0.204193 -1.867191 4.461391 2.283087
0.221611 -1.858187 4.456409 2.326676
0.239008 -1.849013 4.450958 2.370539
0.256384 -1.839667 4.445031 2.414673
0.273735 -1.830148 4.438616 2.459078
0.291060 -1.820455 4.431704 2.503749
0.308357 -1.810587 4.424286 2.548685
0.325624 -1.800543 4.416350 2.593881
0.342859 -1.790322 4.407888 2.639336
0.360060 -1.779923 4.398888 2.685044
0.377224 -1.769345 4.389341 2.731003
0.394351 -1.758587 4.379235 2.777208
0.411436 -1.747648 4.368561 2.823655
0.428479 -1.736527 4.357306 2.870339
0.445477 -1.725223 4.345461 2.917255
0.462427 -1.713735 4.333015 2.964398
0.479328 -1.702063 4.319955 3.011763
0.496176 -1.690206 4.306272 3.059343
0.512970 -1.678162 4.291954 3.107133
0.529706 -1.665931 4.276990 3.155125
0.546383 -1.653512 4.261368 3.203313
0.562997 -1.640905 4.245077 3.251689
0.579547 -1.628108 4.228105 3.300246
0.596028 -1.615122 4.210442 3.348975
0.612440 -1.601944 4.192074 3.397869
0.628778 -1.588575 4.172992 3.446918
0.645040 -1.575015 4.153183 3.496113
0.661224 -1.561262 4.132636 3.545445
0.677326 -1.547316 4.111339 3.594903
0.693343 -1.533177 4.089280 3.644476
0.709272 -1.518843 4.066449 3.694153
0.725111 -1.504316 4.042834 3.743924
0.740856 -1.489594 4.018424 3.793776
0.756504 -1.474677 3.993207 3.843696
0.772052 -1.459565 3.967172 3.893671
0.787496 -1.444258 3.940308 3.943689
0.802834 -1.428755 3.912605 3.993735
0.818062 -1.413057 3.884052 4.043794
0.833177 -1.397163 3.854638 4.093852
0.848175 -1.381073 3.824353 4.143892
0.863054 -1.364789 3.793187 4.193900
0.877809 -1.348309 3.761130 4.243858
0.892436 -1.331633 3.728174 4.293750
0.906934 -1.314764 3.694307 4.343556
0.921297 -1.297700 3.659523 4.393261
0.935523 -1.280442 3.623812 4.442843
0.949607 -1.262990 3.587166 4.492285
0.963546 -1.245346 3.549577 4.541567
0.977337 -1.227509 3.511039 4.590667
0.990975 -1.209481 3.471543 4.639565
1.004457 -1.191263 3.431085 4.688240
1.017779 -1.172855 3.389658 4.736670
1.030937 -1.154258 3.347257 4.784832
1.043928 -1.135474 3.303877 4.832703
1.056748 -1.116503 3.259514 4.880260
1.069392 -1.097347 3.214165 4.927478
1.081857 -1.078008 3.167827 4.974334
1.094139 -1.058486 3.120498 5.020803
1.106234 -1.038783 3.072177 5.066859
1.118139 -1.018901 3.022863 5.112476
1.129849 -0.998842 2.972557 5.157629
1.141361 -0.978608 2.921259 5.202291
1.152670 -0.958200 2.868971 5.246435
1.163774 -0.937621 2.815697 5.290035
1.174667 -0.916873 2.761441 5.333062
1.185346 -0.895957 2.706205 5.375489
1.195808 -0.874877 2.649998 5.417289
1.206048 -0.853636 2.592824 5.458434
1.216063 -0.832234 2.534692 5.498895
1.225849 -0.810676 2.475611 5.538644
1.235402 -0.788965 2.415589 5.577653
1.244720 -0.767102 2.354638 5.615893
1.253797 -0.745091 2.292770 5.653337
1.262631 -0.722936 2.229998 5.689956
1.271217 -0.700640 2.166335 5.725723
1.279554 -0.678205 2.101798 5.760608
1.287637 -0.655636 2.036401 5.794586
1.295462 -0.632936 1.970163 5.827628
1.303027 -0.610109 1.903103 5.859707
1.310329 -0.587159 1.835239 5.890797
1.317364 -0.564089 1.766593 5.920871
1.324130 -0.540903 1.697187 5.949905
1.330623 -0.517606 1.627043 5.977872
1.336840 -0.494202 1.556186 6.004749
1.342779 -0.470696 1.484640 6.030511
1.348438 -0.447091 1.412433 6.055135
1.353813 -0.423391 1.339591 6.078599
1.358903 -0.399603 1.266143 6.100882
1.363704 -0.375730 1.192117 6.121962
1.368215 -0.351777 1.117545 6.141820
1.372434 -0.327749 1.042455 6.160438
1.376359 -0.303650 0.966882 6.177796
1.379988 -0.279486 0.890857 6.193880
1.383318 -0.255262 0.814414 6.208673
1.386350 -0.230983 0.737586 6.222161
1.389080 -0.206653 0.660409 6.234330
1.391509 -0.182279 0.582918 6.245168
1.393634 -0.157864 0.505148 6.254666
1.395455 -0.133416 0.427137 6.262813
1.396971 -0.108938 0.348921 6.269601
1.398181 -0.084436 0.270538 6.275024
1.399084 -0.059916 0.192023 6.279075
1.399681 -0.035383 0.113417 6.281752
1.399970 -0.010842 0.034755 6.283051
1.399952 0.013702 -0.043923 6.282970
1.399627 0.038242 -0.122580 6.281511
1.398995 0.062774 -0.201178 6.278674
1.398055 0.087292 -0.279679 6.274462
1.396810 0.111792 -0.358045 6.268880
1.395258 0.136266 -0.436239 6.261933
1.393402 0.160711 -0.514224 6.253629
1.391241 0.185121 -0.591962 6.243974
1.388778 0.209491 -0.669419 6.232980
1.386012 0.233814 -0.746557 6.220657
1.382946 0.258088 -0.823342 6.207016
1.379580 0.282305 -0.899738 6.192072
1.375917 0.306462 -0.975712 6.175839
1.371958 0.330552 -1.051231 6.158333
1.367705 0.354572 -1.126261 6.139570
1.363160 0.378516 -1.200772 6.119568
1.358324 0.402379 -1.274732 6.098347
1.353202 0.426158 -1.348111 6.075925
1.347793 0.449846 -1.420880 6.052325
1.342102 0.473440 -1.493012 6.027567
1.336130 0.496935 -1.564478 6.001674
1.329880 0.520327 -1.635254 5.974669
1.323355 0.543611 -1.705313 5.946576
1.316558 0.566783 -1.774632 5.917420
1.309492 0.589839 -1.843188 5.887226
1.302159 0.612775 -1.910959 5.856019
1.294564 0.635588 -1.977925 5.823826
1.286708 0.658273 -2.044065 5.790674
1.278596 0.680826 -2.109363 5.756589
1.270230 0.703245 -2.173799 5.721600
1.261614 0.725525 -2.237359 5.685733
1.252752 0.747664 -2.300026 5.649016
1.243646 0.769657 -2.361788 5.611478
1.234301 0.791502 -2.422631 5.573146
1.224721 0.813196 -2.482544 5.534049
1.214908 0.834736 -2.541515 5.494216
1.204866 0.856119 -2.599536 5.453674
1.194600 0.877342 -2.656597 5.412452
1.184113 0.898403 -2.712692 5.370577
1.173408 0.919299 -2.767813 5.328078
1.162490 0.940028 -2.821956 5.284983
1.151363 0.960587 -2.875115 5.241319
1.140030 0.980975 -2.927287 5.197113
1.128495 1.001189 -2.978470 5.152392
1.116762 1.021227 -3.028660 5.107184
1.104835 1.041088 -3.077859 5.061514
1.092717 1.060770 -3.126064 5.015409
1.080414 1.080271 -3.173277 4.968894
1.067928 1.099589 -3.219500 4.921994
1.055263 1.118723 -3.264734 4.874735
1.042423 1.137672 -3.308982 4.827140
1.029413 1.156435 -3.352248 4.779234
1.016235 1.175010 -3.394535 4.731040
1.002894 1.193396 -3.435849 4.682581
0.989394 1.211592 -3.476195 4.633878
0.975737 1.229598 -3.515578 4.584955
0.961929 1.247412 -3.554006 4.535833
0.947973 1.265034 -3.591484 4.486532
0.933872 1.282462 -3.628021 4.437073
0.919630 1.299698 -3.663624 4.387475
0.905251 1.316739 -3.698301 4.337758
0.890739 1.333587 -3.732061 4.287940
0.876096 1.350239 -3.764912 4.238040
0.861326 1.366696 -3.796864 4.188075
0.846434 1.382958 -3.827927 4.138063
0.831422 1.399025 -3.858110 4.088019
0.816294 1.414896 -3.887423 4.037960
0.801052 1.430571 -3.915877 3.987902
0.785702 1.446051 -3.943481 3.937859
0.770245 1.461336 -3.970248 3.887845
0.754685 1.476425 -3.996187 3.837876
0.739026 1.491319 -4.021309 3.787963
0.723270 1.506019 -4.045627 3.738120
0.707421 1.520524 -4.069150 3.688360
0.691481 1.534834 -4.091890 3.638694
0.675454 1.548951 -4.113859 3.589133
0.659342 1.562874 -4.135068 3.539690
0.643149 1.576605 -4.155529 3.490374
0.626878 1.590143 -4.175253 3.441195
0.610531 1.603489 -4.194251 3.392164
0.594111 1.616645 -4.212536 3.343289
0.577622 1.629609 -4.230118 3.294579
0.561065 1.642384 -4.247010 3.246042
0.544443 1.654969 -4.263223 3.197688
0.527759 1.667366 -4.278767 3.149522
0.511016 1.679575 -4.293656 3.101554
0.494216 1.691597 -4.307899 3.053788
0.477361 1.703433 -4.321509 3.006233
0.460455 1.715084 -4.334496 2.958894
0.443499 1.726550 -4.346872 2.911776
0.426495 1.737832 -4.358648 2.864887
0.409447 1.748932 -4.369834 2.818230
0.392357 1.759850 -4.380442 2.771811
0.375226 1.770587 -4.390482 2.725635
0.358057 1.781144 -4.399965 2.679705
0.340852 1.791522 -4.408902 2.634026
0.323613 1.801723 -4.417302 2.588601
0.306343 1.811746 -4.425177 2.543435
0.289042 1.821594 -4.432535 2.498530
0.271714 1.831266 -4.439389 2.453890
0.254360 1.840765 -4.445746 2.409517
0.236982 1.850091 -4.451618 2.365413
0.219582 1.859245 -4.457013 2.321582
0.202162 1.868229 -4.461942 2.278026
0.184724 1.877043 -4.466413 2.234746
0.167269 1.885688 -4.470436 2.191744
0.149799 1.894166 -4.474020 2.149022
0.132316 1.902478 -4.477174 2.106581
0.114822 1.910624 -4.479907 2.064423
0.097318 1.918606 -4.482227 2.022548
0.079805 1.926426 -4.484143 1.980958
0.062286 1.934083 -4.485664 1.939654
0.044761 1.941580 -4.486797 1.898635
0.027233 1.948916 -4.487551 1.857903
0.009703 1.956095 -4.487934 1.817457
-0.007828 1.963116 -4.487954 1.777299
-0.025359 1.969980 -4.487618 1.737428
-0.042887 1.976690 -4.486934 1.697845
-0.060413 1.983245 -4.485909 1.658548
-0.077933 1.989648 -4.484551 1.619539
-0.095448 1.995898 -4.482866 1.580817
-0.112955 2.001998 -4.480863 1.542380
-0.130454 2.007948 -4.478548 1.504230
-0.147943 2.013750 -4.475927 1.466365
-0.165422 2.019405 -4.473007 1.428784
-0.182888 2.024913 -4.469795 1.391488
-0.200342 2.030276 -4.466298 1.354475
-0.217781 2.035495 -4.462521 1.317744
-0.235205 2.040571 -4.458470 1.281294
-0.252612 2.045506 -4.454152 1.245125
-0.270002 2.050299 -4.449573 1.209235
-0.287374 2.054953 -4.444738 1.173623
-0.304727 2.059468 -4.439653 1.138288
-0.322059 2.063846 -4.434324 1.103229
-0.339370 2.068088 -4.428756 1.068445
-0.356658 2.072194 -4.422955 1.033934
-0.373924 2.076166 -4.416925 0.999695
-0.391165 2.080004 -4.410672 0.965726
-0.408382 2.083711 -4.404201 0.932027
-0.425573 2.087286 -4.397517 0.898595
-0.442737 2.090731 -4.390625 0.865429
-0.459874 2.094048 -4.383528 0.832529
-0.476983 2.097236 -4.376233 0.799891
-0.494063 2.100297 -4.368744 0.767515
-0.511114 2.103232 -4.361064 0.735399
-0.528134 2.106043 -4.353199 0.703541
-0.545123 2.108729 -4.345152 0.671941
-0.562080 2.111293 -4.336928 0.640595
-0.579005 2.113734 -4.328531 0.609503
-0.595896 2.116055 -4.319965 0.578662
-0.612754 2.118255 -4.311233 0.548072
-0.629578 2.120337 -4.302340 0.517730
-0.646366 2.122300 -4.293289 0.487635
-0.663119 2.124147 -4.284085 0.457785
-0.679835 2.125877 -4.274729 0.428178
-0.696515 2.127492 -4.265227 0.398813
-0.713157 2.128993 -4.255582 0.369687
-0.729762 2.130381 -4.245796 0.340799
-0.746327 2.131656 -4.235873 0.312148
-0.762854 2.132820 -4.225816 0.283731
-0.779341 2.133873 -4.215630 0.255547
-0.795789 2.134817 -4.205315 0.227594
-0.812195 2.135651 -4.194876 0.199871
-0.828561 2.136378 -4.184316 0.172374
-0.844885 2.136998 -4.173637 0.145104
-0.861167 2.137512 -4.162842 0.118058
-0.877407 2.137921 -4.151935 0.091233
-0.893604 2.138225 -4.140917 0.064630
-0.909758 2.138426 -4.129791 0.038245
-0.925868 2.138524 -4.118560 0.012077
-0.941934 2.138521 -4.107227 -0.013875
-0.957956 2.138416 -4.095793 -0.039614
-0.973932 2.138212 -4.084262 -0.065141
-0.989864 2.137908 -4.072635 -0.090458
-1.005750 2.137505 -4.060916 -0.115567
-1.021589 2.137005 -4.049105 -0.140468
-1.037383 2.136408 -4.037207 -0.165165
-1.053130 2.135715 -4.025221 -0.189658
-1.068830 2.134927 -4.013152 -0.213949
-1.084483 2.134044 -4.001000 -0.238040
-1.100088 2.133067 -3.988768 -0.261933
-1.115645 2.131998 -3.976458 -0.285629
-1.131154 2.130836 -3.964071 -0.309130
-1.146614 2.129583 -3.951610 -0.332438
-1.162026 2.128239 -3.939077 -0.355553
-1.177388 2.126805 -3.926473 -0.378479
-1.192701 2.125282 -3.913800 -0.401215
-1.207964 2.123671 -3.901060 -0.423764
-1.223178 2.121972 -3.888254 -0.446128
-1.238341 2.120186 -3.875384 -0.468308
-1.253454 2.118314 -3.862452 -0.490305
-1.268517 2.116356 -3.849459 -0.512121
-1.283528 2.114313 -3.836408 -0.533758
-1.298489 2.112186 -3.823298 -0.555217
-1.313398 2.109975 -3.810133 -0.576500
-1.328255 2.107682 -3.796912 -0.597607
-1.343061 2.105307 -3.783639 -0.618541
-1.357815 2.102850 -3.770313 -0.639304
-1.372516 2.100312 -3.756937 -0.659895
-1.387166 2.097695 -3.743512 -0.680318
-1.401763 2.094998 -3.730039 -0.700572
-1.416307 2.092222 -3.716519 -0.720661
-1.430798 2.089368 -3.702954 -0.740585
-1.445236 2.086436 -3.689344 -0.760345
-1.459621 2.083428 -3.675692 -0.779943
-1.473952 2.080343 -3.661997 -0.799380
-1.488230 2.077183 -3.648262 -0.818658
-1.502454 2.073948 -3.634487 -0.837778
-1.516624 2.070638 -3.620674 -0.856742
-1.530741 2.067254 -3.606823 -0.875549
-1.544803 2.063798 -3.592935 -0.894203
-1.558810 2.060269 -3.579012 -0.912704
-1.572764 2.056668 -3.565055 -0.931053
-1.586662 2.052995 -3.551064 -0.949253
-1.600506 2.049252 -3.537040 -0.967303
-1.614295 2.045438 -3.522985 -0.985205
-1.628030 2.041555 -3.508899 -1.002961
-1.641709 2.037603 -3.494783 -1.020571
-1.655333 2.033582 -3.480638 -1.038038
-1.668901 2.029493 -3.466464 -1.055361
-1.682414 2.025337 -3.452264 -1.072543
-1.695872 2.021114 -3.438037 -1.089584
-1.709274 2.016825 -3.423784 -1.106486
-1.722620 2.012470 -3.409506 -1.123249
-1.735911 2.008050 -3.395203 -1.139876
-1.749145 2.003565 -3.380878 -1.156366
-1.762324 1.999016 -3.366529 -1.172721
-1.775446 1.994403 -3.352158 -1.188943
-1.788512 1.989727 -3.337766 -1.205032
-1.801522 1.984989 -3.323353 -1.220990
-1.814476 1.980189 -3.308920 -1.236816
-1.827373 1.975327 -3.294467 -1.252514
-1.840214 1.970403 -3.279996 -1.268083
-1.852998 1.965420 -3.265506 -1.283524
-1.865726 1.960376 -3.250999 -1.298840
-1.878397 1.955273 -3.236475 -1.314029
-1.891011 1.950110 -3.221934 -1.329095
-1.903568 1.944889 -3.207377 -1.344037
-1.916068 1.939610 -3.192805 -1.358857
-1.928512 1.934274 -3.178218 -1.373555
-1.940898 1.928880 -3.163616 -1.388133
-1.953228 1.923429 -3.149001 -1.402591
-1.965500 1.917922 -3.134373 -1.416931
-1.977715 1.912359 -3.119731 -1.431153
-1.989873 1.906741 -3.105077 -1.445259
-2.001973 1.901068 -3.090411 -1.459248
-2.014016 1.895341 -3.075734 -1.473123
-2.026002 1.889560 -3.061046 -1.486884
-2.037931 1.883725 -3.046347 -1.500532
-2.049802 1.877837 -3.031638 -1.514067
-2.061616 1.871896 -3.016919 -1.527492
-2.073372 1.865904 -3.002190 -1.540805
-2.085070 1.859859 -2.987453 -1.554009
-2.096711 1.853763 -2.972707 -1.567104
-2.108294 1.847616 -2.957953 -1.580092
-2.119820 1.841419 -2.943191 -1.592972
-2.131288 1.835171 -2.928421 -1.605745
-2.142698 1.828874 -2.913644 -1.618413
-2.154051 1.822527 -2.898861 -1.630977
-2.165346 1.816132 -2.884070 -1.643436
-2.176583 1.809688 -2.869274 -1.655792
-2.187762 1.803196 -2.854472 -1.668046
-2.198883 1.796657 -2.839664 -1.680198
-2.209947 1.790070 -2.824851 -1.692249
-2.220952 1.783436 -2.810032 -1.704200
-2.231900 1.776756 -2.795210 -1.716051
-2.242790 1.770030 -2.780382 -1.727804
-2.253622 1.763258 -2.765551 -1.739458
-2.264396 1.756440 -2.750715 -1.751016
-2.275112 1.749578 -2.735876 -1.762476
-2.285770 1.742671 -2.721034 -1.773841
-2.296370 1.735720 -2.706188 -1.785111
-2.306912 1.728725 -2.691340 -1.796286
-2.317396 1.721687 -2.676489 -1.807367
-2.327822 1.714605 -2.661635 -1.818355
-2.338190 1.707481 -2.646779 -1.829250
-2.348500 1.700314 -2.631921 -1.840054
-2.358752 1.693105 -2.617061 -1.850766
-2.368946 1.685855 -2.602200 -1.861388
-2.379082 1.678564 -2.587337 -1.871920
-2.389159 1.671231 -2.572473 -1.882362
-2.399179 1.663858 -2.557608 -1.892716
-2.409141 1.656444 -2.542742 -1.902981
-2.419044 1.648991 -2.527876 -1.913159
-2.428890 1.641498 -2.513008 -1.923250
-2.438677 1.633965 -2.498141 -1.933254
-2.448406 1.626394 -2.483273 -1.943173
-2.458078 1.618785 -2.468406 -1.953007
-2.467691 1.611137 -2.453538 -1.962756
-2.477246 1.603451 -2.438671 -1.972421
-2.486743 1.595727 -2.423804 -1.982002
-2.496182 1.587966 -2.408938 -1.991501
-2.505563 1.580169 -2.394072 -2.000917
-2.514886 1.572334 -2.379207 -2.010251
-2.524150 1.564464 -2.364343 -2.019503
-2.533357 1.556557 -2.349481 -2.028675
-2.542506 1.548615 -2.334619 -2.037767
-2.551596 1.540637 -2.319759 -2.046779
-2.560629 1.532624 -2.304900 -2.055711
-2.569603 1.524577 -2.290043 -2.064565
-2.578520 1.516495 -2.275188 -2.073340
-2.587378 1.508379 -2.260334 -2.082038
-2.596179 1.500229 -2.245482 -2.090658
-2.604921 1.492046 -2.230632 -2.099202
-2.613605 1.483829 -2.215784 -2.107669
-2.622232 1.475580 -2.200938 -2.116060
-2.630800 1.467298 -2.186095 -2.124376
-2.639311 1.458983 -2.171253 -2.132616
-2.647763 1.450637 -2.156415 -2.140783
-2.656158 1.442258 -2.141578 -2.148875
-2.664494 1.433849 -2.126744 -2.156893
-2.672773 1.425408 -2.111913 -2.164839
-2.680994 1.416936 -2.097085 -2.172711
-2.689156 1.408434 -2.082259 -2.180511
-2.697261 1.399901 -2.067436 -2.188240
-2.705308 1.391338 -2.052616 -2.195896
-2.713297 1.382746 -2.037799 -2.203482
-2.721228 1.374123 -2.022985 -2.210997
-2.729102 1.365472 -2.008174 -2.218442
-2.736917 1.356792 -1.993366 -2.225817
-2.744675 1.348083 -1.978561 -2.233122
-2.752375 1.339346 -1.963760 -2.240358
-2.760017 1.330580 -1.948961 -2.247526
-2.767601 1.321787 -1.934166 -2.254625
-2.775128 1.312966 -1.919375 -2.261656
-2.782596 1.304118 -1.904587 -2.268620
-2.790007 1.295243 -1.889802 -2.275517
-2.797360 1.286341 -1.875020 -2.282346
-2.804656 1.277412 -1.860243 -2.289109
-2.811893 1.268457 -1.845468 -2.295806
-2.819073 1.259476 -1.830698 -2.302437
-2.826196 1.250469 -1.815930 -2.309003
-2.833260 1.241437 -1.801167 -2.315503
-2.840267 1.232380 -1.786407 -2.321939
-2.847217 1.223297 -1.771651 -2.328311
-2.854108 1.214190 -1.756898 -2.334618
-2.860942 1.205058 -1.742149 -2.340861
-2.867719 1.195902 -1.727404 -2.347041
-2.874438 1.186722 -1.712662 -2.353158
-2.881099 1.177518 -1.697925 -2.359212
-2.887703 1.168290 -1.683191 -2.365203
-2.894249 1.159040 -1.668460 -2.371132
-2.900738 1.149766 -1.653734 -2.377000
-2.907169 1.140470 -1.639011 -2.382805
-2.913543 1.131150 -1.624293 -2.388549
-2.919859 1.121809 -1.609578 -2.394233
-2.926117 1.112446 -1.594866 -2.399855
-2.932319 1.103060 -1.580159 -2.405417
-2.938462 1.093653 -1.565455 -2.410919
-2.944549 1.084225 -1.550756 -2.416361
-2.950578 1.074776 -1.536060 -2.421743
-2.956549 1.065305 -1.521367 -2.427066
-2.962463 1.055814 -1.506679 -2.432329
-2.968320 1.046303 -1.491994 -2.437534
-2.974120 1.036771 -1.477314 -2.442680
-2.979862 1.027219 -1.462637 -2.447768
-2.985546 1.017648 -1.447964 -2.452798
-2.991174 1.008057 -1.433294 -2.457770
-2.996744 0.998447 -1.418629 -2.462684
-3.002257 0.988817 -1.403967 -2.467541
-3.007712 0.979169 -1.389309 -2.472341
-3.013111 0.969502 -1.374654 -2.477084
-3.018452 0.959817 -1.360003 -2.481770
-3.023736 0.950114 -1.345356 -2.486400
-3.028963 0.940392 -1.330713 -2.490974
-3.034132 0.930653 -1.316073 -2.495492
-3.039244 0.920896 -1.301438 -2.499954
-3.044300 0.911122 -1.286805 -2.504360
-3.049298 0.901331 -1.272176 -2.508711
-3.054238 0.891523 -1.257551 -2.513007
-3.059122 0.881698 -1.242930 -2.517248
-3.063949 0.871857 -1.228312 -2.521435
-3.068718 0.861999 -1.213697 -2.525567
-3.073431 0.852126 -1.199086 -2.529644
-3.078086 0.842237 -1.184479 -2.533668
-3.082685 0.832332 -1.169875 -2.537637
-3.087226 0.822411 -1.155274 -2.541553
-3.091710 0.812476 -1.140677 -2.545415
-3.096137 0.802525 -1.126083 -2.549224
-3.100508 0.792560 -1.111493 -2.552980
-3.104821 0.782580 -1.096905 -2.556683
-3.109077 0.772586 -1.082322 -2.560333
-3.113277 0.762578 -1.067741 -2.563930
-3.117419 0.752556 -1.053164 -2.567475
-3.121504 0.742520 -1.038589 -2.570967
-3.125533 0.732470 -1.024018 -2.574408
-3.129505 0.722407 -1.009451 -2.577796
-3.133419 0.712331 -0.994886 -2.581133
-3.137277 0.702242 -0.980324 -2.584418
-3.141078 0.692140 -0.965765 -2.587651
-3.144822 0.682026 -0.951210 -2.590833
-3.148509 0.671899 -0.936657 -2.593964
-3.152140 0.661761 -0.922107 -2.597044
-3.155713 0.651610 -0.907561 -2.600073
-3.159230 0.641448 -0.893017 -2.603051
-3.162690 0.631274 -0.878476 -2.605978
-3.166093 0.621089 -0.863937 -2.608855
-3.169440 0.610892 -0.849402 -2.611681
-3.172729 0.600685 -0.834869 -2.614458
-3.175962 0.590467 -0.820339 -2.617184
-3.179138 0.580238 -0.805811 -2.619860
-3.182257 0.569999 -0.791286 -2.622486
-3.185320 0.559750 -0.776764 -2.625063
-3.188326 0.549491 -0.762244 -2.627590
-3.191275 0.539222 -0.747726 -2.630068
-3.194168 0.528944 -0.733211 -2.632496
-3.197003 0.518656 -0.718699 -2.634874
-3.199782 0.508359 -0.704188 -2.637204
-3.202505 0.498053 -0.689680 -2.639485
-3.205171 0.487738 -0.675175 -2.641716
-3.207780 0.477414 -0.660671 -2.643899
-3.210332 0.467082 -0.646170 -2.646033
-3.212828 0.456742 -0.631671 -2.648118
-3.215267 0.446394 -0.617174 -2.650155
-3.217649 0.436038 -0.602679 -2.652144
-3.219975 0.425674 -0.588186 -2.654084
-3.222245 0.415303 -0.573695 -2.655975
-3.224457 0.404925 -0.559206 -2.657819
-3.226613 0.394539 -0.544718 -2.659614
-3.228713 0.384146 -0.530233 -2.661361
-3.230756 0.373747 -0.515749 -2.663061
-3.232742 0.363341 -0.501268 -2.664712
-3.234672 0.352929 -0.486787 -2.666316
-3.236545 0.342511 -0.472309 -2.667872
-3.238362 0.332086 -0.457832 -2.669380
-3.240122 0.321656 -0.443356 -2.670841
-3.241826 0.311221 -0.428882 -2.672254
-3.243473 0.300779 -0.414410 -2.673620
-3.245063 0.290333 -0.399939 -2.674938
-3.246597 0.279881 -0.385469 -2.676209
-3.248075 0.269425 -0.371001 -2.677433
-3.249496 0.258964 -0.356534 -2.678609
-3.250860 0.248499 -0.342068 -2.679739
-3.252168 0.238029 -0.327603 -2.680821
-3.253420 0.227555 -0.313140 -2.681856
-3.254615 0.217077 -0.298677 -2.682844
-3.255753 0.206595 -0.284215 -2.683785
-3.256835 0.196110 -0.269755 -2.684679
-3.257860 0.185621 -0.255295 -2.685527
-3.258829 0.175129 -0.240837 -2.686327
-3.259742 0.164634 -0.226379 -2.687081
-3.260598 0.154136 -0.211921 -2.687787
-3.261398 0.143636 -0.197465 -2.688448
-3.262141 0.133133 -0.183009 -2.689061
-3.262827 0.122628 -0.168554 -2.689627
-3.263458 0.112120 -0.154100 -2.690147
-3.264031 0.101611 -0.139646 -2.690621
-3.264549 0.091100 -0.125192 -2.691047
-3.265009 0.080587 -0.110739 -2.691427
-3.265414 0.070073 -0.096286 -2.691761
-3.265762 0.059558 -0.081834 -2.692048
-3.266053 0.049042 -0.067382 -2.692288
-3.266288 0.038524 -0.052930 -2.692482
-3.266467 0.028007 -0.038479 -2.692629
-3.266589 0.017488 -0.024027 -2.692729
-3.266654 0.006970 -0.009576 -2.692783
-3.266663 -0.003549 0.004876 -2.692791
-3.266616 -0.014068 0.019327 -2.692752
-3.266512 -0.024586 0.033779 -2.692667
-3.266352 -0.035104 0.048230 -2.692535
-3.266136 -0.045621 0.062682 -2.692356
-3.265863 -0.056138 0.077134 -2.692131
-3.265533 -0.066654 0.091586 -2.691859
-3.265147 -0.077168 0.106039 -2.691541
-3.264705 -0.087681 0.120492 -2.691176
-3.264206 -0.098193 0.134945 -2.690764
-3.263650 -0.108703 0.149399 -2.690306
-3.263039 -0.119211 0.163853 -2.689802
-3.262370 -0.129717 0.178308 -2.689250
-3.261645 -0.140220 0.192764 -2.688652
-3.260864 -0.150722 0.207220 -2.688007
-3.260027 -0.161220 0.221677 -2.687316
-3.259132 -0.171716 0.236135 -2.686577
-3.258182 -0.182209 0.250593 -2.685792
-3.257175 -0.192699 0.265052 -2.684960
-3.256111 -0.203186 0.279513 -2.684081
-3.254991 -0.213668 0.293974 -2.683155
-3.253814 -0.224148 0.308436 -2.682183
-3.252581 -0.234623 0.322899 -2.681163
-3.251292 -0.245094 0.337364 -2.680096
-3.249946 -0.255561 0.351829 -2.678982
-3.248543 -0.266024 0.366296 -2.677821
-3.247084 -0.276481 0.380764 -2.676612
-3.245568 -0.286935 0.395233 -2.675357
-3.243996 -0.297383 0.409704 -2.674054
-3.242368 -0.307826 0.424176 -2.672704
-3.240682 -0.318263 0.438649 -2.671306
-3.238941 -0.328695 0.453124 -2.669861
-3.237142 -0.339121 0.467601 -2.668368
-3.235287 -0.349542 0.482079 -2.666827
-3.233376 -0.359956 0.496558 -2.665239
-3.231408 -0.370364 0.511040 -2.663603
-3.229384 -0.380765 0.525523 -2.661919
-3.227302 -0.391160 0.540007 -2.660188
-3.225165 -0.401548 0.554494 -2.658408
-3.222970 -0.411929 0.568983 -2.656580
-3.220720 -0.422302 0.583473 -2.654704
-3.218412 -0.432669 0.597965 -2.652780
-3.216048 -0.443027 0.612460 -2.650807
-3.213627 -0.453378 0.626956 -2.648786
-3.211150 -0.463721 0.641454 -2.646717
-3.208616 -0.474055 0.655955 -2.644598
-3.206025 -0.484382 0.670458 -2.642432
-3.203378 -0.494699 0.684963 -2.640216
-3.200674 -0.505008 0.699470 -2.637951
-3.197913 -0.515308 0.713979 -2.635637
-3.195096 -0.525599 0.728491 -2.633275
-3.192222 -0.535881 0.743006 -2.630863
-3.189291 -0.546153 0.757522 -2.628401
-3.186304 -0.556415 0.772041 -2.625890
-3.183260 -0.566667 0.786563 -2.623330
-3.180159 -0.576910 0.801087 -2.620720
-3.177001 -0.587142 0.815614 -2.618060
-3.173787 -0.597363 0.830143 -2.615350
-3.170516 -0.607574 0.844675 -2.612590
-3.167188 -0.617774 0.859210 -2.609780
-3.163803 -0.627963 0.873747 -2.606919
-3.160362 -0.638140 0.888287 -2.604008
-3.156863 -0.648307 0.902830 -2.601047
-3.153308 -0.658461 0.917376 -2.598034
-3.149696 -0.668604 0.931925 -2.594971
-3.146028 -0.678734 0.946477 -2.591857
-3.142302 -0.688852 0.961032 -2.588692
-3.138520 -0.698958 0.975589 -2.585475
-3.134680 -0.709051 0.990150 -2.582207
-3.130784 -0.719132 1.004714 -2.578887
-3.126831 -0.729199 1.019280 -2.575515
-3.122821 -0.739253 1.033850 -2.572092
-3.118754 -0.749293 1.048424 -2.568617
-3.114630 -0.759320 1.063000 -2.565089
-3.110449 -0.769333 1.077579 -2.561509
-3.106211 -0.779332 1.092162 -2.557876
-3.101917 -0.789316 1.106748 -2.554190
-3.097565 -0.799286 1.121338 -2.550452
-3.093156 -0.809242 1.135930 -2.546660
-3.088691 -0.819182 1.150527 -2.542815
-3.084168 -0.829107 1.165126 -2.538917
-3.079588 -0.839017 1.179729 -2.534965
-3.074951 -0.848912 1.194335 -2.530959
-3.070257 -0.858790 1.208945 -2.526899
-3.065506 -0.868653 1.223559 -2.522785
-3.060698 -0.878499 1.238175 -2.518616
-3.055833 -0.888330 1.252796 -2.514393
-3.050911 -0.898143 1.267420 -2.510115
-3.045931 -0.907940 1.282047 -2.505781
-3.040895 -0.917719 1.296679 -2.501393
-3.035801 -0.927482 1.311313 -2.496949
-3.030650 -0.937227 1.325952 -2.492449
-3.025442 -0.946954 1.340594 -2.487894
-3.020177 -0.956663 1.355240 -2.483282
-3.014854 -0.966355 1.369889 -2.478614
-3.009474 -0.976027 1.384542 -2.473890
-3.004037 -0.985682 1.399199 -2.469109
-2.998543 -0.995317 1.413860 -2.464270
-2.992992 -1.004934 1.428524 -2.459374
-2.987383 -1.014531 1.443193 -2.454421
-2.981717 -1.024109 1.457864 -2.449410
-2.975993 -1.033667 1.472540 -2.444341
-2.970212 -1.043205 1.487220 -2.439214
-2.964374 -1.052723 1.501903 -2.434028
-2.958479 -1.062221 1.516590 -2.428784
-2.952526 -1.071698 1.531281 -2.423480
-2.946516 -1.081154 1.545976 -2.418117
-2.940448 -1.090590 1.560674 -2.412695
-2.934323 -1.100003 1.575377 -2.407213
-2.928140 -1.109396 1.590083 -2.401670
-2.921900 -1.118766 1.604793 -2.396068
-2.915603 -1.128115 1.619507 -2.390404
-2.909248 -1.137441 1.634224 -2.384680
-2.902836 -1.146745 1.648946 -2.378894
-2.896366 -1.156026 1.663671 -2.373047
-2.889838 -1.165285 1.678400 -2.367138
-2.883253 -1.174520 1.693133 -2.361167
-2.876610 -1.183731 1.707869 -2.355133
-2.869910 -1.192919 1.722609 -2.349037
-2.863153 -1.202083 1.737353 -2.342878
-2.856337 -1.211223 1.752101 -2.336655
-2.849464 -1.220338 1.766852 -2.330369
-2.842534 -1.229429 1.781608 -2.324018
-2.835545 -1.238494 1.796366 -2.317603
-2.828500 -1.247535 1.811129 -2.311124
-2.821396 -1.256550 1.825895 -2.304580
-2.814235 -1.265539 1.840664 -2.297970
-2.807016 -1.274503 1.855437 -2.291294
-2.799739 -1.283440 1.870214 -2.284553
-2.792405 -1.292351 1.884994 -2.277745
-2.785013 -1.301235 1.899778 -2.270870
-2.777563 -1.310092 1.914565 -2.263928
-2.770055 -1.318922 1.929356 -2.256919
-2.762490 -1.327724 1.944150 -2.249842
-2.754866 -1.336498 1.958947 -2.242697
-2.747185 -1.345245 1.973747 -2.235483
-2.739447 -1.353963 1.988551 -2.228200
-2.731650 -1.362653 2.003358 -2.220848
-2.723795 -1.371313 2.018168 -2.213426
-2.715883 -1.379945 2.032981 -2.205934
-2.707913 -1.388547 2.047797 -2.198371
-2.699884 -1.397119 2.062616 -2.190738
-2.691798 -1.405662 2.077438 -2.183033
-2.683654 -1.414174 2.092263 -2.175256
-2.675453 -1.422656 2.107090 -2.167407
-2.667193 -1.431107 2.121921 -2.159485
-2.658875 -1.439527 2.136754 -2.151491
-2.650499 -1.447916 2.151589 -2.143422
-2.642066 -1.456272 2.166427 -2.135280
-2.633574 -1.464597 2.181268 -2.127064
-2.625025 -1.472890 2.196111 -2.118772
-2.616417 -1.481150 2.210956 -2.110406
-2.607752 -1.489377 2.225803 -2.101964
-2.599028 -1.497572 2.240652 -2.093445
-2.590246 -1.505732 2.255504 -2.084850
-2.581407 -1.513859 2.270357 -2.076177
-2.572509 -1.521952 2.285212 -2.067427
-2.563554 -1.530011 2.300068 -2.058599
-2.554540 -1.538035 2.314927 -2.049692
-2.545468 -1.546024 2.329786 -2.040706
-2.536339 -1.553978 2.344647 -2.031641
-2.527151 -1.561896 2.359510 -2.022495
-2.517905 -1.569779 2.374373 -2.013269
-2.508601 -1.577625 2.389238 -2.003961
-2.499239 -1.585434 2.404103 -1.994572
-2.489819 -1.593207 2.418969 -1.985100
-2.480341 -1.600943 2.433836 -1.975546
-2.470805 -1.608641 2.448703 -1.965908
-2.461210 -1.616302 2.463571 -1.956187
-2.451558 -1.623924 2.478438 -1.946381
-2.441847 -1.631508 2.493306 -1.936490
-2.432079 -1.639052 2.508173 -1.926513
-2.422252 -1.646558 2.523041 -1.916450
-2.412368 -1.654025 2.537907 -1.906301
-2.402425 -1.661451 2.552774 -1.896064
-2.392424 -1.668838 2.567639 -1.885739
-2.382365 -1.676183 2.582503 -1.875325
-2.372248 -1.683488 2.597367 -1.864823
-2.362073 -1.690752 2.612228 -1.854230
-2.351840 -1.697974 2.627089 -1.843548
-2.341549 -1.705155 2.641947 -1.832774
-2.331200 -1.712293 2.656804 -1.821908
-2.320793 -1.719388 2.671658 -1.810951
-2.310328 -1.726441 2.686510 -1.799900
-2.299805 -1.733450 2.701360 -1.788755
-2.289223 -1.740415 2.716206 -1.777516
-2.278584 -1.747337 2.731050 -1.766183
-2.267887 -1.754213 2.745890 -1.754753
-2.257132 -1.761046 2.760727 -1.743227
-2.246319 -1.767832 2.775559 -1.731604
-2.235448 -1.774574 2.790388 -1.719884
-2.224519 -1.781269 2.805212 -1.708065
-2.213532 -1.787918 2.820032 -1.696146
-2.202488 -1.794520 2.834847 -1.684128
-2.191385 -1.801075 2.849657 -1.672009
-2.180225 -1.807582 2.864461 -1.659788
-2.169006 -1.814042 2.879259 -1.647466
-2.157730 -1.820453 2.894051 -1.635040
-2.146397 -1.826815 2.908837 -1.622510
-2.135005 -1.833129 2.923616 -1.609877
-2.123556 -1.839392 2.938388 -1.597137
-2.112049 -1.845606 2.953153 -1.584292
-2.100484 -1.851770 2.967910 -1.571340
-2.088862 -1.857882 2.982658 -1.558280
-2.077182 -1.863943 2.997399 -1.545111
-2.065445 -1.869953 3.012130 -1.531833
-2.053650 -1.875911 3.026852 -1.518445
-2.041798 -1.881816 3.041564 -1.504946
-2.029888 -1.887668 3.056267 -1.491335
-2.017921 -1.893467 3.070958 -1.477611
-2.005896 -1.899212 3.085639 -1.463773
-1.993814 -1.904902 3.100309 -1.449821
-1.981675 -1.910538 3.114967 -1.435753
-1.969478 -1.916119 3.129612 -1.421569
-1.957225 -1.921644 3.144245 -1.407268
-1.944914 -1.927113 3.158865 -1.392848
-1.932546 -1.932526 3.173471 -1.378309
-1.920121 -1.937881 3.188063 -1.363650
-1.907640 -1.943179 3.202640 -1.348870
-1.895101 -1.948419 3.217202 -1.333968
-1.882505 -1.953600 3.231748 -1.318942
-1.869853 -1.958723 3.246277 -1.303793
-1.857144 -1.963786 3.260790 -1.288519
-1.844378 -1.968789 3.275286 -1.273119
-1.831555 -1.973732 3.289763 -1.257591
-1.818677 -1.978614 3.304222 -1.241936
-1.805741 -1.983435 3.318661 -1.226151
-1.792750 -1.988193 3.333081 -1.210236
-1.779702 -1.992889 3.347480 -1.194190
-1.766597 -1.997523 3.361858 -1.178012
-1.753437 -2.002092 3.376214 -1.161700
-1.740221 -2.006598 3.390547 -1.145253
-1.726948 -2.011040 3.404857 -1.128671
-1.713620 -2.015416 3.419143 -1.111953
-1.700236 -2.019727 3.433404 -1.095096
-1.686797 -2.023971 3.447640 -1.078100
-1.673302 -2.028149 3.461849 -1.060964
-1.659751 -2.032260 3.476031 -1.043687
-1.646145 -2.036303 3.490186 -1.026267
-1.632484 -2.040277 3.504311 -1.008704
-1.618768 -2.044183 3.518407 -0.990995
-1.604997 -2.048019 3.532472 -0.973141
-1.591171 -2.051785 3.546507 -0.955139
-1.577290 -2.055481 3.560508 -0.936988
-1.563354 -2.059105 3.574477 -0.918688
-1.549364 -2.062658 3.588411 -0.900237
-1.535320 -2.066138 3.602310 -0.881633
-1.521221 -2.069546 3.616173 -0.862875
-1.507068 -2.072879 3.629999 -0.843963
-1.492862 -2.076139 3.643787 -0.824894
-1.478601 -2.079324 3.657535 -0.805667
-1.464287 -2.082433 3.671243 -0.786282
-1.449920 -2.085466 3.684909 -0.766736
-1.435499 -2.088423 3.698533 -0.747029
-1.421025 -2.091302 3.712112 -0.727158
-1.406498 -2.094104 3.725647 -0.707124
-1.391919 -2.096826 3.739136 -0.686923
-1.377286 -2.099470 3.752577 -0.666555
-1.362602 -2.102034 3.765969 -0.646019
-1.347865 -2.104517 3.779311 -0.625312
-1.333076 -2.106919 3.792601 -0.604434
-1.318235 -2.109239 3.805839 -0.583383
-1.303343 -2.111476 3.819023 -0.562158
-1.288399 -2.113630 3.832151 -0.540756
-1.273404 -2.115701 3.845221 -0.519177
-1.258358 -2.117686 3.858233 -0.497420
-1.243262 -2.119586 3.871185 -0.475481
-1.228115 -2.121401 3.884075 -0.453361
-1.212918 -2.123128 3.896902 -0.431058
-1.197670 -2.124768 3.909664 -0.408569
-1.182373 -2.126320 3.922359 -0.385893
-1.167027 -2.127783 3.934986 -0.363030
-1.151631 -2.129156 3.947542 -0.339976
-1.136187 -2.130438 3.960027 -0.316731
-1.120694 -2.131630 3.972438 -0.293294
-1.105152 -2.132729 3.984773 -0.269661
-1.089563 -2.133736 3.997031 -0.245832
-1.073926 -2.134650 4.009209 -0.221806
-1.058241 -2.135469 4.021305 -0.197580
-1.042509 -2.136193 4.033318 -0.173152
-1.026731 -2.136821 4.045245 -0.148522
-1.010906 -2.137353 4.057085 -0.123687
-0.995035 -2.137788 4.068834 -0.098646
-0.979118 -2.138124 4.080491 -0.073398
-0.963156 -2.138361 4.092054 -0.047939
-0.947149 -2.138498 4.103519 -0.022269
-0.931098 -2.138534 4.114885 0.003614
-0.915002 -2.138469 4.126150 0.029711
-0.898862 -2.138302 4.137310 0.056025
-0.882679 -2.138031 4.148363 0.082557
-0.866453 -2.137657 4.159307 0.109310
-0.850185 -2.137177 4.170139 0.136284
-0.833874 -2.136592 4.180856 0.163481
-0.817522 -2.135900 4.191455 0.190904
-0.801129 -2.135100 4.201934 0.218553
-0.784695 -2.134192 4.212289 0.246431
-0.768220 -2.133174 4.222518 0.274540
-0.751706 -2.132047 4.232617 0.302881
-0.735153 -2.130808 4.242584 0.331456
-0.718561 -2.129457 4.252414 0.360266
-0.701931 -2.127993 4.262106 0.389314
-0.685264 -2.126415 4.271655 0.418602
-0.668559 -2.124722 4.281059 0.448130
-0.651818 -2.122914 4.290313 0.477901
-0.635041 -2.120988 4.299414 0.507916
-0.618229 -2.118945 4.308359 0.538177
-0.601383 -2.116784 4.317143 0.568687
-0.584502 -2.114502 4.325764 0.599445
-0.567588 -2.112100 4.334216 0.630456
-0.550641 -2.109576 4.342497 0.661719
-0.533662 -2.106930 4.350602 0.693236
-0.516652 -2.104160 4.358526 0.725010
-0.499611 -2.101266 4.366267 0.757042
-0.482541 -2.098245 4.373819 0.789333
-0.465441 -2.095099 4.381178 0.821886
-0.448313 -2.091824 4.388339 0.854701
-0.431158 -2.088421 4.395298 0.887780
-0.413975 -2.084888 4.402051 0.921125
-0.396767 -2.081224 4.408591 0.954737
-0.379533 -2.077429 4.414916 0.988618
-0.362276 -2.073500 4.421019 1.022769
-0.344994 -2.069438 4.426895 1.057191
-0.327691 -2.065241 4.432539 1.091887
-0.310366 -2.060907 4.437947 1.126856
-0.293020 -2.056437 4.443112 1.162101
-0.275654 -2.051828 4.448028 1.197623
-0.258270 -2.047080 4.452691 1.233422
-0.240868 -2.042192 4.457095 1.269501
-0.223449 -2.037162 4.461233 1.305859
-0.206015 -2.031989 4.465100 1.342498
-0.188566 -2.026673 4.468689 1.379420
-0.171103 -2.021212 4.471994 1.416624
-0.153629 -2.015605 4.475010 1.454112
-0.136143 -2.009851 4.477728 1.491885
-0.118647 -2.003949 4.480144 1.529942
-0.101142 -1.997898 4.482250 1.568285
-0.083630 -1.991697 4.484038 1.606915
-0.066111 -1.985344 4.485503 1.645831
-0.048587 -1.978838 4.486637 1.685034
-0.031060 -1.972179 4.487433 1.724524
-0.013530 -1.965365 4.487883 1.764301
0.004002 -1.958395 4.487980 1.804366
0.021532 -1.951268 4.487716 1.844718
0.039061 -1.943983 4.487084 1.885357
0.056587 -1.936539 4.486075 1.926282
0.074108 -1.928934 4.484681 1.967494
0.091623 -1.921167 4.482894 2.008992
0.109130 -1.913238 4.480706 2.050774
0.126628 -1.905145 4.478109 2.092840
0.144115 -1.896887 4.475093 2.135189
0.161589 -1.888464 4.471649 2.177819
0.179049 -1.879873 4.467770 2.220730
0.196493 -1.871114 4.463446 2.263920
0.213919 -1.862185 4.458667 2.307387
0.231326 -1.853087 4.453424 2.351129
0.248711 -1.843817 4.447709 2.395144
0.266073 -1.834375 4.441510 2.439430
0.283410 -1.824759 4.434819 2.483983
0.300719 -1.814968 4.427626 2.528803
0.318000 -1.805002 4.419920 2.573884
0.335249 -1.794859 4.411692 2.619225
0.352466 -1.784539 4.402931 2.664822
0.369647 -1.774040 4.393627 2.710671
0.386790 -1.763361 4.383769 2.756767
0.403894 -1.752502 4.373347 2.803108
0.420956 -1.741462 4.362350 2.849688
0.437974 -1.730239 4.350767 2.896502
0.454946 -1.718833 4.338588 2.943546
0.471869 -1.707242 4.325800 2.990814
0.488740 -1.695467 4.312394 3.038299
0.505558 -1.683505 4.298358 3.085997
0.522320 -1.671357 4.283681 3.133900
0.539024 -1.659021 4.268351 3.182003
0.555666 -1.646497 4.252356 3.230296
0.572244 -1.633784 4.235687 3.278775
0.588756 -1.620882 4.218330 3.327429
0.605199 -1.607789 4.200275 3.376251
0.621570 -1.594505 4.181510 3.425233
0.637866 -1.581029 4.162024 3.474365
0.654085 -1.567361 4.141804 3.523637
0.670223 -1.553500 4.120840 3.573040
0.686278 -1.539446 4.099119 3.622564
0.702246 -1.525199 4.076631 3.672197
0.718126 -1.510757 4.053363 3.721928
0.733912 -1.496121 4.029305 3.771745
0.749604 -1.481290 4.004446 3.821636
0.765196 -1.466265 3.978774 3.871589
0.780687 -1.451043 3.952278 3.921590
0.796072 -1.435627 3.924947 3.971625
0.811349 -1.420015 3.896770 4.021680
0.826515 -1.404208 3.867738 4.071740
0.841565 -1.388205 3.837839 4.121791
0.856496 -1.372006 3.807063 4.171815
0.871306 -1.355612 3.775401 4.221797
0.885991 -1.339024 3.742843 4.271720
0.900546 -1.322240 3.709380 4.321567
0.914969 -1.305261 3.675002 4.371318
0.929256 -1.288089 3.639702 4.420957
0.943403 -1.270723 3.603470 4.470463
0.957407 -1.253164 3.566298 4.519818
0.971263 -1.235412 3.528180 4.569001
0.984969 -1.217469 3.489108 4.617991
0.998521 -1.199334 3.449076 4.666768
1.011914 -1.181010 3.408078 4.715308
1.025145 -1.162496 3.366107 4.763591
1.038210 -1.143795 3.323160 4.811594
1.051106 -1.124906 3.279232 4.859292
1.063828 -1.105832 3.234319 4.906663
1.076373 -1.086573 3.188418 4.953683
1.088736 -1.067132 3.141527 5.000325
1.100915 -1.047509 3.093645 5.046567
1.112904 -1.027706 3.044769 5.092381
1.124701 -1.007725 2.994901 5.137742
1.136301 -0.987568 2.944041 5.182624
1.147700 -0.967236 2.892191 5.227001
1.158895 -0.946733 2.839352 5.270844
1.169881 -0.926059 2.785529 5.314127
1.180655 -0.905217 2.730725 5.356823
1.191213 -0.884209 2.674946 5.398904
1.201552 -0.863039 2.618199 5.440341
1.211667 -0.841708 2.560489 5.481108
1.221555 -0.820218 2.501826 5.521175
1.231211 -0.798574 2.442218 5.560514
1.240633 -0.776778 2.381676 5.599097
1.249817 -0.754832 2.320212 5.636897
1.258759 -0.732741 2.257838 5.673884
1.267455 -0.710506 2.194566 5.710030
1.275903 -0.688132 2.130413 5.745308
1.284098 -0.665622 2.065394 5.779690
1.292037 -0.642980 1.999526 5.813149
1.299718 -0.620208 1.932826 5.845657
1.307136 -0.597312 1.865315 5.877187
1.314290 -0.574294 1.797012 5.907713
1.321175 -0.551159 1.727938 5.937210
1.327788 -0.527911 1.658117 5.965651
1.334128 -0.504554 1.587572 5.993012
1.340190 -0.481092 1.516328 6.019270
1.345973 -0.457530 1.444410 6.044399
1.351474 -0.433872 1.371845 6.068379
1.356690 -0.410122 1.298661 6.091186
1.361619 -0.386286 1.224887 6.112800
1.366259 -0.362367 1.150552 6.133200
1.370607 -0.338372 1.075687 6.152368
1.374662 -0.314304 1.000323 6.170285
1.378421 -0.290168 0.924494 6.186934
1.381884 -0.265970 0.848231 6.202299
1.385048 -0.241714 0.771569 6.216364
1.387911 -0.217406 0.694542 6.229118
1.390473 -0.193051 0.617185 6.240545
1.392733 -0.168654 0.539534 6.250637
1.394688 -0.144220 0.461625 6.259381
1.396339 -0.119754 0.383495 6.266771
1.397684 -0.095262 0.305181 6.272797
1.398723 -0.070750 0.226720 6.277455
1.399455 -0.046221 0.148149 6.280739
1.399880 -0.021683 0.069507 6.282647
1.399998 0.002860 -0.009168 6.283176
1.399808 0.027402 -0.087839 6.282326
1.399312 0.051939 -0.166468 6.280097
1.398508 0.076464 -0.245016 6.276492
1.397398 0.100972 -0.323447 6.271515
1.395981 0.125458 -0.401721 6.265170
1.394259 0.149917 -0.479803 6.257464
1.392233 0.174343 -0.557655 6.248405
1.389903 0.198731 -0.635241 6.238001
1.387271 0.223076 -0.712524 6.226263
1.384337 0.247372 -0.789469 6.213203
1.381103 0.271615 -0.866041 6.198833
1.377572 0.295799 -0.942206 6.183168
1.373743 0.319919 -1.017930 6.166222
1.369620 0.343971 -1.093180 6.148012
1.365203 0.367949 -1.167924 6.128555
1.360496 0.391848 -1.242131 6.107870
1.355500 0.415665 -1.315770 6.085976
1.350217 0.439393 -1.388813 6.062894
1.344651 0.463030 -1.461229 6.038645
1.338802 0.486569 -1.532993 6.013250
1.332675 0.510007 -1.604076 5.986734
1.326271 0.533339 -1.674455 5.959118
1.319594 0.556561 -1.744104 5.930429
1.312646 0.579669 -1.812999 5.900690
1.305431 0.602659 -1.881120 5.869927
1.297951 0.625526 -1.948444 5.838167
1.290210 0.648268 -2.014951 5.805435
1.282211 0.670880 -2.080623 5.771759
1.273956 0.693359 -2.145442 5.737166
1.265450 0.715701 -2.209391 5.701683
1.256697 0.737902 -2.272455 5.665338
1.247698 0.759960 -2.334618 5.628159
1.238459 0.781871 -2.395869 5.590175
1.228982 0.803632 -2.456194 5.551412
1.219271 0.825240 -2.515582 5.511901
1.209330 0.846693 -2.574024 5.471669
1.199162 0.867987 -2.631510 5.430743
1.188772 0.889120 -2.688033 5.389153
1.178163 0.910089 -2.743585 5.346927
1.167339 0.930892 -2.798160 5.304092
1.156304 0.951526 -2.851754 5.260675
1.145061 0.971990 -2.904363 5.216705
1.133615 0.992281 -2.955983 5.172209
1.121969 1.012397 -3.006612 5.127213
1.110127 1.032337 -3.056248 5.081743
1.098093 1.052098 -3.104892 5.035827
1.085871 1.071679 -3.152544 4.989490
1.073465 1.091078 -3.199204 4.942757
1.060879 1.110294 -3.244874 4.895654
1.048116 1.129325 -3.289557 4.848205
1.035181 1.148170 -3.333257 4.800433
1.022076 1.166828 -3.375976 4.752363
1.008807 1.185297 -3.417719 4.704018
0.995377 1.203577 -3.458492 4.655420
0.981789 1.221667 -3.498300 4.606592
0.968047 1.239566 -3.537148 4.557555
0.954156 1.257273 -3.575045 4.508331
0.940119 1.274787 -3.611997 4.458939
0.925939 1.292108 -3.648011 4.409400
0.911620 1.309236 -3.683096 4.359733
0.897166 1.326169 -3.717260 4.309958
0.882580 1.342907 -3.750512 4.260092
0.867866 1.359450 -3.782860 4.210153
0.853027 1.375799 -3.814314 4.160160
0.838068 1.391952 -3.844885 4.110128
0.822990 1.407909 -3.874581 4.060074
0.807799 1.423671 -3.903413 4.010014
0.792496 1.439237 -3.931391 3.959962
0.777086 1.454608 -3.958527 3.909934
0.761571 1.469784 -3.984830 3.859943
0.745955 1.484764 -4.010312 3.810003
0.730242 1.499549 -4.034983 3.760128
0.714433 1.514140 -4.058856 3.710330
0.698533 1.528537 -4.081941 3.660621
0.682544 1.542739 -4.104249 3.611012
0.666469 1.556748 -4.125792 3.561516
0.650312 1.570563 -4.146582 3.512142
0.634075 1.584186 -4.166630 3.462902
0.617761 1.597618 -4.185948 3.413804
0.601373 1.610857 -4.204546 3.364859
0.584914 1.623906 -4.222437 3.316075
0.568387 1.636764 -4.239633 3.267461
0.551793 1.649433 -4.256144 3.219025
0.535136 1.661913 -4.271982 3.170775
0.518419 1.674205 -4.287159 3.122718
0.501644 1.686309 -4.301686 3.074862
0.484813 1.698228 -4.315574 3.027213
0.467929 1.709960 -4.328835 2.979778
0.450995 1.721507 -4.341480 2.932562
0.434012 1.732871 -4.353519 2.885571
0.416984 1.744051 -4.364965 2.838811
0.399912 1.755049 -4.375827 2.792287
0.382798 1.765866 -4.386116 2.746003
0.365646 1.776503 -4.395844 2.699963
0.348456 1.786960 -4.405021 2.654173
0.331232 1.797239 -4.413657 2.608636
0.313975 1.807340 -4.421762 2.563355
0.296688 1.817265 -4.429348 2.518334
0.279372 1.827015 -4.436423 2.473576
0.262029 1.836591 -4.442998 2.429085
0.244661 1.845993 -4.449083 2.384862
0.227271 1.855223 -4.454688 2.340910
0.209860 1.864281 -4.459822 2.297232
0.192429 1.873170 -4.464494 2.253830
0.174982 1.881890 -4.468714 2.210705
0.157518 1.890442 -4.472491 2.167859
0.140041 1.898827 -4.475833 2.125294
0.122551 1.907046 -4.478751 2.083011
0.105051 1.915100 -4.481253 2.041011
0.087542 1.922992 -4.483346 1.999295
0.070025 1.930720 -4.485041 1.957864
0.052503 1.938288 -4.486344 1.916719
0.034976 1.945695 -4.487265 1.875860
0.017447 1.952943 -4.487810 1.835288
-0.000084 1.960034 -4.487990 1.795003
-0.017615 1.966967 -4.487810 1.755005
-0.035145 1.973745 -4.487278 1.715295
-0.052671 1.980368 -4.486403 1.675872
-0.070194 1.986838 -4.485191 1.636736
-0.087712 1.993156 -4.483650 1.597886
-0.105222 1.999322 -4.481787 1.559324
-0.122725 2.005338 -4.479609 1.521047
-0.140219 2.011206 -4.477122 1.483056
-0.157702 2.016925 -4.474333 1.445350
-0.175174 2.022498 -4.471250 1.407928
-0.192634 2.027925 -4.467878 1.370790
-0.210079 2.033207 -4.464223 1.333934
-0.227510 2.038347 -4.460293 1.297360
-0.244925 2.043343 -4.456092 1.261067
-0.262323 2.048199 -4.451628 1.225054
-0.279703 2.052914 -4.446905 1.189320
-0.297064 2.057491 -4.441930 1.153863
-0.314405 2.061929 -4.436708 1.118682
-0.331725 2.066231 -4.431245 1.083777
-0.349024 2.070397 -4.425546 1.049145
-0.366300 2.074428 -4.419617 1.014786
-0.383552 2.078325 -4.413462 0.980698
-0.400780 2.082090 -4.407086 0.946880
-0.417982 2.085723 -4.400496 0.913330
-0.435158 2.089226 -4.393695 0.880047
-0.452307 2.092599 -4.386688 0.847030
-0.469429 2.095843 -4.379480 0.814276
-0.486522 2.098961 -4.372076 0.781784
-0.503585 2.101951 -4.364480 0.749554
-0.520619 2.104817 -4.356696 0.717582
-0.537622 2.107558 -4.348729 0.685868
-0.554593 2.110175 -4.340583 0.654410
-0.571533 2.112671 -4.332262 0.623206
-0.588439 2.115045 -4.323769 0.592255
-0.605312 2.117298 -4.315110 0.561554
-0.622150 2.119432 -4.306288 0.531103
-0.638954 2.121448 -4.297307 0.500899
-0.655723 2.123346 -4.288170 0.470941
-0.672456 2.125127 -4.278880 0.441227
-0.689152 2.126793 -4.269443 0.411755
-0.705810 2.128344 -4.259860 0.382523
-0.722432 2.129782 -4.250136 0.353531
-0.739014 2.131107 -4.240273 0.324775
-0.755558 2.132319 -4.230275 0.296255
-0.772063 2.133421 -4.220145 0.267969
-0.788528 2.134413 -4.209887 0.239914
-0.804953 2.135296 -4.199503 0.212089
-0.821337 2.136070 -4.188996 0.184493
-0.837679 2.136738 -4.178369 0.157123
-0.853980 2.137298 -4.167625 0.129977
-0.870239 2.137753 -4.156767 0.103055
-0.886455 2.138104 -4.145797 0.076354
-0.902628 2.138350 -4.134719 0.049873
-0.918757 2.138494 -4.123534 0.023610
-0.934842 2.138535 -4.112246 -0.002438
-0.950884 2.138475 -4.100856 -0.028271
-0.966880 2.138314 -4.089368 -0.053891
-0.982832 2.138054 -4.077783 -0.079301
-0.998738 2.137695 -4.066104 -0.104501
-1.014598 2.137238 -4.054334 -0.129494
-1.030412 2.136684 -4.042474 -0.154280
-1.046180 2.136033 -4.030526 -0.178863
-1.061901 2.135287 -4.018494 -0.203244
-1.077574 2.134445 -4.006378 -0.227423
-1.093200 2.133510 -3.994181 -0.251403
-1.108779 2.132481 -3.981905 -0.275186
-1.124309 2.131360 -3.969552 -0.298773
-1.139791 2.130148 -3.957124 -0.322166
-1.155224 2.128844 -3.944622 -0.345366
-1.170608 2.127450 -3.932049 -0.368375
-1.185943 2.125966 -3.919406 -0.391195
-1.201228 2.124394 -3.906696 -0.413826
-1.216464 2.122733 -3.893919 -0.436272
-1.231649 2.120986 -3.881077 -0.458533
-1.246785 2.119151 -3.868172 -0.480610
-1.261869 2.117231 -3.855206 -0.502506
-1.276903 2.115226 -3.842180 -0.524222
-1.291886 2.113136 -3.829096 -0.545760
-1.306818 2.110962 -3.815955 -0.567120
-1.321698 2.108705 -3.802759 -0.588305
-1.336527 2.106366 -3.789509 -0.609315
-1.351304 2.103945 -3.776206 -0.630153
-1.366029 2.101443 -3.762852 -0.650820
-1.380701 2.098861 -3.749449 -0.671317
-1.395321 2.096199 -3.735996 -0.691646
-1.409888 2.093458 -3.722497 -0.711808
-1.424403 2.090638 -3.708952 -0.731804
-1.438865 2.087741 -3.695362 -0.751636
-1.453273 2.084766 -3.681728 -0.771306
-1.467628 2.081715 -3.668052 -0.790814
-1.481930 2.078588 -3.654334 -0.810162
-1.496177 2.075386 -3.640577 -0.829352
-1.510372 2.072109 -3.626780 -0.848384
-1.524512 2.068758 -3.612946 -0.867260
-1.538598 2.065334 -3.599074 -0.885982
-1.552629 2.061837 -3.585167 -0.904550
-1.566607 2.058267 -3.571224 -0.922966
-1.580530 2.054626 -3.557248 -0.941232
-1.594398 2.050914 -3.543239 -0.959348
-1.608211 2.047131 -3.529197 -0.977315
-1.621969 2.043279 -3.515125 -0.995135
-1.635673 2.039357 -3.501022 -1.012810
-1.649321 2.035367 -3.486889 -1.030340
-1.662914 2.031308 -3.472729 -1.047726
-1.676452 2.027181 -3.458540 -1.064970
-1.689934 2.022988 -3.444324 -1.082074
-1.703361 2.018728 -3.430083 -1.099037
-1.716732 2.014402 -3.415816 -1.115861
-1.730047 2.010010 -3.401524 -1.132548
-1.743306 2.005554 -3.387209 -1.149098
-1.756509 2.001033 -3.372870 -1.165513
-1.769656 1.996449 -3.358509 -1.181794
-1.782747 1.991801 -3.344126 -1.197941
-1.795782 1.987090 -3.329722 -1.213957
-1.808761 1.982317 -3.315298 -1.229841
-1.821683 1.977482 -3.300854 -1.245596
-1.834549 1.972586 -3.286391 -1.261221
-1.847358 1.967629 -3.271909 -1.276719
-1.860111 1.962611 -3.257410 -1.292090
-1.872806 1.957534 -3.242893 -1.307335
-1.885446 1.952398 -3.228359 -1.322455
-1.898028 1.947203 -3.213809 -1.337452
-1.910554 1.941949 -3.199244 -1.352325
-1.923022 1.936638 -3.184663 -1.367077
-1.935434 1.931269 -3.170068 -1.381708
-1.947788 1.925844 -3.155459 -1.396219
-1.960086 1.920361 -3.140836 -1.410611
-1.972326 1.914823 -3.126200 -1.424885
-1.984509 1.909230 -3.111552 -1.439042
-1.996635 1.903581 -3.096891 -1.453083
-2.008704 1.897878 -3.082219 -1.467008
-2.020715 1.892120 -3.067536 -1.480819
-2.032669 1.886309 -3.052841 -1.494517
-2.044565 1.880444 -3.038136 -1.508102
-2.056404 1.874527 -3.023422 -1.521575
-2.068186 1.868557 -3.008698 -1.534938
-2.079910 1.862535 -2.993964 -1.548190
-2.091576 1.856462 -2.979222 -1.561333
-2.103185 1.850338 -2.964471 -1.574368
-2.114736 1.844162 -2.949713 -1.587295
-2.126229 1.837937 -2.934946 -1.600116
-2.137665 1.831662 -2.920173 -1.612830
-2.149043 1.825337 -2.905392 -1.625440
-2.160363 1.818963 -2.890605 -1.637945
-2.171626 1.812541 -2.875811 -1.650347
-2.182831 1.806070 -2.861011 -1.662645
-2.193978 1.799551 -2.846206 -1.674842
-2.205067 1.792985 -2.831395 -1.686938
-2.216098 1.786372 -2.816579 -1.698933
-2.227071 1.779713 -2.801758 -1.710828
-2.237987 1.773007 -2.786933 -1.722624
-2.248844 1.766255 -2.772103 -1.734322
-2.259644 1.759457 -2.757269 -1.745922
-2.270385 1.752615 -2.742432 -1.757425
-2.281069 1.745728 -2.727591 -1.768833
-2.291695 1.738796 -2.712747 -1.780144
-2.302262 1.731820 -2.697899 -1.791361
-2.312772 1.724801 -2.683049 -1.802484
-2.323224 1.717739 -2.668197 -1.813513
-2.333617 1.710633 -2.653342 -1.824449
-2.343953 1.703485 -2.638485 -1.835293
-2.354230 1.696295 -2.623626 -1.846045
-2.364450 1.689063 -2.608765 -1.856707
-2.374611 1.681790 -2.593903 -1.867278
-2.384715 1.674475 -2.579039 -1.877760
-2.394760 1.667120 -2.564175 -1.888153
-2.404747 1.659724 -2.549309 -1.898457
-2.414677 1.652288 -2.534443 -1.908674
-2.424548 1.644813 -2.519576 -1.918803
-2.434361 1.637298 -2.504709 -1.928846
-2.444116 1.629744 -2.489841 -1.938802
-2.453813 1.622151 -2.474973 -1.948674
-2.463451 1.614520 -2.460106 -1.958460
-2.473032 1.606850 -2.445238 -1.968162
-2.482555 1.599143 -2.430371 -1.977780
-2.492019 1.591399 -2.415505 -1.987315
-2.501426 1.583618 -2.400639 -1.996767
-2.510774 1.575799 -2.385773 -2.006137
-2.520065 1.567945 -2.370909 -2.015426
-2.529297 1.560054 -2.356046 -2.024634
-2.538471 1.552128 -2.341184 -2.033761
-2.547588 1.544165 -2.326323 -2.042808
-2.556646 1.536168 -2.311464 -2.051775
-2.565646 1.528136 -2.296606 -2.060664
-2.574588 1.520069 -2.281750 -2.069473
-2.583472 1.511968 -2.266895 -2.078205
-2.592298 1.503833 -2.252042 -2.086860
-2.601066 1.495665 -2.237191 -2.095437
-2.609776 1.487463 -2.222343 -2.103938
-2.618428 1.479228 -2.207496 -2.112363
-2.627022 1.470960 -2.192651 -2.120712
-2.635558 1.462660 -2.177809 -2.128985
-2.644036 1.454328 -2.162969 -2.137184
-2.652457 1.445963 -2.148132 -2.145309
-2.660819 1.437567 -2.133297 -2.153360
-2.669123 1.429140 -2.118464 -2.161338
-2.677369 1.420682 -2.103635 -2.169243
-2.685558 1.412193 -2.088808 -2.177075
-2.693688 1.403674 -2.073984 -2.184835
-2.701761 1.395124 -2.059162 -2.192523
-2.709775 1.386545 -2.044344 -2.200140
-2.717732 1.377936 -2.029528 -2.207686
-2.725631 1.369297 -2.014716 -2.215162
-2.733472 1.360630 -1.999907 -2.222568
-2.741255 1.351934 -1.985101 -2.229904
-2.748981 1.343209 -1.970298 -2.237170
-2.756648 1.334456 -1.955498 -2.244368
-2.764258 1.325675 -1.940702 -2.251498
-2.771810 1.316866 -1.925908 -2.258559
-2.779304 1.308030 -1.911119 -2.265552
-2.786741 1.299167 -1.896332 -2.272478
-2.794119 1.290276 -1.881550 -2.279337
-2.801440 1.281359 -1.866770 -2.286130
-2.808703 1.272416 -1.851994 -2.292856
-2.815909 1.263446 -1.837222 -2.299516
-2.823057 1.254451 -1.822453 -2.306111
-2.830147 1.245430 -1.807688 -2.312640
-2.837179 1.236384 -1.792926 -2.319104
-2.844154 1.227312 -1.778168 -2.325504
-2.851071 1.218216 -1.763414 -2.331839
-2.857931 1.209095 -1.748664 -2.338111
-2.864733 1.199949 -1.733917 -2.344319
-2.871477 1.190780 -1.719174 -2.350464
-2.878164 1.181586 -1.704434 -2.356545
-2.884793 1.172369 -1.689699 -2.362564
-2.891364 1.163129 -1.674967 -2.368521
-2.897879 1.153865 -1.660239 -2.374415
-2.904335 1.144579 -1.645514 -2.380248
-2.910734 1.135270 -1.630794 -2.386019
-2.917076 1.125938 -1.616077 -2.391730
-2.923360 1.116585 -1.601364 -2.397379
-2.929586 1.107209 -1.586655 -2.402967
-2.935755 1.097811 -1.571950 -2.408496
-2.941867 1.088393 -1.557248 -2.413964
-2.947922 1.078952 -1.542551 -2.419373
-2.953918 1.069491 -1.527857 -2.424722
-2.959858 1.060009 -1.513167 -2.430011
-2.965740 1.050507 -1.498481 -2.435242
-2.971565 1.040984 -1.483798 -2.440414
-2.977332 1.031441 -1.469120 -2.445528
-2.983042 1.021878 -1.454445 -2.450583
-2.988695 1.012296 -1.439774 -2.455581
-2.994291 1.002694 -1.425106 -2.460521
-2.999829 0.993073 -1.410443 -2.465403
-3.005310 0.983433 -1.395783 -2.470228
-3.010733 0.973775 -1.381127 -2.474996
-3.016100 0.964098 -1.366475 -2.479707
-3.021409 0.954402 -1.351826 -2.484362
-3.026661 0.944689 -1.337181 -2.488961
-3.031856 0.934957 -1.322540 -2.493503
-3.036993 0.925208 -1.307902 -2.497990
-3.042074 0.915442 -1.293268 -2.502421
-3.047097 0.905658 -1.278638 -2.506796
-3.052063 0.895857 -1.264011 -2.511116
-3.056972 0.886040 -1.249388 -2.515382
-3.061824 0.876206 -1.234769 -2.519592
-3.066619 0.866356 -1.220153 -2.523748
-3.071356 0.856489 -1.205540 -2.527850
-3.076037 0.846607 -1.190931 -2.531897
-3.080660 0.836709 -1.176325 -2.535890
-3.085227 0.826795 -1.161723 -2.539830
-3.089736 0.816867 -1.147125 -2.543716
-3.094189 0.806923 -1.132529 -2.547548
-3.098584 0.796964 -1.117937 -2.551328
-3.102923 0.786991 -1.103349 -2.555054
-3.107204 0.777003 -1.088763 -2.558727
-3.111429 0.767001 -1.074181 -2.562348
-3.115596 0.756984 -1.059603 -2.565916
-3.119707 0.746954 -1.045027 -2.569431
-3.123760 0.736911 -1.030455 -2.572895
-3.127757 0.726854 -1.015885 -2.576306
-3.131697 0.716784 -1.001319 -2.579665
-3.135580 0.706700 -0.986756 -2.582973
-3.139406 0.696604 -0.972196 -2.586229
-3.143175 0.686495 -0.957639 -2.589434
-3.146888 0.676374 -0.943085 -2.592587
-3.150543 0.666241 -0.928534 -2.595690
-3.154142 0.656095 -0.913986 -2.598741
-3.157684 0.645938 -0.899441 -2.601741
-3.161169 0.635769 -0.884899 -2.604691
-3.164597 0.625589 -0.870359 -2.607590
-3.167968 0.615398 -0.855822 -2.610439
-3.171283 0.605195 -0.841288 -2.613238
-3.174541 0.594982 -0.826757 -2.615986
-3.177742 0.584758 -0.812228 -2.618684
-3.180887 0.574523 -0.797702 -2.621332
-3.183974 0.564279 -0.783178 -2.623931
-3.187005 0.554024 -0.768657 -2.626480
-3.189979 0.543759 -0.754139 -2.628979
-3.192897 0.533485 -0.739623 -2.631429
-3.195758 0.523201 -0.725109 -2.633830
-3.198562 0.512908 -0.710598 -2.636181
-3.201309 0.502606 -0.696089 -2.638483
-3.204000 0.492295 -0.681582 -2.640737
-3.206634 0.481976 -0.667078 -2.642941
-3.209211 0.471647 -0.652575 -2.645096
-3.211732 0.461311 -0.638075 -2.647203
-3.214196 0.450966 -0.623577 -2.649262
-3.216604 0.440614 -0.609082 -2.651271
-3.218955 0.430253 -0.594588 -2.653233
-3.221249 0.419885 -0.580096 -2.655146
-3.223487 0.409510 -0.565606 -2.657010
-3.225668 0.399128 -0.551118 -2.658827
-3.227793 0.388738 -0.536632 -2.660596
-3.229860 0.378342 -0.522147 -2.662316
-3.231872 0.367939 -0.507665 -2.663989
-3.233827 0.357529 -0.493184 -2.665614
-3.235725 0.347114 -0.478704 -2.667191
-3.237566 0.336692 -0.464227 -2.668720
-3.239352 0.326264 -0.449751 -2.670202
-3.241080 0.315831 -0.435276 -2.671636
-3.242752 0.305392 -0.420803 -2.673023
-3.244368 0.294948 -0.406331 -2.674362
-3.245927 0.284499 -0.391861 -2.675654
-3.247429 0.274045 -0.377392 -2.676898
-3.248875 0.263586 -0.362924 -2.678096
-3.250264 0.253122 -0.348458 -2.679246
-3.251597 0.242654 -0.333993 -2.680349
-3.252874 0.232182 -0.319528 -2.681405
-3.254094 0.221706 -0.305065 -2.682413
-3.255257 0.211226 -0.290604 -2.683375
-3.256364 0.200742 -0.276143 -2.684290
-3.257414 0.190255 -0.261683 -2.685158
-3.258408 0.179764 -0.247223 -2.685979
-3.259346 0.169271 -0.232765 -2.686754
-3.260227 0.158774 -0.218308 -2.687481
-3.261051 0.148275 -0.203851 -2.688162
-3.261819 0.137773 -0.189395 -2.688796
-3.262531 0.127268 -0.174940 -2.689383
-3.263186 0.116762 -0.160485 -2.689923
-3.263785 0.106254 -0.146031 -2.690417
-3.264327 0.095743 -0.131577 -2.690865
-3.264813 0.085231 -0.117124 -2.691265
-3.265242 0.074718 -0.102671 -2.691619
-3.265615 0.064203 -0.088218 -2.691927
-3.265931 0.053687 -0.073766 -2.692187
-3.266191 0.043170 -0.059314 -2.692402
-3.266395 0.032653 -0.044862 -2.692569
-3.266542 0.022135 -0.030411 -2.692691
-3.266632 0.011616 -0.015959 -2.692765
-3.266666 0.001098 -0.001508 -2.692793
-3.266644 -0.009421 0.012944 -2.692775
-3.266565 -0.019940 0.027395 -2.692710
-3.266430 -0.030458 0.041847 -2.692599
-3.266238 -0.040976 0.056298 -2.692441
-3.265990 -0.051493 0.070750 -2.692236
-3.265686 -0.062009 0.085202 -2.691985
-3.265325 -0.072524 0.099655 -2.691687
-3.264907 -0.083037 0.114107 -2.691343
-3.264433 -0.093550 0.128561 -2.690952
-3.263903 -0.104060 0.143014 -2.690514
-3.263316 -0.114569 0.157468 -2.690030
-3.262672 -0.125076 0.171923 -2.689500
-3.261973 -0.135581 0.186378 -2.688922
-3.261216 -0.146083 0.200834 -2.688298
-3.260404 -0.156583 0.215291 -2.687627
-3.259534 -0.167080 0.229748 -2.686909
-3.258609 -0.177575 0.244206 -2.686145
-3.257627 -0.188066 0.258665 -2.685333
-3.256588 -0.198554 0.273125 -2.684475
-3.255493 -0.209038 0.287586 -2.683570
-3.254341 -0.219519 0.302047 -2.682618
-3.253133 -0.229996 0.316510 -2.681619
-3.251868 -0.240469 0.330974 -2.680573
-3.250547 -0.250938 0.345439 -2.679480
-3.249170 -0.261402 0.359905 -2.678339
-3.247735 -0.271862 0.374373 -2.677152
-3.246245 -0.282318 0.388841 -2.675917
-3.244698 -0.292768 0.403311 -2.674635
-3.243094 -0.303213 0.417783 -2.673306
-3.241434 -0.313653 0.432256 -2.671929
-3.239717 -0.324088 0.446730 -2.670505
-3.237944 -0.334516 0.461206 -2.669033
-3.236114 -0.344939 0.475683 -2.667514
-3.234227 -0.355356 0.490162 -2.665947
-3.232284 -0.365767 0.504642 -2.664332
-3.230285 -0.376171 0.519125 -2.662669
-3.228229 -0.386569 0.533609 -2.660959
-3.226116 -0.396960 0.548095 -2.659200
-3.223947 -0.407344 0.562582 -2.657393
-3.221721 -0.417721 0.577072 -2.655539
-3.219438 -0.428090 0.591563 -2.653636
-3.217099 -0.438452 0.606057 -2.651685
-3.214704 -0.448807 0.620552 -2.649685
-3.212251 -0.459153 0.635050 -2.647637
-3.209742 -0.469491 0.649549 -2.645540
-3.207177 -0.479821 0.664051 -2.643395
-3.204554 -0.490143 0.678555 -2.641201
-3.201875 -0.500455 0.693061 -2.638958
-3.199140 -0.510759 0.707570 -2.636666
-3.196347 -0.521054 0.722081 -2.634324
-3.193499 -0.531340 0.736594 -2.631934
-3.190593 -0.541616 0.751109 -2.629495
-3.187630 -0.551883 0.765627 -2.627006
-3.184611 -0.562140 0.780148 -2.624467
-3.181536 -0.572386 0.794671 -2.621879
-3.178403 -0.582623 0.809196 -2.619241
-3.175214 -0.592849 0.823725 -2.616553
-3.171968 -0.603065 0.838255 -2.613815
-3.168665 -0.613270 0.852789 -2.611027
-3.165305 -0.623463 0.867325 -2.608189
-3.161889 -0.633646 0.881864 -2.605300
-3.158416 -0.643817 0.896406 -2.602361
-3.154886 -0.653977 0.910951 -2.599371
-3.151299 -0.664125 0.925498 -2.596330
-3.147655 -0.674261 0.940048 -2.593239
-3.143955 -0.684384 0.954602 -2.590096
-3.140197 -0.694496 0.969158 -2.586902
-3.136383 -0.704594 0.983717 -2.583657
-3.132512 -0.714680 0.998280 -2.580360
-3.128584 -0.724753 1.012845 -2.577011
-3.124599 -0.734813 1.027414 -2.573611
-3.120557 -0.744860 1.041986 -2.570158
-3.116459 -0.754893 1.056561 -2.566654
-3.112303 -0.764912 1.071139 -2.563096
-3.108090 -0.774917 1.085720 -2.559487
-3.103821 -0.784908 1.100305 -2.555825
-3.099494 -0.794884 1.114893 -2.552110
-3.095111 -0.804846 1.129484 -2.548341
-3.090670 -0.814793 1.144078 -2.544520
-3.086173 -0.824725 1.158676 -2.540645
-3.081618 -0.834642 1.173278 -2.536717
-3.077006 -0.844543 1.187883 -2.532735
-3.072338 -0.854428 1.202491 -2.528699
-3.067612 -0.864298 1.217103 -2.524609
-3.062829 -0.874152 1.231718 -2.520464
-3.057989 -0.883989 1.246337 -2.516265
-3.053092 -0.893810 1.260959 -2.512011
-3.048138 -0.903614 1.275585 -2.507702
-3.043127 -0.913401 1.290215 -2.503338
-3.038058 -0.923172 1.304848 -2.498919
-3.032932 -0.932924 1.319485 -2.494444
-3.027750 -0.942659 1.334125 -2.489913
-3.022510 -0.952377 1.348770 -2.485326
-3.017212 -0.962076 1.363417 -2.480683
-3.011858 -0.971757 1.378069 -2.475984
-3.006446 -0.981419 1.392724 -2.471228
-3.000977 -0.991063 1.407383 -2.466414
-2.995451 -1.000688 1.422046 -2.461544
-2.989867 -1.010294 1.436713 -2.456616
-2.984227 -1.019880 1.451383 -2.451631
-2.978529 -1.029447 1.466057 -2.446588
-2.972773 -1.038994 1.480735 -2.441486
-2.966960 -1.048521 1.495416 -2.436326
-2.961090 -1.058028 1.510102 -2.431108
-2.955163 -1.067514 1.524791 -2.425830
-2.949178 -1.076980 1.539484 -2.420494
-2.943135 -1.086424 1.554181 -2.415098
-2.937036 -1.095848 1.568882 -2.409642
-2.930878 -1.105250 1.583586 -2.404126
-2.924664 -1.114630 1.598294 -2.398550
-2.918392 -1.123988 1.613007 -2.392914
-2.912062 -1.133324 1.627722 -2.387216
-2.905675 -1.142638 1.642442 -2.381458
-2.899231 -1.151929 1.657166 -2.375638
-2.892729 -1.161198 1.671893 -2.369756
-2.886169 -1.170443 1.686624 -2.363812
-2.879552 -1.179665 1.701359 -2.357806
-2.872877 -1.188863 1.716098 -2.351738
-2.866145 -1.198038 1.730840 -2.345606
-2.859355 -1.207188 1.745586 -2.339412
-2.852507 -1.216314 1.760336 -2.333153
-2.845602 -1.225416 1.775089 -2.326831
-2.838640 -1.234493 1.789846 -2.320445
-2.831619 -1.243544 1.804607 -2.313994
-2.824541 -1.252571 1.819372 -2.307479
-2.817405 -1.261571 1.834140 -2.300898
-2.810212 -1.270546 1.848911 -2.294251
-2.802961 -1.279495 1.863686 -2.287539
-2.795652 -1.288418 1.878465 -2.280760
-2.788285 -1.297314 1.893247 -2.273915
-2.780861 -1.306183 1.908033 -2.267003
-2.773379 -1.315024 1.922822 -2.260024
-2.765839 -1.323839 1.937614 -2.252977
-2.758241 -1.332626 1.952410 -2.245862
-2.750586 -1.341385 1.967209 -2.238678
-2.742872 -1.350115 1.982011 -2.231426
-2.735101 -1.358818 1.996817 -2.224104
-2.727272 -1.367491 2.011625 -2.216713
-2.719385 -1.376136 2.026437 -2.209252
-2.711441 -1.384751 2.041252 -2.201721
-2.703438 -1.393336 2.056070 -2.194118
-2.695377 -1.401892 2.070890 -2.186445
-2.687259 -1.410418 2.085714 -2.178700
-2.679083 -1.418913 2.100540 -2.170883
-2.670849 -1.427378 2.115369 -2.162993
-2.662557 -1.435811 2.130201 -2.155031
-2.654206 -1.444214 2.145036 -2.146995
-2.645798 -1.452585 2.159873 -2.138886
-2.637332 -1.460924 2.174712 -2.130703
-2.628808 -1.469231 2.189554 -2.122444
-2.620227 -1.477505 2.204398 -2.114111
-2.611587 -1.485747 2.219244 -2.105702
-2.602889 -1.493956 2.234093 -2.097217
-2.594133 -1.502132 2.248943 -2.088656
-2.585319 -1.510274 2.263795 -2.080018
-2.576447 -1.518382 2.278650 -2.071302
-2.567517 -1.526456 2.293505 -2.062508
-2.558529 -1.534495 2.308363 -2.053636
-2.549483 -1.542499 2.323222 -2.044686
-2.540379 -1.550469 2.338083 -2.035655
-2.531217 -1.558403 2.352944 -2.026545
-2.521996 -1.566301 2.367807 -2.017354
-2.512718 -1.574163 2.382671 -2.008083
-2.503382 -1.581989 2.397536 -1.998729
-2.493987 -1.589778 2.412402 -1.989294
-2.484535 -1.597530 2.427269 -1.979777
-2.475024 -1.605245 2.442136 -1.970176
-2.465456 -1.612922 2.457003 -1.960491
-2.455829 -1.620561 2.471871 -1.950723
-2.446144 -1.628162 2.486738 -1.940869
-2.436401 -1.635724 2.501606 -1.930931
-2.426600 -1.643248 2.516473 -1.920906
-2.416741 -1.650731 2.531340 -1.910795
-2.406824 -1.658176 2.546207 -1.900596
-2.396849 -1.665580 2.561073 -1.890311
-2.386816 -1.672943 2.575937 -1.879936
-2.376725 -1.680267 2.590801 -1.869473
-2.366575 -1.687549 2.605664 -1.858921
-2.356368 -1.694789 2.620525 -1.848278
-2.346102 -1.701988 2.635384 -1.837544
-2.335779 -1.709145 2.650241 -1.826719
-2.325397 -1.716259 2.665097 -1.815802
-2.314958 -1.723331 2.679950 -1.804793
-2.304460 -1.730359 2.694801 -1.793690
-2.293905 -1.737344 2.709648 -1.782493
-2.283291 -1.744285 2.724493 -1.771201
-2.272620 -1.751181 2.739335 -1.759814
-2.261890 -1.758033 2.754173 -1.748331
-2.251103 -1.764840 2.769008 -1.736751
-2.240257 -1.771601 2.783838 -1.725073
-2.229354 -1.778317 2.798664 -1.713298
-2.218393 -1.784986 2.813486 -1.701423
-2.207374 -1.791609 2.828303 -1.689449
-2.196297 -1.798185 2.843115 -1.677375
-2.185162 -1.804714 2.857922 -1.665199
-2.173969 -1.811194 2.872723 -1.652922
-2.162719 -1.817627 2.887518 -1.640541
-2.151410 -1.824011 2.902307 -1.628058
-2.140044 -1.830346 2.917089 -1.615470
-2.128621 -1.836632 2.931864 -1.602778
-2.117139 -1.842868 2.946632 -1.589979
-2.105600 -1.849053 2.961392 -1.577074
-2.094003 -1.855188 2.976144 -1.564062
-2.082349 -1.861272 2.990888 -1.550942
-2.070637 -1.867305 3.005624 -1.537712
-2.058867 -1.873286 3.020350 -1.524373
-2.047040 -1.879214 3.035067 -1.510923
-2.035156 -1.885089 3.049773 -1.497361
-2.023214 -1.890912 3.064470 -1.483687
-2.011215 -1.896681 3.079156 -1.469900
-1.999158 -1.902395 3.093830 -1.455998
-1.987044 -1.908055 3.108493 -1.441982
-1.974873 -1.913661 3.123144 -1.427849
-1.962645 -1.919210 3.137783 -1.413600
-1.950359 -1.924704 3.152408 -1.399232
-1.938017 -1.930142 3.167021 -1.384746
-1.925617 -1.935522 3.181619 -1.370140
-1.913160 -1.940846 3.196202 -1.355414
-1.900647 -1.946111 3.210771 -1.340566
-1.888076 -1.951319 3.225324 -1.325595
-1.875449 -1.956467 3.239861 -1.310500
-1.862765 -1.961557 3.254382 -1.295282
-1.850024 -1.966587 3.268885 -1.279937
-1.837227 -1.971556 3.283370 -1.264466
-1.824373 -1.976465 3.297837 -1.248867
-1.811462 -1.981313 3.312285 -1.233140
-1.798495 -1.986099 3.326714 -1.217282
-1.785472 -1.990823 3.341122 -1.201294
-1.772393 -1.995484 3.355509 -1.185175
-1.759257 -2.000082 3.369875 -1.168922
-1.746066 -2.004616 3.384218 -1.152535
-1.732818 -2.009086 3.398539 -1.136013
-1.719515 -2.013491 3.412835 -1.119355
-1.706156 -2.017831 3.427108 -1.102559
-1.692741 -2.022104 3.441355 -1.085625
-1.679270 -2.026312 3.455576 -1.068551
-1.665744 -2.030452 3.469770 -1.051337
-1.652162 -2.034525 3.483937 -1.033980
-1.638526 -2.038530 3.498075 -1.016480
-1.624834 -2.042466 3.512184 -0.998836
-1.611087 -2.046333 3.526263 -0.981046
-1.597285 -2.050130 3.540311 -0.963109
-1.583428 -2.053857 3.554327 -0.945025
-1.569517 -2.057513 3.568311 -0.926791
-1.555551 -2.061098 3.582260 -0.908406
-1.541530 -2.064610 3.596175 -0.889870
-1.527456 -2.068050 3.610054 -0.871180
-1.513327 -2.071416 3.623896 -0.852336
-1.499144 -2.074708 3.637701 -0.833336
-1.484907 -2.077926 3.651467 -0.814180
-1.470617 -2.081069 3.665192 -0.794865
-1.456273 -2.084136 3.678877 -0.775390
-1.441876 -2.087126 3.692520 -0.755754
-1.427425 -2.090040 3.706119 -0.735956
-1.412922 -2.092876 3.719674 -0.715994
-1.398365 -2.095633 3.733183 -0.695867
-1.383756 -2.098312 3.746645 -0.675573
-1.369095 -2.100911 3.760059 -0.655111
-1.354381 -2.103430 3.773423 -0.634480
-1.339615 -2.105868 3.786737 -0.613678
-1.324797 -2.108224 3.799998 -0.592704
-1.309928 -2.110498 3.813206 -0.571555
-1.295007 -2.112689 3.826358 -0.550232
-1.280034 -2.114796 3.839455 -0.528732
-1.265011 -2.116820 3.852493 -0.507053
-1.249937 -2.118758 3.865471 -0.485195
-1.234812 -2.120610 3.878389 -0.463155
-1.219637 -2.122376 3.891244 -0.440933
-1.204412 -2.124054 3.904035 -0.418526
-1.189137 -2.125645 3.916759 -0.395933
-1.173812 -2.127147 3.929417 -0.373153
-1.158438 -2.128560 3.942004 -0.350183
-1.143015 -2.129883 3.954521 -0.327023
-1.127544 -2.131115 3.966965 -0.303671
-1.112024 -2.132255 3.979334 -0.280125
-1.096455 -2.133303 3.991626 -0.256383
-1.080839 -2.134258 4.003839 -0.232444
-1.065175 -2.135119 4.015972 -0.208306
-1.049464 -2.135885 4.028022 -0.183968
