3.887500 0.000000 -0.200009
3.874999 0.000000 -0.200019
3.862497 0.000000 -0.200028
3.849995 0.000000 -0.200038
3.837493 0.000000 -0.200048
3.824989 0.000000 -0.200058
3.812485 0.000000 -0.200069
3.799981 0.000000 -0.200080
3.787475 0.000000 -0.200091
3.774969 0.000000 -0.200102
3.762463 0.000000 -0.200114
3.749955 0.000000 -0.200126
3.737447 0.000000 -0.200138
3.724938 0.000000 -0.200150
3.712428 0.000000 -0.200163
3.699917 0.000000 -0.200176
3.687406 0.000000 -0.200189
3.674894 0.000000 -0.200203
3.662381 0.000000 -0.200217
3.649867 0.000000 -0.200231
3.637352 0.000000 -0.200246
3.624836 0.000000 -0.200261
3.612319 0.000000 -0.200276
3.599801 0.000000 -0.200292
3.587283 0.000000 -0.200308
3.574763 0.000000 -0.200325
3.562242 0.000000 -0.200341
3.549720 0.000000 -0.200359
3.537197 0.000000 -0.200377
3.524673 0.000000 -0.200395
3.512148 0.000000 -0.200414
3.499622 0.000000 -0.200433
3.487094 0.000000 -0.200452
3.474565 0.000000 -0.200473
3.462035 0.000000 -0.200493
3.449503 0.000000 -0.200514
3.436970 0.000000 -0.200536
3.424436 0.000000 -0.200559
3.411901 0.000000 -0.200581
3.399364 0.000000 -0.200605
3.386825 0.000000 -0.200629
3.374285 0.000000 -0.200654
3.361743 0.000000 -0.200679
3.349200 0.000000 -0.200705
3.336655 0.000000 -0.200732
3.324108 0.000000 -0.200759
3.311560 0.000000 -0.200788
3.299010 0.000000 -0.200817
3.286458 0.000000 -0.200846
3.273904 0.000000 -0.200877
3.261348 0.000000 -0.200908
3.248791 0.000000 -0.200941
3.236231 0.000000 -0.200974
3.223669 0.000000 -0.201008
3.211105 0.000000 -0.201043
3.198539 0.000000 -0.201079
3.185970 0.000000 -0.201116
3.173399 0.000000 -0.201153
3.160826 0.000000 -0.201193
3.148250 0.000000 -0.201233
3.135672 0.000000 -0.201274
3.123091 0.000000 -0.201316
3.110507 0.000000 -0.201360
3.097921 0.000000 -0.201405
3.085331 0.000000 -0.201451
3.072739 0.000000 -0.201499
3.060144 0.000000 -0.201548
3.047546 0.000000 -0.201598
3.034944 0.000000 -0.201650
3.022340 0.000000 -0.201703
3.009731 0.000000 -0.201758
2.997120 0.000000 -0.201815
2.984505 0.000000 -0.201873
2.971886 0.000000 -0.201933
2.959263 0.000000 -0.201995
2.946636 0.000000 -0.202058
2.934006 0.000000 -0.202124
2.921371 0.000000 -0.202191
2.908732 0.000000 -0.202261
2.896088 0.000000 -0.202333
2.883440 0.000000 -0.202407
2.870787 0.000000 -0.202483
2.858130 0.000000 -0.202562
2.845467 0.000000 -0.202643
2.832799 0.000000 -0.202727
2.820126 0.000000 -0.202813
2.807447 0.000000 -0.202902
2.794763 0.000000 -0.202994
2.782073 0.000000 -0.203089
2.769377 0.000000 -0.203187
2.756675 0.000000 -0.203289
2.743966 0.000000 -0.203393
2.731250 0.000000 -0.203501
2.718528 0.000000 -0.203613
2.705799 0.000000 -0.203728
2.693062 0.000000 -0.203847
2.680318 0.000000 -0.203970
2.667566 0.000000 -0.204097
2.654805 0.000000 -0.204229
2.642037 0.000000 -0.204365
2.629260 0.000000 -0.204505
2.616474 0.000000 -0.204651
2.603678 0.000000 -0.204801
2.590873 0.000000 -0.204957
2.578059 0.000000 -0.205118
2.565234 0.000000 -0.205285
2.552398 0.000000 -0.205458
2.539551 0.000000 -0.205637
2.526693 0.000000 -0.205822
2.513823 0.000000 -0.206014
2.500941 0.000000 -0.206213
2.488046 0.000000 -0.206420
2.475139 0.000000 -0.206634
2.462217 0.000000 -0.206855
2.449281 0.000000 -0.207085
2.436331 0.000000 -0.207324
2.423366 0.000000 -0.207571
2.410385 0.000000 -0.207828
2.397387 0.000000 -0.208095
2.384373 0.000000 -0.208372
2.371340 0.000000 -0.208659
2.358290 0.000000 -0.208958
2.345220 0.000000 -0.209269
2.332131 0.000000 -0.209591
2.319021 0.000000 -0.209927
2.305890 0.000000 -0.210276
2.292736 0.000000 -0.210639
2.279560 0.000000 -0.211016
2.266359 0.000000 -0.211409
2.253133 0.000000 -0.211819
2.239881 0.000000 -0.212245
2.226602 0.000000 -0.212689
2.213295 0.000000 -0.213151
2.199958 0.000000 -0.213634
2.186590 0.000000 -0.214136
2.173190 0.000000 -0.214661
2.159757 0.000000 -0.215208
2.146289 0.000000 -0.215779
2.132784 0.000000 -0.216376
2.119241 0.000000 -0.216999
2.105659 0.000000 -0.217650
2.092034 0.000000 -0.218330
2.078367 0.000000 -0.219042
2.064654 0.000000 -0.219786
2.050893 0.000000 -0.220565
2.037082 0.000000 -0.221381
2.023219 0.000000 -0.222235
2.009302 0.000000 -0.223131
1.995327 0.000000 -0.224069
1.981292 0.000000 -0.225054
1.967194 0.000000 -0.226087
1.953030 0.000000 -0.227172
1.938797 0.000000 -0.228312
1.924490 0.000000 -0.229510
1.910107 0.000000 -0.230770
1.895643 0.000000 -0.232095
1.881093 0.000000 -0.233491
1.866455 0.000000 -0.234961
1.851722 0.000000 -0.236511
1.836889 0.000000 -0.238146
1.821951 0.000000 -0.239871
1.806903 0.000000 -0.241694
1.791738 0.000000 -0.243621
1.776448 0.000000 -0.245659
1.761028 0.000000 -0.247816
1.745468 0.000000 -0.250102
1.729762 0.000000 -0.252526
1.713900 0.000000 -0.255099
1.697871 0.000000 -0.257831
1.681667 0.000000 -0.260736
1.665276 0.000000 -0.263828
1.648684 0.000000 -0.267121
1.631881 0.000000 -0.270632
1.614851 0.000000 -0.274380
1.597578 0.000000 -0.278384
1.580047 0.000000 -0.282668
1.562238 0.000000 -0.287254
1.544133 0.000000 -0.292171
1.525709 0.000000 -0.297446
1.506944 0.000000 -0.303113
1.487811 0.000000 -0.309205
1.468284 0.000000 -0.315761
1.448331 0.000000 -0.322820
1.427920 0.000000 -0.330424
1.407016 0.000000 -0.338615
1.385580 0.000000 -0.347435
1.363572 0.000000 -0.356917
1.340951 0.000000 -0.367088
1.317672 0.000000 -0.377949
1.293694 0.000000 -0.389465
1.268977 0.000000 -0.401537
1.243494 0.000000 -0.413954
1.217234 0.000000 -0.426329
1.190218 0.000000 -0.437980
1.162525 0.000000 -0.447745
1.134328 0.000000 -0.453711
1.105953 0.000000 -0.452810
1.077966 0.000000 -0.440346
1.051288 0.000000 -0.409688
1.027304 0.000000 -0.352801
1.007885 0.000000 -0.262871
0.995154 0.000000 -0.139699
0.990885 0.000000 0.004898
0.995753 0.000000 0.148690
1.008990 0.000000 0.269876
1.028775 0.000000 0.357502
1.052989 0.000000 0.412404
1.079789 0.000000 0.441618
1.107823 0.000000 0.453134
1.136199 0.000000 0.453457
1.164369 0.000000 0.447161
1.192019 0.000000 0.437222
1.218985 0.000000 0.425495
1.245193 0.000000 0.413100
1.270623 0.000000 0.400695
1.295287 0.000000 0.388656
1.319216 0.000000 0.377180
1.342449 0.000000 0.366364
1.365026 0.000000 0.356238
1.386993 0.000000 0.346800
1.408390 0.000000 0.338022
1.429258 0.000000 0.329871
1.449636 0.000000 0.322303
1.469558 0.000000 0.315278
1.489056 0.000000 0.308753
1.508161 0.000000 0.302689
1.526901 0.000000 0.297049
1.545301 0.000000 0.291797
1.563383 0.000000 0.286903
1.581170 0.000000 0.282336
1.598682 0.000000 0.278071
1.615935 0.000000 0.274084
1.632947 0.000000 0.270351
1.649734 0.000000 0.266854
1.666309 0.000000 0.263574
1.682685 0.000000 0.260495
1.698874 0.000000 0.257601
1.714889 0.000000 0.254879
1.730738 0.000000 0.252316
1.746431 0.000000 0.249901
1.761978 0.000000 0.247623
1.777387 0.000000 0.245473
1.792665 0.000000 0.243442
1.807819 0.000000 0.241522
1.822857 0.000000 0.239705
1.837784 0.000000 0.237985
1.852607 0.000000 0.236356
1.867331 0.000000 0.234811
1.881960 0.000000 0.233345
1.896500 0.000000 0.231954
1.910956 0.000000 0.230632
1.925331 0.000000 0.229376
1.939629 0.000000 0.228182
1.953855 0.000000 0.227045
1.968011 0.000000 0.225964
1.982101 0.000000 0.224933
1.996129 0.000000 0.223951
2.010096 0.000000 0.223015
2.024006 0.000000 0.222122
2.037862 0.000000 0.221270
2.051666 0.000000 0.220456
2.065420 0.000000 0.219679
2.079126 0.000000 0.218937
2.092788 0.000000 0.218227
2.106406 0.000000 0.217548
2.119982 0.000000 0.216899
2.133518 0.000000 0.216277
2.147017 0.000000 0.215682
2.160479 0.000000 0.215112
2.173907 0.000000 0.214566
2.187301 0.000000 0.214043
2.200662 0.000000 0.213541
2.213994 0.000000 0.213060
2.227295 0.000000 0.212599
2.240569 0.000000 0.212156
2.253815 0.000000 0.211730
2.267036 0.000000 0.211322
2.280231 0.000000 0.210930
2.293402 0.000000 0.210553
2.306550 0.000000 0.210191
2.319676 0.000000 0.209842
2.332781 0.000000 0.209508
2.345865 0.000000 0.209185
2.358929 0.000000 0.208876
2.371975 0.000000 0.208577
2.385002 0.000000 0.208290
2.398011 0.000000 0.208014
2.411004 0.000000 0.207748
2.423980 0.000000 0.207491
2.436940 0.000000 0.207244
2.449885 0.000000 0.207006
2.462816 0.000000 0.206776
2.475733 0.000000 0.206555
2.488636 0.000000 0.206342
2.501525 0.000000 0.206136
2.514403 0.000000 0.205937
2.527268 0.000000 0.205745
2.540121 0.000000 0.205560
2.552963 0.000000 0.205381
2.565794 0.000000 0.205209
2.578614 0.000000 0.205042
2.591424 0.000000 0.204881
2.604224 0.000000 0.204726
2.617015 0.000000 0.204575
2.629796 0.000000 0.204430
2.642569 0.000000 0.204290
2.655333 0.000000 0.204154
2.668088 0.000000 0.204023
2.680836 0.000000 0.203895
2.693575 0.000000 0.203773
2.706307 0.000000 0.203654
2.719032 0.000000 0.203539
2.731750 0.000000 0.203427
2.744460 0.000000 0.203319
2.757165 0.000000 0.203215
2.769862 0.000000 0.203114
2.782554 0.000000 0.203016
2.795239 0.000000 0.202921
2.807919 0.000000 0.202829
2.820593 0.000000 0.202740
2.833262 0.000000 0.202654
2.845925 0.000000 0.202570
2.858583 0.000000 0.202489
2.871236 0.000000 0.202411
2.883884 0.000000 0.202334
2.896528 0.000000 0.202260
2.909167 0.000000 0.202189
2.921802 0.000000 0.202119
2.934432 0.000000 0.202051
2.947058 0.000000 0.201986
2.959680 0.000000 0.201922
2.972298 0.000000 0.201861
2.984913 0.000000 0.201801
2.997524 0.000000 0.201743
3.010131 0.000000 0.201686
3.022734 0.000000 0.201631
3.035335 0.000000 0.201578
3.047932 0.000000 0.201526
3.060525 0.000000 0.201476
3.073116 0.000000 0.201427
3.085704 0.000000 0.201379
3.098289 0.000000 0.201333
3.110871 0.000000 0.201288
3.123450 0.000000 0.201245
3.136026 0.000000 0.201202
3.148600 0.000000 0.201161
3.161171 0.000000 0.201121
3.173740 0.000000 0.201082
3.186307 0.000000 0.201044
3.198871 0.000000 0.201007
3.211433 0.000000 0.200971
3.223992 0.000000 0.200936
3.236550 0.000000 0.200902
3.249105 0.000000 0.200869
3.261658 0.000000 0.200837
3.274210 0.000000 0.200806
3.286759 0.000000 0.200775
3.299307 0.000000 0.200745
3.311852 0.000000 0.200717
3.324396 0.000000 0.200688
3.336938 0.000000 0.200661
3.349479 0.000000 0.200634
3.362018 0.000000 0.200608
3.374555 0.000000 0.200583
3.387090 0.000000 0.200558
3.399625 0.000000 0.200534
3.412157 0.000000 0.200510
3.424688 0.000000 0.200488
3.437218 0.000000 0.200465
3.449747 0.000000 0.200443
3.462274 0.000000 0.200422
3.474799 0.000000 0.200402
3.487324 0.000000 0.200381
3.499847 0.000000 0.200362
3.512369 0.000000 0.200343
3.524890 0.000000 0.200324
3.537410 0.000000 0.200306
3.549928 0.000000 0.200288
3.562445 0.000000 0.200271
3.574962 0.000000 0.200254
3.587477 0.000000 0.200237
3.599992 0.000000 0.200221
3.612505 0.000000 0.200205
3.625017 0.000000 0.200190
3.637529 0.000000 0.200175
3.650039 0.000000 0.200160
3.662549 0.000000 0.200146
3.675057 0.000000 0.200132
3.687565 0.000000 0.200118
3.700072 0.000000 0.200105
3.712578 0.000000 0.200092
3.725084 0.000000 0.200079
3.737588 0.000000 0.200067
3.750092 0.000000 0.200055
3.762595 0.000000 0.200043
3.775097 0.000000 0.200031
3.787599 0.000000 0.200020
3.800100 0.000000 0.200009
3.812600 0.000000 0.199998
3.825100 0.000000 0.199988
3.837598 0.000000 0.199977
3.850097 0.000000 0.199967
3.862594 0.000000 0.199957
3.875091 0.000000 0.199948
3.887588 0.000000 0.199938
3.900084 0.000000 0.199929
3.912579 0.000000 0.199920
3.925074 0.000000 0.199911
3.937568 0.000000 0.199903
3.950062 0.000000 0.199894
3.962555 0.000000 0.199886
3.975047 0.000000 0.199878
3.987539 0.000000 0.199870
4.000031 0.000000 0.199862
4.012522 0.000000 0.199855
4.025013 0.000000 0.199848
4.037503 0.000000 0.199840
4.049993 0.000000 0.199833
4.062482 0.000000 0.199826
4.074971 0.000000 0.199820
4.087460 0.000000 0.199813
4.099948 0.000000 0.199806
4.112436 0.000000 0.199800
4.124923 0.000000 0.199794
4.137410 0.000000 0.199788
4.149896 0.000000 0.199782
4.162383 0.000000 0.199776
4.174868 0.000000 0.199770
4.187354 0.000000 0.199765
4.199839 0.000000 0.199759
4.212324 0.000000 0.199754
4.224808 0.000000 0.199749
4.237292 0.000000 0.199743
4.249776 0.000000 0.199738
4.262260 0.000000 0.199733
4.274743 0.000000 0.199729
4.287226 0.000000 0.199724
4.299708 0.000000 0.199719
4.312191 0.000000 0.199715
4.324673 0.000000 0.199710
4.337154 0.000000 0.199706
4.349636 0.000000 0.199702
4.362117 0.000000 0.199697
4.374598 0.000000 0.199693
4.387079 0.000000 0.199689
4.399559 0.000000 0.199685
4.412039 0.000000 0.199681
4.424519 0.000000 0.199678
4.436999 0.000000 0.199674
4.449479 0.000000 0.199670
4.461958 0.000000 0.199667
4.474437 0.000000 0.199663
4.486916 0.000000 0.199660
4.499394 0.000000 0.199656
4.511873 0.000000 0.199653
4.524351 0.000000 0.199650
4.536829 0.000000 0.199647
4.549307 0.000000 0.199643
4.561785 0.000000 0.199640
4.574262 0.000000 0.199637
4.586739 0.000000 0.199634
4.599216 0.000000 0.199631
4.611693 0.000000 0.199629
4.624170 0.000000 0.199626
4.636646 0.000000 0.199623
4.649123 0.000000 0.199620
4.661599 0.000000 0.199618
4.674075 0.000000 0.199615
4.686551 0.000000 0.199613
4.699026 0.000000 0.199610
4.711502 0.000000 0.199608
4.723977 0.000000 0.199605
4.736453 0.000000 0.199603
4.748928 0.000000 0.199601
4.761403 0.000000 0.199598
4.773878 0.000000 0.199596
4.786352 0.000000 0.199594
4.798827 0.000000 0.199592
4.811301 0.000000 0.199590
4.823776 0.000000 0.199588
