6.610780 0.000000
6.610788 -0.000002
6.610811 -0.000017
6.610851 -0.000056
6.610906 -0.000133
6.610977 -0.000260
6.611063 -0.000449
6.611164 -0.000712
6.611281 -0.001063
6.611413 -0.001511
6.611560 -0.002071
6.611721 -0.002752
6.611897 -0.003568
6.612087 -0.004530
6.612291 -0.005648
6.612508 -0.006934
6.612738 -0.008399
6.612980 -0.010054
6.613235 -0.011908
6.613501 -0.013973
6.613778 -0.016259
6.614066 -0.018774
6.614364 -0.021528
6.614670 -0.024532
6.614985 -0.027792
6.615307 -0.031319
6.615636 -0.035120
6.615970 -0.039204
6.616309 -0.043577
6.616652 -0.048248
6.616997 -0.053223
6.617343 -0.058510
6.617690 -0.064113
6.618035 -0.070040
6.618377 -0.076297
6.618716 -0.082887
6.619049 -0.089817
6.619375 -0.097091
6.619692 -0.104713
6.619998 -0.112687
6.620293 -0.121018
6.620573 -0.129707
6.620837 -0.138758
6.621083 -0.148174
6.621309 -0.157956
6.621513 -0.168107
6.621693 -0.178628
6.621846 -0.189520
6.621971 -0.200784
6.622064 -0.212421
6.622124 -0.224430
6.622149 -0.236812
6.622135 -0.249566
6.622081 -0.262691
6.621983 -0.276187
6.621839 -0.290051
6.621647 -0.304283
6.621404 -0.318880
6.621108 -0.333839
6.620755 -0.349159
6.620343 -0.364836
6.619870 -0.380867
6.619333 -0.397249
6.618728 -0.413978
6.618054 -0.431051
6.617307 -0.448463
6.616486 -0.466209
6.615587 -0.484285
6.614608 -0.502686
6.613546 -0.521407
6.612399 -0.540443
6.611164 -0.559788
6.609839 -0.579436
6.608421 -0.599381
6.606908 -0.619618
6.605297 -0.640139
6.603587 -0.660939
6.601775 -0.682010
6.599860 -0.703346
6.597838 -0.724939
6.595708 -0.746783
6.593468 -0.768870
6.591117 -0.791192
6.588653 -0.813743
6.586073 -0.836513
6.583377 -0.859496
6.580563 -0.882683
6.577630 -0.906067
6.574577 -0.929638
6.571402 -0.953389
6.568105 -0.977311
6.564684 -1.001395
6.561139 -1.025634
6.557470 -1.050018
6.553676 -1.074539
6.549757 -1.099188
6.545711 -1.123955
6.541541 -1.148833
6.537244 -1.173812
6.532822 -1.198883
6.528275 -1.224037
6.523603 -1.249265
6.518808 -1.274557
6.513889 -1.299906
6.508847 -1.325301
6.503685 -1.350733
6.498402 -1.376194
6.493000 -1.401674
6.487481 -1.427164
6.481847 -1.452655
6.476098 -1.478137
6.470238 -1.503603
6.464267 -1.529042
6.458188 -1.554445
6.452004 -1.579804
6.445717 -1.605110
6.439329 -1.630354
6.432844 -1.655526
6.426264 -1.680619
6.419592 -1.705623
6.412831 -1.730530
6.405984 -1.755331
6.399056 -1.780018
6.392048 -1.804582
6.384966 -1.829015
6.377812 -1.853309
6.370590 -1.877455
6.363305 -1.901445
6.355960 -1.925272
6.348560 -1.948928
6.341108 -1.972404
6.333609 -1.995694
6.326067 -2.018789
6.318488 -2.041683
6.310874 -2.064368
6.303231 -2.086837
6.295564 -2.109083
6.287877 -2.131099
6.280175 -2.152879
6.272463 -2.174416
6.264745 -2.195703
6.257027 -2.216735
6.249313 -2.237505
6.241609 -2.258007
6.233918 -2.278236
6.226247 -2.298186
6.218600 -2.317852
6.210982 -2.337228
6.203398 -2.356310
6.195853 -2.375092
6.188351 -2.393570
6.180898 -2.411740
6.173498 -2.429597
6.166156 -2.447137
6.158877 -2.464356
6.151666 -2.481251
6.144526 -2.497818
6.137463 -2.514055
6.130481 -2.529957
6.123584 -2.545523
6.116776 -2.560749
6.110062 -2.575634
6.103445 -2.590175
6.096929 -2.604371
6.090519 -2.618219
6.084217 -2.631720
6.078028 -2.644870
6.071954 -2.657671
6.065999 -2.670120
6.060166 -2.682218
6.054457 -2.693964
6.048876 -2.705360
6.043425 -2.716404
6.038106 -2.727099
6.032922 -2.737444
6.027874 -2.747441
6.022965 -2.757092
6.018195 -2.766398
6.013567 -2.775362
6.009082 -2.783986
6.004740 -2.792272
6.000543 -2.800223
5.996491 -2.807843
5.992584 -2.815135
5.988823 -2.822103
5.985208 -2.828751
5.981738 -2.835083
5.978413 -2.841104
5.975232 -2.846819
5.972195 -2.852232
5.969300 -2.857350
5.966546 -2.862178
5.963932 -2.866722
5.961455 -2.870989
5.959115 -2.874984
5.956908 -2.878715
5.954833 -2.882190
5.952886 -2.885414
5.951066 -2.888397
5.949369 -2.891145
5.947792 -2.893668
5.946333 -2.895972
5.944987 -2.898068
5.943750 -2.899963
5.942620 -2.901666
5.941593 -2.903188
5.940663 -2.904537
5.939828 -2.905723
5.939082 -2.906756
5.938422 -2.907646
5.937842 -2.908403
5.937338 -2.909037
5.936905 -2.909559
5.936538 -2.909980
5.936232 -2.910309
5.935983 -2.910559
5.935784 -2.910739
5.935631 -2.910862
5.935518 -2.910937
5.935441 -2.910976
5.935393 -2.910991
5.935369 -2.910992
5.935364 -2.910991
5.935372 -2.910998
5.935388 -2.911026
5.935406 -2.911086
5.935420 -2.911187
5.935426 -2.911342
5.935417 -2.911562
5.935389 -2.911858
5.935334 -2.912239
5.935249 -2.912718
5.935128 -2.913305
5.934965 -2.914009
5.934755 -2.914843
5.934493 -2.915815
5.934172 -2.916935
5.933790 -2.918214
5.933339 -2.919661
5.932815 -2.921285
5.932212 -2.923096
5.931527 -2.925102
5.930754 -2.927313
5.929888 -2.929736
5.928925 -2.932379
5.927859 -2.935251
5.926687 -2.938360
5.925403 -2.941711
5.924004 -2.945313
5.922484 -2.949173
5.920841 -2.953295
5.919069 -2.957688
5.917164 -2.962356
5.915123 -2.967304
5.912942 -2.972538
5.910616 -2.978063
5.908143 -2.983883
5.905518 -2.990003
5.902737 -2.996425
5.899799 -3.003153
5.896698 -3.010191
5.893433 -3.017540
5.889999 -3.025205
5.886394 -3.033185
5.882615 -3.041484
5.878658 -3.050102
5.874522 -3.059041
5.870203 -3.068302
5.865699 -3.077883
5.861007 -3.087787
5.856125 -3.098011
5.851051 -3.108557
5.845782 -3.119422
5.840317 -3.130605
5.834654 -3.142106
5.828790 -3.153921
5.822724 -3.166050
5.816454 -3.178489
5.809979 -3.191236
5.803297 -3.204288
5.796406 -3.217641
5.789307 -3.231293
5.781997 -3.245238
5.774475 -3.259474
5.766742 -3.273996
5.758795 -3.288799
5.750634 -3.303878
5.742259 -3.319230
5.733669 -3.334848
5.724865 -3.350727
5.715845 -3.366861
5.706610 -3.383246
5.697160 -3.399874
5.687495 -3.416740
5.677616 -3.433837
5.667522 -3.451160
5.657216 -3.468700
5.646696 -3.486453
5.635965 -3.504410
5.625022 -3.522564
5.613870 -3.540910
5.602510 -3.559438
5.590943 -3.578143
5.579170 -3.597016
5.567194 -3.616050
5.555016 -3.635238
5.542638 -3.654571
5.530063 -3.674043
5.517292 -3.693644
5.504328 -3.713368
5.491174 -3.733206
5.477832 -3.753150
5.464306 -3.773193
5.450598 -3.793326
5.436711 -3.813541
5.422649 -3.833831
5.408415 -3.854187
5.394012 -3.874601
5.379446 -3.895065
5.364718 -3.915571
5.349834 -3.936112
5.334798 -3.956678
5.319613 -3.977262
5.304285 -3.997857
5.288818 -4.018453
5.273216 -4.039044
5.257485 -4.059622
5.241629 -4.080179
5.225654 -4.100706
5.209565 -4.121197
5.193367 -4.141645
5.177066 -4.162040
5.160667 -4.182377
5.144176 -4.202648
5.127598 -4.222845
5.110941 -4.242962
5.094209 -4.262991
5.077410 -4.282926
5.060549 -4.302759
5.043632 -4.322485
5.026667 -4.342096
5.009659 -4.361585
4.992616 -4.380948
4.975543 -4.400176
4.958448 -4.419265
4.941338 -4.438207
4.924219 -4.456998
4.907099 -4.475631
4.889985 -4.494101
4.872882 -4.512402
4.855800 -4.530530
4.838744 -4.548478
4.821723 -4.566242
4.804742 -4.583816
4.787811 -4.601197
4.770934 -4.618378
4.754121 -4.635357
4.737378 -4.652128
4.720713 -4.668688
4.704132 -4.685032
4.687643 -4.701156
4.671253 -4.717056
4.654969 -4.732730
4.638799 -4.748174
4.622749 -4.763384
4.606827 -4.778357
4.591039 -4.793090
4.575392 -4.807581
4.559893 -4.821827
4.544549 -4.835825
4.529366 -4.849574
4.514351 -4.863070
4.499510 -4.876312
4.484850 -4.889298
4.470377 -4.902027
4.456096 -4.914496
4.442014 -4.926705
4.428136 -4.938652
4.414468 -4.950337
4.401015 -4.961758
4.387783 -4.972914
4.374776 -4.983806
4.362000 -4.994432
4.349459 -5.004793
4.337158 -5.014888
4.325100 -5.024718
4.313291 -5.034282
4.301733 -5.043581
4.290430 -5.052617
4.279386 -5.061388
4.268604 -5.069897
4.258086 -5.078145
4.247835 -5.086132
4.237854 -5.093859
4.228145 -5.101330
4.218708 -5.108545
4.209547 -5.115506
4.200661 -5.122215
4.192053 -5.128674
4.183721 -5.134886
4.175668 -5.140853
4.167892 -5.146578
4.160394 -5.152064
4.153173 -5.157313
4.146228 -5.162330
4.139558 -5.167116
4.133161 -5.171677
4.127035 -5.176014
4.121179 -5.180133
4.115589 -5.184037
4.110263 -5.187731
4.105198 -5.191218
4.100390 -5.194503
4.095836 -5.197590
4.091532 -5.200486
4.087472 -5.203193
4.083653 -5.205718
4.080070 -5.208066
4.076717 -5.210241
4.073588 -5.212250
4.070679 -5.214099
4.067982 -5.215792
4.065492 -5.217337
4.063201 -5.218739
4.061103 -5.220004
4.059191 -5.221138
4.057457 -5.222149
4.055894 -5.223043
4.054493 -5.223826
4.053248 -5.224505
4.052148 -5.225087
4.051187 -5.225580
4.050355 -5.225990
4.049644 -5.226325
4.049045 -5.226592
4.048547 -5.226797
4.048144 -5.226950
4.047824 -5.227057
4.047578 -5.227125
4.047398 -5.227163
4.047273 -5.227177
4.047193 -5.227176
4.047149 -5.227167
4.047131 -5.227158
4.047129 -5.227157
4.047133 -5.227170
4.047134 -5.227207
4.047121 -5.227274
4.047084 -5.227379
4.047014 -5.227529
4.046901 -5.227733
4.046736 -5.227996
4.046507 -5.228328
4.046207 -5.228734
4.045825 -5.229222
4.045351 -5.229799
4.044777 -5.230472
4.044094 -5.231248
4.043291 -5.232132
4.042361 -5.233133
4.041295 -5.234255
4.040083 -5.235506
4.038717 -5.236891
4.037189 -5.238415
4.035491 -5.240085
4.033615 -5.241906
4.031552 -5.243883
4.029296 -5.246022
4.026839 -5.248325
4.024174 -5.250800
4.021293 -5.253449
4.018190 -5.256276
4.014858 -5.259287
4.011291 -5.262483
4.007483 -5.265869
4.003427 -5.269447
3.999119 -5.273221
3.994552 -5.277192
3.989722 -5.281364
3.984623 -5.285737
3.979250 -5.290315
3.973600 -5.295098
3.967667 -5.300088
3.961448 -5.305286
3.954939 -5.310691
3.948136 -5.316306
3.941036 -5.322129
3.933636 -5.328162
3.925932 -5.334403
3.917923 -5.340851
3.909605 -5.347507
3.900977 -5.354369
3.892037 -5.361435
3.882782 -5.368704
3.873212 -5.376175
3.863325 -5.383844
3.853120 -5.391710
3.842596 -5.399771
3.831753 -5.408022
3.820590 -5.416463
3.809107 -5.425088
3.797304 -5.433896
3.785181 -5.442882
3.772740 -5.452043
3.759980 -5.461375
3.746903 -5.470873
3.733509 -5.480534
3.719800 -5.490353
3.705778 -5.500325
3.691444 -5.510446
3.676801 -5.520711
3.661849 -5.531114
3.646593 -5.541652
3.631034 -5.552318
3.615175 -5.563108
3.599018 -5.574015
3.582568 -5.585034
3.565827 -5.596161
3.548799 -5.607388
3.531488 -5.618711
3.513897 -5.630123
3.496030 -5.641619
3.477892 -5.653193
3.459487 -5.664838
3.440819 -5.676549
3.421894 -5.688320
3.402715 -5.700145
3.383289 -5.712018
3.363620 -5.723933
3.343714 -5.735883
3.323577 -5.747863
3.303213 -5.759867
3.282629 -5.771889
3.261831 -5.783922
3.240824 -5.795961
3.219616 -5.808001
3.198213 -5.820034
3.176620 -5.832056
3.154845 -5.844061
3.132895 -5.856043
3.110776 -5.867997
3.088496 -5.879917
3.066061 -5.891797
3.043480 -5.903633
3.020758 -5.915419
2.997905 -5.927149
2.974927 -5.938820
2.951832 -5.950425
2.928629 -5.961961
2.905324 -5.973422
2.881926 -5.984803
2.858443 -5.996101
2.834883 -6.007311
2.811255 -6.018428
2.787566 -6.029448
2.763826 -6.040368
2.740041 -6.051184
2.716222 -6.061891
2.692376 -6.072487
2.668512 -6.082967
2.644640 -6.093328
2.620766 -6.103567
2.596901 -6.113682
2.573052 -6.123668
2.549229 -6.133524
2.525440 -6.143247
2.501695 -6.152833
2.478002 -6.162282
2.454369 -6.171590
2.430806 -6.180755
2.407321 -6.189776
2.383923 -6.198651
2.360622 -6.207378
2.337424 -6.215956
2.314340 -6.224383
2.291378 -6.232658
2.268546 -6.240780
2.245854 -6.248748
2.223308 -6.256561
2.200919 -6.264219
2.178694 -6.271721
2.156641 -6.279066
2.134769 -6.286254
2.113086 -6.293286
2.091599 -6.300160
2.070317 -6.306878
2.049248 -6.313439
2.028398 -6.319843
2.007776 -6.326092
1.987388 -6.332185
1.967243 -6.338124
1.947347 -6.343908
1.927707 -6.349539
1.908330 -6.355018
1.889222 -6.360346
1.870391 -6.365523
1.851841 -6.370552
1.833580 -6.375433
1.815612 -6.380168
1.797945 -6.384758
1.780582 -6.389205
1.763530 -6.393511
1.746793 -6.397676
1.730376 -6.401704
1.714283 -6.405594
1.698519 -6.409351
1.683088 -6.412975
1.667994 -6.416468
1.653239 -6.419832
1.638828 -6.423070
1.624762 -6.426183
1.611046 -6.429174
1.597680 -6.432045
1.584668 -6.434798
1.572010 -6.437435
1.559708 -6.439958
1.547764 -6.442370
1.536178 -6.444674
1.524951 -6.446871
1.514082 -6.448963
1.503571 -6.450954
1.493419 -6.452846
1.483623 -6.454640
1.474184 -6.456340
1.465098 -6.457948
1.456365 -6.459465
1.447982 -6.460896
1.439947 -6.462241
1.432256 -6.463505
1.424905 -6.464688
1.417893 -6.465794
1.411213 -6.466825
1.404863 -6.467783
1.398837 -6.468671
1.393129 -6.469492
1.387736 -6.470247
1.382650 -6.470940
1.377865 -6.471573
1.373376 -6.472149
1.369176 -6.472669
1.365256 -6.473137
1.361610 -6.473554
1.358230 -6.473925
1.355108 -6.474250
1.352235 -6.474533
1.349603 -6.474776
1.347203 -6.474981
1.345025 -6.475152
1.343059 -6.475291
1.341297 -6.475399
1.339729 -6.475481
1.338342 -6.475538
1.337128 -6.475574
1.336076 -6.475590
1.335174 -6.475589
1.334412 -6.475574
1.333778 -6.475547
1.333261 -6.475512
1.332849 -6.475470
1.332530 -6.475425
1.332293 -6.475378
1.332126 -6.475332
1.332017 -6.475291
1.331953 -6.475257
1.331922 -6.475231
1.331913 -6.475217
1.331912 -6.475218
1.331909 -6.475235
1.331889 -6.475272
1.331842 -6.475330
1.331755 -6.475413
1.331617 -6.475522
1.331413 -6.475660
1.331134 -6.475829
1.330767 -6.476032
1.330300 -6.476271
1.329721 -6.476548
1.329020 -6.476865
1.328183 -6.477224
1.327202 -6.477627
1.326063 -6.478077
1.324758 -6.478574
1.323274 -6.479121
1.321601 -6.479719
1.319729 -6.480370
1.317649 -6.481076
1.315350 -6.481838
1.312822 -6.482657
1.310057 -6.483534
1.307046 -6.484471
1.303780 -6.485468
1.300250 -6.486527
1.296449 -6.487647
1.292368 -6.488831
1.288000 -6.490078
1.283338 -6.491388
1.278374 -6.492762
1.273103 -6.494200
1.267517 -6.495702
1.261612 -6.497268
1.255380 -6.498898
1.248817 -6.500591
1.241919 -6.502346
1.234679 -6.504163
1.227094 -6.506041
1.219160 -6.507980
1.210874 -6.509978
1.202230 -6.512033
1.193228 -6.514145
1.183864 -6.516312
1.174135 -6.518532
1.164039 -6.520804
1.153576 -6.523126
1.142743 -6.525496
1.131539 -6.527911
1.119964 -6.530370
1.108016 -6.532870
1.095696 -6.535409
1.083005 -6.537983
1.069941 -6.540592
1.056507 -6.543231
1.042703 -6.545898
1.028530 -6.548590
1.013990 -6.551305
0.999085 -6.554038
0.983817 -6.556787
0.968189 -6.559548
0.952202 -6.562319
0.935861 -6.565096
0.919167 -6.567875
0.902126 -6.570654
0.884739 -6.573428
0.867012 -6.576194
0.848948 -6.578949
0.830552 -6.581689
0.811829 -6.584411
0.792782 -6.587110
0.773418 -6.589784
0.753742 -6.592429
0.733759 -6.595041
0.713474 -6.597616
0.692894 -6.600152
0.672024 -6.602644
0.650871 -6.605090
0.629442 -6.607485
0.607742 -6.609826
0.585779 -6.612110
0.563559 -6.614335
0.541090 -6.616495
0.518378 -6.618589
0.495432 -6.620612
0.472258 -6.622563
0.448864 -6.624438
0.425258 -6.626235
0.401449 -6.627950
0.377443 -6.629580
0.353248 -6.631124
0.328875 -6.632579
0.304329 -6.633942
0.279621 -6.635211
0.254758 -6.636384
0.229749 -6.637459
0.204603 -6.638434
0.179328 -6.639307
0.153934 -6.640076
0.128429 -6.640740
0.102822 -6.641298
0.077122 -6.641748
0.051339 -6.642088
0.025481 -6.642319
-0.000442 -6.642439
-0.026422 -6.642447
-0.052449 -6.642343
-0.078513 -6.642126
-0.104606 -6.641797
-0.130719 -6.641354
-0.156841 -6.640797
-0.182964 -6.640128
-0.209079 -6.639345
-0.235175 -6.638450
-0.261245 -6.637443
-0.287278 -6.636325
-0.313266 -6.635096
-0.339199 -6.633757
-0.365068 -6.632310
-0.390864 -6.630756
-0.416578 -6.629097
-0.442200 -6.627332
-0.467723 -6.625466
-0.493136 -6.623498
-0.518432 -6.621431
-0.543600 -6.619268
-0.568634 -6.617009
-0.593523 -6.614658
-0.618259 -6.612218
-0.642835 -6.609689
-0.667241 -6.607075
-0.691469 -6.604379
-0.715511 -6.601604
-0.739359 -6.598752
-0.763005 -6.595827
-0.786441 -6.592831
-0.809660 -6.589768
-0.832654 -6.586641
-0.855415 -6.583454
-0.877937 -6.580209
-0.900211 -6.576910
-0.922232 -6.573562
-0.943991 -6.570167
-0.965484 -6.566729
-0.986702 -6.563252
-1.007639 -6.559739
-1.028290 -6.556194
-1.048649 -6.552622
-1.068709 -6.549026
-1.088465 -6.545409
-1.107911 -6.541776
-1.127043 -6.538130
-1.145855 -6.534476
-1.164343 -6.530817
-1.182501 -6.527156
-1.200326 -6.523498
-1.217813 -6.519847
-1.234959 -6.516206
-1.251759 -6.512578
-1.268211 -6.508968
-1.284310 -6.505379
-1.300055 -6.501815
-1.315442 -6.498279
-1.330469 -6.494774
-1.345134 -6.491304
-1.359434 -6.487872
-1.373369 -6.484481
-1.386936 -6.481135
-1.400136 -6.477835
-1.412966 -6.474586
-1.425427 -6.471389
-1.437517 -6.468248
-1.449238 -6.465165
-1.460590 -6.462142
-1.471573 -6.459182
-1.482188 -6.456286
-1.492437 -6.453457
-1.502321 -6.450697
-1.511842 -6.448007
-1.521003 -6.445390
-1.529805 -6.442845
-1.538252 -6.440376
-1.546346 -6.437982
-1.554092 -6.435666
-1.561494 -6.433427
-1.568554 -6.431266
-1.575279 -6.429185
-1.581671 -6.427183
-1.587738 -6.425261
-1.593484 -6.423419
-1.598914 -6.421657
-1.604036 -6.419974
-1.608854 -6.418371
-1.613377 -6.416846
-1.617610 -6.415400
-1.621562 -6.414031
-1.625239 -6.412738
-1.628650 -6.411521
-1.631803 -6.410378
-1.634706 -6.409308
-1.637368 -6.408309
-1.639798 -6.407381
-1.642006 -6.406520
-1.643999 -6.405726
-1.645790 -6.404996
-1.647386 -6.404329
-1.648799 -6.403722
-1.650039 -6.403173
-1.651117 -6.402680
-1.652043 -6.402240
-1.652828 -6.401851
-1.653484 -6.401510
-1.654022 -6.401215
-1.654452 -6.400963
-1.654788 -6.400751
-1.655040 -6.400576
-1.655220 -6.400435
-1.655341 -6.400326
-1.655413 -6.400246
-1.655450 -6.400191
-1.655463 -6.400158
-1.655464 -6.400145
-1.655466 -6.400148
-1.655480 -6.400164
-1.655519 -6.400190
-1.655594 -6.400222
-1.655718 -6.400259
-1.655902 -6.400295
-1.656159 -6.400329
-1.656500 -6.400357
-1.656936 -6.400376
-1.657481 -6.400382
-1.658144 -6.400373
-1.658937 -6.400345
-1.659871 -6.400295
-1.660958 -6.400220
-1.662207 -6.400117
-1.663630 -6.399983
-1.665236 -6.399814
-1.667036 -6.399608
-1.669040 -6.399361
-1.671257 -6.399071
-1.673697 -6.398734
-1.676368 -6.398347
-1.679279 -6.397908
-1.682439 -6.397413
-1.685857 -6.396860
-1.689539 -6.396245
-1.693494 -6.395566
-1.697729 -6.394819
-1.702251 -6.394003
-1.707066 -6.393113
-1.712181 -6.392147
-1.717601 -6.391103
-1.723332 -6.389978
-1.729380 -6.388769
-1.735750 -6.387472
-1.742445 -6.386086
-1.749470 -6.384608
-1.756829 -6.383035
-1.764526 -6.381364
-1.772563 -6.379593
-1.780943 -6.377719
-1.789669 -6.375740
-1.798743 -6.373653
-1.808167 -6.371455
-1.817941 -6.369145
-1.828068 -6.366719
-1.838547 -6.364175
-1.849379 -6.361511
-1.860563 -6.358724
-1.872101 -6.355812
-1.883990 -6.352773
-1.896231 -6.349605
-1.908821 -6.346305
-1.921760 -6.342871
-1.935044 -6.339301
-1.948673 -6.335592
-1.962643 -6.331744
-1.976952 -6.327753
-1.991596 -6.323618
-2.006573 -6.319337
-2.021878 -6.314909
-2.037509 -6.310330
-2.053459 -6.305601
-2.069726 -6.300718
-2.086305 -6.295682
-2.103190 -6.290489
-2.120377 -6.285139
-2.137860 -6.279630
-2.155634 -6.273961
-2.173693 -6.268132
-2.192030 -6.262140
-2.210641 -6.255985
-2.229518 -6.249666
-2.248655 -6.243183
-2.268046 -6.236534
-2.287683 -6.229719
-2.307559 -6.222738
-2.327668 -6.215589
-2.348002 -6.208274
-2.368553 -6.200792
-2.389315 -6.193142
-2.410279 -6.185325
-2.431437 -6.177341
-2.452783 -6.169191
-2.474307 -6.160875
-2.496002 -6.152393
-2.517859 -6.143746
-2.539870 -6.134936
-2.562028 -6.125962
-2.584323 -6.116827
-2.606747 -6.107532
-2.629292 -6.098077
-2.651949 -6.088465
-2.674709 -6.078697
-2.697564 -6.068775
-2.720506 -6.058701
-2.743525 -6.048477
-2.766613 -6.038106
-2.789762 -6.027589
-2.812962 -6.016929
-2.836205 -6.006130
-2.859483 -5.995193
-2.882786 -5.984122
-2.906106 -5.972921
-2.929434 -5.961591
-2.952763 -5.950137
-2.976082 -5.938562
-2.999385 -5.926869
-3.022661 -5.915064
-3.045904 -5.903149
-3.069105 -5.891128
-3.092254 -5.879006
-3.115345 -5.866788
-3.138369 -5.854477
-3.161318 -5.842078
-3.184184 -5.829596
-3.206959 -5.817036
-3.229635 -5.804402
-3.252205 -5.791701
-3.274660 -5.778936
-3.296994 -5.766113
-3.319199 -5.753237
-3.341267 -5.740315
-3.363192 -5.727351
-3.384966 -5.714351
-3.406582 -5.701320
-3.428034 -5.688266
-3.449314 -5.675193
-3.470417 -5.662107
-3.491335 -5.649014
-3.512062 -5.635921
-3.532593 -5.622833
-3.552920 -5.609757
-3.573039 -5.596699
-3.592943 -5.583665
-3.612626 -5.570661
-3.632084 -5.557694
-3.651311 -5.544769
-3.670301 -5.531894
-3.689050 -5.519074
-3.707552 -5.506315
-3.725804 -5.493625
-3.743800 -5.481008
-3.761537 -5.468472
-3.779009 -5.456023
-3.796213 -5.443666
-3.813146 -5.431408
-3.829802 -5.419255
-3.846180 -5.407213
-3.862275 -5.395287
-3.878084 -5.383484
-3.893605 -5.371810
-3.908835 -5.360269
-3.923770 -5.348867
-3.938409 -5.337611
-3.952749 -5.326505
-3.966789 -5.315554
-3.980526 -5.304763
-3.993959 -5.294138
-4.007086 -5.283683
-4.019906 -5.273402
-4.032419 -5.263301
-4.044622 -5.253383
-4.056516 -5.243653
-4.068100 -5.234114
-4.079373 -5.224770
-4.090337 -5.215625
-4.100990 -5.206682
-4.111333 -5.197944
-4.121367 -5.189413
-4.131093 -5.181094
-4.140511 -5.172987
-4.149623 -5.165095
-4.158431 -5.157421
-4.166935 -5.149966
-4.175137 -5.142730
-4.183041 -5.135717
-4.190648 -5.128925
-4.197960 -5.122357
-4.204981 -5.116013
-4.211713 -5.109892
-4.218159 -5.103994
-4.224323 -5.098320
-4.230209 -5.092868
-4.235820 -5.087638
-4.241161 -5.082628
-4.246235 -5.077837
-4.251048 -5.073263
-4.255603 -5.068903
-4.259907 -5.064757
-4.263963 -5.060820
-4.267779 -5.057090
-4.271358 -5.053564
-4.274707 -5.050239
-4.277832 -5.047111
-4.280739 -5.044175
-4.283435 -5.041428
-4.285926 -5.038865
-4.288219 -5.036482
-4.290321 -5.034273
-4.292240 -5.032234
-4.293982 -5.030359
-4.295556 -5.028641
-4.296968 -5.027077
-4.298228 -5.025659
-4.299343 -5.024381
-4.300321 -5.023237
-4.301170 -5.022220
-4.301900 -5.021323
-4.302519 -5.020540
-4.303035 -5.019863
-4.303458 -5.019285
-4.303797 -5.018799
-4.304060 -5.018397
-4.304257 -5.018072
-4.304397 -5.017815
-4.304489 -5.017620
-4.304543 -5.017478
-4.304569 -5.017381
-4.304575 -5.017321
-4.304571 -5.017291
-4.304567 -5.017282
-4.304572 -5.017285
-4.304595 -5.017294
-4.304647 -5.017299
-4.304736 -5.017292
-4.304872 -5.017266
-4.305064 -5.017213
-4.305322 -5.017123
-4.305654 -5.016990
-4.306070 -5.016804
-4.306578 -5.016559
-4.307188 -5.016246
-4.307908 -5.015858
-4.308747 -5.015387
-4.309712 -5.014825
-4.310813 -5.014164
-4.312057 -5.013398
-4.313452 -5.012519
-4.315006 -5.011519
-4.316726 -5.010393
-4.318619 -5.009132
-4.320694 -5.007730
-4.322955 -5.006180
-4.325410 -5.004476
-4.328065 -5.002611
-4.330927 -5.000580
-4.334000 -4.998375
-4.337290 -4.995992
-4.340803 -4.993424
-4.344544 -4.990666
-4.348516 -4.987712
-4.352725 -4.984557
-4.357175 -4.981197
-4.361868 -4.977625
-4.366809 -4.973837
-4.372001 -4.969830
-4.377447 -4.965597
-4.383149 -4.961136
-4.389109 -4.956442
-4.395329 -4.951511
-4.401812 -4.946339
-4.408557 -4.940923
-4.415567 -4.935260
-4.422841 -4.929346
-4.430381 -4.923178
-4.438186 -4.916755
-4.446256 -4.910072
-4.454591 -4.903127
-4.463189 -4.895919
-4.472051 -4.888445
-4.481173 -4.880703
-4.490555 -4.872692
-4.500195 -4.864409
-4.510091 -4.855854
-4.520239 -4.847025
-4.530638 -4.837922
-4.541285 -4.828543
-4.552176 -4.818887
-4.563308 -4.808954
-4.574677 -4.798745
-4.586279 -4.788257
-4.598111 -4.777493
-4.610167 -4.766451
-4.622444 -4.755132
-4.634937 -4.743537
-4.647641 -4.731666
-4.660550 -4.719520
-4.673660 -4.707101
-4.686965 -4.694409
-4.700460 -4.681445
-4.714138 -4.668212
-4.727995 -4.654710
-4.742024 -4.640942
-4.756219 -4.626911
-4.770573 -4.612617
-4.785081 -4.598063
-4.799737 -4.583252
-4.814532 -4.568187
-4.829462 -4.552871
-4.844519 -4.537305
-4.859697 -4.521495
-4.874988 -4.505442
-4.890387 -4.489151
-4.905885 -4.472625
-4.921476 -4.455868
-4.937154 -4.438883
-4.952911 -4.421676
-4.968740 -4.404250
-4.984634 -4.386610
-5.000586 -4.368760
-5.016589 -4.350705
-5.032636 -4.332450
-5.048720 -4.314000
-5.064834 -4.295360
-5.080971 -4.276536
-5.097125 -4.257532
-5.113288 -4.238355
-5.129453 -4.219011
-5.145614 -4.199504
-5.161764 -4.179842
-5.177897 -4.160029
-5.194005 -4.140074
-5.210083 -4.119981
-5.226123 -4.099757
-5.242120 -4.079410
-5.258066 -4.058945
-5.273957 -4.038370
-5.289786 -4.017691
-5.305547 -3.996916
-5.321234 -3.976052
-5.336840 -3.955105
-5.352362 -3.934084
-5.367792 -3.912996
-5.383127 -3.891848
-5.398359 -3.870647
-5.413484 -3.849403
-5.428498 -3.828122
-5.443394 -3.806812
-5.458168 -3.785480
-5.472816 -3.764136
-5.487333 -3.742787
-5.501715 -3.721441
-5.515956 -3.700106
-5.530054 -3.678790
-5.544004 -3.657502
-5.557802 -3.636249
-5.571444 -3.615040
-5.584927 -3.593882
-5.598248 -3.572785
-5.611403 -3.551757
-5.624389 -3.530805
-5.637203 -3.509938
-5.649842 -3.489164
-5.662303 -3.468491
-5.674584 -3.447928
-5.686683 -3.427483
-5.698596 -3.407163
-5.710323 -3.386976
-5.721861 -3.366931
-5.733207 -3.347036
-5.744361 -3.327298
-5.755321 -3.307725
-5.766085 -3.288325
-5.776653 -3.269106
-5.787022 -3.250074
-5.797192 -3.231238
-5.807162 -3.212604
-5.816932 -3.194180
-5.826500 -3.175973
-5.835866 -3.157989
-5.845029 -3.140235
-5.853990 -3.122719
-5.862749 -3.105446
-5.871305 -3.088422
-5.879658 -3.071655
-5.887809 -3.055149
-5.895759 -3.038910
-5.903506 -3.022944
-5.911053 -3.007256
-5.918400 -2.991852
-5.925547 -2.976735
-5.932495 -2.961912
-5.939247 -2.947386
-5.945802 -2.933161
-5.952161 -2.919241
-5.958327 -2.905631
-5.964301 -2.892333
-5.970084 -2.879350
-5.975677 -2.866686
-5.981083 -2.854342
-5.986303 -2.842322
-5.991340 -2.830627
-5.996194 -2.819259
-6.000869 -2.808219
-6.005366 -2.797509
-6.009687 -2.787129
-6.013836 -2.777079
-6.017814 -2.767359
-6.021623 -2.757971
-6.025267 -2.748912
-6.028748 -2.740182
-6.032069 -2.731779
-6.035233 -2.723703
-6.038241 -2.715951
-6.041099 -2.708521
-6.043808 -2.701410
-6.046371 -2.694616
-6.048793 -2.688135
-6.051075 -2.681963
-6.053222 -2.676096
-6.055237 -2.670531
-6.057123 -2.665262
-6.058884 -2.660284
-6.060524 -2.655593
-6.062047 -2.651181
-6.063455 -2.647044
-6.064753 -2.643175
-6.065946 -2.639567
-6.067036 -2.636213
-6.068029 -2.633107
-6.068927 -2.630240
-6.069736 -2.627604
-6.070460 -2.625192
-6.071103 -2.622994
-6.071669 -2.621003
-6.072163 -2.619209
-6.072590 -2.617604
-6.072953 -2.616176
-6.073258 -2.614918
-6.073510 -2.613819
-6.073712 -2.612869
-6.073870 -2.612057
-6.073989 -2.611374
-6.074073 -2.610808
-6.074127 -2.610350
-6.074157 -2.609987
-6.074166 -2.609709
-6.074161 -2.609506
-6.074146 -2.609364
-6.074125 -2.609274
-6.074105 -2.609224
-6.074089 -2.609203
-6.074084 -2.609199
-6.074093 -2.609200
-6.074121 -2.609195
-6.074175 -2.609173
-6.074257 -2.609122
-6.074375 -2.609031
-6.074531 -2.608888
-6.074731 -2.608682
-6.074979 -2.608402
-6.075280 -2.608037
-6.075639 -2.607575
-6.076060 -2.607007
-6.076548 -2.606319
-6.077106 -2.605504
-6.077738 -2.604548
-6.078450 -2.603444
-6.079244 -2.602179
-6.080125 -2.600745
-6.081096 -2.599131
-6.082161 -2.597328
-6.083324 -2.595326
-6.084586 -2.593117
-6.085953 -2.590691
-6.087426 -2.588040
-6.089008 -2.585155
-6.090702 -2.582028
-6.092511 -2.578651
-6.094437 -2.575016
-6.096481 -2.571116
-6.098646 -2.566944
-6.100934 -2.562494
-6.103345 -2.557757
-6.105882 -2.552729
-6.108546 -2.547402
-6.111337 -2.541772
-6.114257 -2.535833
-6.117305 -2.529579
-6.120483 -2.523007
-6.123789 -2.516110
-6.127226 -2.508886
-6.130791 -2.501329
-6.134485 -2.493437
-6.138307 -2.485206
-6.142257 -2.476633
-6.146333 -2.467714
-6.150533 -2.458449
-6.154858 -2.448833
-6.159305 -2.438866
-6.163872 -2.428546
-6.168557 -2.417871
-6.173359 -2.406841
-6.178274 -2.395454
-6.183302 -2.383709
-6.188438 -2.371608
-6.193681 -2.359150
-6.199027 -2.346334
-6.204473 -2.333162
-6.210016 -2.319635
-6.215653 -2.305753
-6.221381 -2.291518
-6.227195 -2.276932
-6.233092 -2.261996
-6.239068 -2.246712
-6.245119 -2.231083
-6.251242 -2.215112
-6.257432 -2.198800
-6.263685 -2.182152
-6.269997 -2.165170
-6.276363 -2.147858
-6.282779 -2.130219
-6.289240 -2.112258
-6.295743 -2.093979
-6.302282 -2.075385
-6.308853 -2.056482
-6.315452 -2.037274
-6.322073 -2.017767
-6.328712 -1.997965
-6.335364 -1.977873
-6.342025 -1.957498
-6.348690 -1.936844
-6.355355 -1.915918
-6.362014 -1.894725
-6.368663 -1.873273
-6.375298 -1.851566
-6.381914 -1.829613
-6.388507 -1.807418
-6.395071 -1.784990
-6.401603 -1.762335
-6.408099 -1.739460
-6.414554 -1.716373
-6.420963 -1.693080
-6.427324 -1.669590
-6.433630 -1.645909
-6.439880 -1.622047
-6.446068 -1.598010
-6.452192 -1.573806
-6.458247 -1.549444
-6.464229 -1.524931
-6.470136 -1.500277
-6.475964 -1.475489
-6.481709 -1.450576
-6.487369 -1.425546
-6.492940 -1.400408
-6.498420 -1.375171
-6.503806 -1.349843
-6.509095 -1.324433
-6.514285 -1.298950
-6.519372 -1.273404
-6.524356 -1.247802
-6.529234 -1.222154
-6.534004 -1.196470
-6.538664 -1.170757
-6.543212 -1.145026
-6.547647 -1.119286
-6.551967 -1.093545
-6.556172 -1.067813
-6.560260 -1.042099
-6.564230 -1.016412
-6.568081 -0.990761
-6.571812 -0.965157
-6.575424 -0.939607
-6.578915 -0.914121
-6.582286 -0.888708
-6.585536 -0.863377
-6.588665 -0.838138
-6.591674 -0.812999
-6.594562 -0.787969
-6.597330 -0.763058
-6.599979 -0.738273
-6.602509 -0.713625
-6.604922 -0.689122
-6.607218 -0.664772
-6.609397 -0.640584
-6.611462 -0.616567
-6.613414 -0.592729
-6.615254 -0.569079
-6.616983 -0.545623
-6.618604 -0.522372
-6.620118 -0.499333
-6.621526 -0.476513
-6.622831 -0.453921
-6.624035 -0.431564
-6.625139 -0.409449
-6.626147 -0.387584
-6.627060 -0.365977
-6.627881 -0.344634
-6.628611 -0.323562
-6.629254 -0.302768
-6.629812 -0.282258
-6.630288 -0.262039
-6.630684 -0.242117
-6.631003 -0.222498
-6.631248 -0.203187
-6.631422 -0.184191
-6.631526 -0.165515
-6.631565 -0.147164
-6.631540 -0.129142
-6.631455 -0.111455
-6.631313 -0.094107
-6.631117 -0.077102
-6.630869 -0.060444
-6.630572 -0.044138
-6.630229 -0.028185
-6.629843 -0.012591
-6.629416 0.002644
-6.628953 0.017515
-6.628454 0.032020
-6.627924 0.046158
-6.627365 0.059926
-6.626778 0.073324
-6.626168 0.086349
-6.625537 0.099001
-6.624886 0.111279
-6.624219 0.123184
-6.623538 0.134714
-6.622846 0.145871
-6.622143 0.156656
-6.621434 0.167068
-6.620719 0.177110
-6.620002 0.186783
-6.619283 0.196090
-6.618565 0.205032
-6.617849 0.213613
-6.617138 0.221835
-6.616433 0.229702
-6.615735 0.237217
-6.615047 0.244385
-6.614369 0.251211
-6.613703 0.257698
-6.613049 0.263852
-6.612410 0.269679
-6.611786 0.275184
-6.611179 0.280374
-6.610588 0.285254
-6.610016 0.289833
-6.609462 0.294116
-6.608927 0.298111
-6.608413 0.301827
-6.607919 0.305271
-6.607445 0.308451
-6.606993 0.311377
-6.606563 0.314057
-6.606154 0.316501
-6.605768 0.318717
-6.605403 0.320717
-6.605061 0.322509
-6.604741 0.324105
-6.604442 0.325515
-6.604166 0.326749
-6.603912 0.327818
-6.603679 0.328734
-6.603467 0.329508
-6.603276 0.330152
-6.603107 0.330676
-6.602957 0.331094
-6.602827 0.331417
-6.602717 0.331657
-6.602626 0.331826
-6.602553 0.331937
-6.602498 0.332001
-6.602461 0.332032
-6.602440 0.332041
-6.602436 0.332042
-6.602447 0.332047
-6.602474 0.332067
-6.602514 0.332117
-6.602569 0.332207
-6.602636 0.332351
-6.602715 0.332560
-6.602806 0.332847
-6.602908 0.333225
-6.603019 0.333704
-6.603140 0.334298
-6.603268 0.335017
-6.603405 0.335873
-6.603547 0.336879
-6.603696 0.338044
-6.603849 0.339380
-6.604006 0.340898
-6.604166 0.342608
-6.604327 0.344521
-6.604489 0.346647
-6.604651 0.348996
-6.604812 0.351577
-6.604970 0.354400
-6.605124 0.357474
-6.605274 0.360807
-6.605417 0.364409
-6.605552 0.368286
-6.605679 0.372448
-6.605795 0.376901
-6.605900 0.381653
-6.605992 0.386711
-6.606068 0.392081
-6.606129 0.397769
-6.606172 0.403782
-6.606195 0.410124
-6.606197 0.416802
-6.606176 0.423819
-6.606130 0.431180
-6.606058 0.438890
-6.605956 0.446951
-6.605825 0.455369
-6.605660 0.464144
-6.605461 0.473281
-6.605225 0.482782
-6.604951 0.492648
-6.604635 0.502882
-6.604276 0.513484
-6.603871 0.524456
-6.603418 0.535798
-6.602915 0.547511
-6.602360 0.559594
-6.601749 0.572047
-6.601082 0.584870
-6.600354 0.598061
-6.599564 0.611620
-6.598709 0.625544
-6.597786 0.639832
-6.596794 0.654482
-6.595730 0.669491
-6.594590 0.684856
-6.593373 0.700574
-6.592077 0.716642
-6.590698 0.733057
-6.589234 0.749813
-6.587682 0.766909
-6.586041 0.784338
-6.584308 0.802096
-6.582480 0.820179
-6.580555 0.838582
-6.578531 0.857298
-6.576406 0.876323
-6.574177 0.895651
-6.571841 0.915276
-6.569398 0.935192
-6.566845 0.955393
-6.564180 0.975871
-6.561400 0.996621
-6.558505 1.017635
-6.555493 1.038907
-6.552361 1.060429
-6.549109 1.082194
-6.545734 1.104194
-6.542236 1.126423
-6.538613 1.148871
-6.534864 1.171532
-6.530987 1.194397
-6.526982 1.217458
-6.522848 1.240708
-6.518585 1.264137
-6.514191 1.287737
-6.509666 1.311500
-6.505009 1.335418
-6.500221 1.359481
-6.495301 1.383681
-6.490250 1.408009
-6.485067 1.432457
-6.479752 1.457015
-6.474307 1.481674
-6.468731 1.506427
-6.463025 1.531262
-6.457191 1.556173
-6.451228 1.581148
-6.445139 1.606181
-6.438924 1.631260
-6.432585 1.656378
-6.426123 1.681525
-6.419540 1.706692
-6.412838 1.731870
-6.406019 1.757051
-6.399084 1.782224
-6.392037 1.807381
-6.384879 1.832513
-6.377614 1.857612
-6.370243 1.882667
-6.362769 1.907671
-6.355196 1.932614
-6.347526 1.957488
-6.339764 1.982284
-6.331911 2.006994
-6.323971 2.031609
-6.315949 2.056120
-6.307847 2.080519
-6.299670 2.104798
-6.291422 2.128949
-6.283106 2.152963
-6.274726 2.176832
-6.266288 2.200549
-6.257795 2.224105
-6.249251 2.247493
-6.240661 2.270706
-6.232031 2.293735
-6.223363 2.316574
-6.214664 2.339215
-6.205938 2.361651
-6.197190 2.383875
-6.188425 2.405881
-6.179648 2.427661
-6.170864 2.449209
-6.162078 2.470519
-6.153294 2.491584
-6.144520 2.512398
-6.135758 2.532955
-6.127016 2.553250
-6.118297 2.573277
-6.109608 2.593030
-6.100953 2.612505
-6.092337 2.631695
-6.083766 2.650597
-6.075246 2.669205
-6.066780 2.687515
-6.058374 2.705522
-6.050033 2.723223
-6.041762 2.740614
-6.033567 2.757689
-6.025451 2.774447
-6.017420 2.790884
-6.009479 2.806996
-6.001631 2.822781
-5.993882 2.838236
-5.986236 2.853358
-5.978697 2.868146
-5.971270 2.882596
-5.963958 2.896708
-5.956766 2.910479
-5.949697 2.923909
-5.942755 2.936996
-5.935944 2.949740
-5.929266 2.962139
-5.922725 2.974194
-5.916324 2.985903
-5.910066 2.997268
-5.903954 3.008289
-5.897989 3.018966
-5.892175 3.029301
-5.886513 3.039293
-5.881006 3.048946
-5.875654 3.058259
-5.870460 3.067237
-5.865425 3.075879
-5.860549 3.084190
-5.855834 3.092171
-5.851280 3.099827
-5.846887 3.107159
-5.842657 3.114172
-5.838588 3.120869
-5.834681 3.127255
-5.830935 3.133334
-5.827348 3.139111
-5.823922 3.144590
-5.820653 3.149777
-5.817541 3.154677
-5.814584 3.159296
-5.811780 3.163639
-5.809127 3.167714
-5.806623 3.171527
-5.804265 3.175084
-5.802051 3.178393
-5.799977 3.181461
-5.798041 3.184295
-5.796239 3.186903
-5.794568 3.189293
-5.793023 3.191473
-5.791602 3.193452
-5.790299 3.195239
-5.789111 3.196842
-5.788033 3.198271
-5.787062 3.199534
-5.786191 3.200641
-5.785416 3.201602
-5.784732 3.202427
-5.784134 3.203126
-5.783617 3.203708
-5.783176 3.204184
-5.782804 3.204564
-5.782496 3.204859
-5.782248 3.205079
-5.782052 3.205235
-5.781904 3.205338
-5.781796 3.205399
-5.781725 3.205428
-5.781682 3.205437
-5.781663 3.205435
-5.781662 3.205435
-5.781672 3.205447
-5.781687 3.205482
-5.781701 3.205551
-5.781708 3.205664
-5.781702 3.205833
-5.781678 3.206069
-5.781628 3.206381
-5.781547 3.206781
-5.781429 3.207278
-5.781268 3.207884
-5.781058 3.208608
-5.780793 3.209460
-5.780467 3.210451
-5.780075 3.211589
-5.779611 3.212884
-5.779070 3.214346
-5.778445 3.215984
-5.777732 3.217805
-5.776924 3.219820
-5.776018 3.222036
-5.775006 3.224462
-5.773886 3.227105
-5.772650 3.229973
-5.771295 3.233073
-5.769815 3.236412
-5.768206 3.239997
-5.766464 3.243834
-5.764582 3.247929
-5.762559 3.252289
-5.760387 3.256918
-5.758065 3.261822
-5.755587 3.267005
-5.752949 3.272473
-5.750148 3.278228
-5.747180 3.284276
-5.744041 3.290619
-5.740728 3.297261
-5.737236 3.304204
-5.733563 3.311451
-5.729706 3.319004
-5.725660 3.326865
-5.721424 3.335036
-5.716995 3.343517
-5.712369 3.352309
-5.707544 3.361413
-5.702517 3.370828
-5.697286 3.380556
-5.691849 3.390594
-5.686203 3.400943
-5.680347 3.411602
-5.674277 3.422568
-5.667993 3.433840
-5.661493 3.445417
-5.654775 3.457295
-5.647837 3.469473
-5.640678 3.481947
-5.633297 3.494715
-5.625693 3.507772
-5.617865 3.521115
-5.609811 3.534741
-5.601532 3.548645
-5.593026 3.562823
-5.584293 3.577271
-5.575332 3.591982
-5.566144 3.606953
-5.556728 3.622179
-5.547084 3.637653
-5.537213 3.653370
-5.527114 3.669324
-5.516788 3.685510
-5.506236 3.701921
-5.495458 3.718550
-5.484455 3.735393
-5.473228 3.752441
-5.461779 3.769688
-5.450107 3.787127
-5.438216 3.804751
-5.426106 3.822554
-5.413780 3.840528
-5.401238 3.858665
-5.388483 3.876959
-5.375517 3.895401
-5.362343 3.913985
-5.348962 3.932703
-5.335377 3.951546
-5.321592 3.970508
-5.307608 3.989581
-5.293429 4.008756
-5.279058 4.028027
-5.264498 4.047384
-5.249754 4.066821
-5.234827 4.086330
-5.219723 4.105901
-5.204444 4.125529
-5.188996 4.145204
-5.173381 4.164919
-5.157606 4.184667
-5.141673 4.204438
-5.125587 4.224227
-5.109354 4.244024
-5.092978 4.263822
-5.076465 4.283613
-5.059818 4.303391
-5.043044 4.323147
-5.026148 4.342873
-5.009136 4.362564
-4.992012 4.382210
-4.974784 4.401805
-4.957456 4.421342
-4.940035 4.440814
-4.922527 4.460213
-4.904938 4.479534
-4.887275 4.498768
-4.869543 4.517909
-4.851750 4.536952
-4.833902 4.555888
-4.816005 4.574712
-4.798067 4.593418
-4.780095 4.612000
-4.762094 4.630451
-4.744073 4.648765
-4.726039 4.666937
-4.707998 4.684962
-4.689958 4.702833
-4.671926 4.720546
-4.653909 4.738094
-4.635916 4.755474
-4.617952 4.772680
-4.600026 4.789706
-4.582144 4.806550
-4.564316 4.823205
-4.546547 4.839668
-4.528845 4.855935
-4.511218 4.872001
-4.493674 4.887862
-4.476219 4.903515
-4.458862 4.918956
-4.441608 4.934181
-4.424467 4.949188
-4.407445 4.963972
-4.390550 4.978531
-4.373788 4.992863
-4.357166 5.006964
-4.340693 5.020831
-4.324375 5.034463
-4.308218 5.047857
-4.292230 5.061011
-4.276417 5.073923
-4.260786 5.086592
-4.245343 5.099015
-4.230095 5.111191
-4.215047 5.123119
-4.200207 5.134797
-4.185579 5.146225
-4.171169 5.157402
-4.156984 5.168327
-4.143029 5.178999
-4.129308 5.189418
-4.115826 5.199584
-4.102590 5.209496
-4.089602 5.219155
-4.076869 5.228561
-4.064393 5.237714
-4.052179 5.246614
-4.040230 5.255263
-4.028551 5.263661
-4.017143 5.271809
-4.006012 5.279708
-3.995157 5.287360
-3.984584 5.294765
-3.974293 5.301925
-3.964287 5.308842
-3.954566 5.315518
-3.945133 5.321955
-3.935989 5.328154
-3.927134 5.334119
-3.918568 5.339851
-3.910293 5.345353
-3.902306 5.350628
-3.894609 5.355678
-3.887200 5.360507
-3.880079 5.365118
-3.873242 5.369514
-3.866690 5.373699
-3.860419 5.377675
-3.854428 5.381448
-3.848713 5.385020
-3.843271 5.388396
-3.838100 5.391580
-3.833195 5.394577
-3.828552 5.397389
-3.824166 5.400024
-3.820034 5.402484
-3.816151 5.404775
-3.812510 5.406902
-3.809106 5.408870
-3.805934 5.410685
-3.802987 5.412351
-3.800258 5.413874
-3.797742 5.415260
-3.795431 5.416515
-3.793317 5.417645
-3.791394 5.418655
-3.789653 5.419551
-3.788087 5.420341
-3.786686 5.421030
-3.785444 5.421624
-3.784351 5.422131
-3.783398 5.422557
-3.782576 5.422908
-3.781876 5.423192
-3.781289 5.423414
-3.780806 5.423583
-3.780415 5.423705
-3.780109 5.423786
-3.779877 5.423835
-3.779709 5.423858
-3.779595 5.423863
-3.779524 5.423856
-3.779488 5.423845
-3.779475 5.423836
-3.779475 5.423837
-3.779478 5.423856
-3.779475 5.423899
