6.321542 0.000000
6.321456 -0.030663
6.321198 -0.061304
6.320768 -0.091903
6.320168 -0.122437
6.319398 -0.152885
6.318462 -0.183225
6.317360 -0.213438
6.316095 -0.243500
6.314670 -0.273390
6.313090 -0.303088
6.311356 -0.332572
6.309474 -0.361820
6.307447 -0.390812
6.305281 -0.419526
6.302981 -0.447942
6.300551 -0.476037
6.297998 -0.503792
6.295328 -0.531185
6.292547 -0.558195
6.289662 -0.584802
6.286679 -0.610985
6.283607 -0.636723
6.280451 -0.661996
6.277221 -0.686783
6.273923 -0.711064
6.270566 -0.734819
6.267159 -0.758028
6.263709 -0.780670
6.260225 -0.802726
6.256716 -0.824177
6.253190 -0.845002
6.249658 -0.865183
6.246127 -0.884700
6.242606 -0.903533
6.239105 -0.921665
6.235633 -0.939076
6.232198 -0.955748
6.228810 -0.971663
6.225477 -0.986803
6.222209 -1.001149
6.219013 -1.014685
6.215898 -1.027394
6.212873 -1.039258
6.209945 -1.050261
6.207123 -1.060386
6.204414 -1.069619
6.201824 -1.077943
6.199362 -1.085343
6.197033 -1.091805
6.194844 -1.097315
6.192799 -1.101859
6.190906 -1.105424
6.189167 -1.107997
6.187589 -1.109568
6.186173 -1.110124
6.184924 -1.109655
6.183844 -1.108151
6.182935 -1.105603
6.182199 -1.102004
6.181636 -1.097345
6.181245 -1.091620
6.181028 -1.084824
6.180982 -1.076953
6.181105 -1.068002
6.181394 -1.057970
6.181847 -1.046856
6.182459 -1.034659
6.183225 -1.021381
6.184140 -1.007025
6.185197 -0.991596
6.186390 -0.975097
6.187711 -0.957537
6.189152 -0.938924
6.190704 -0.919269
6.192357 -0.898582
6.194103 -0.876878
6.195930 -0.854171
6.197828 -0.830478
6.199785 -0.805819
6.201790 -0.780213
6.203831 -0.753683
6.205896 -0.726253
6.207973 -0.697948
6.210049 -0.668796
6.212112 -0.638827
6.214149 -0.608072
6.216149 -0.576564
6.218100 -0.544337
6.219989 -0.511429
6.221805 -0.477876
6.223538 -0.443720
6.225177 -0.409000
6.226711 -0.373759
6.228132 -0.338041
6.229431 -0.301892
6.230600 -0.265357
6.231632 -0.228483
6.232521 -0.191320
6.233262 -0.153914
6.233849 -0.116317
6.234280 -0.078579
6.234552 -0.040749
6.234665 -0.002878
6.234616 0.034982
6.234408 0.072782
6.234042 0.110469
6.233520 0.147995
6.232846 0.185308
6.232024 0.222360
6.231061 0.259102
6.229963 0.295487
6.228736 0.331467
6.227389 0.366996
6.225931 0.402031
6.224371 0.436528
6.222719 0.470444
6.220986 0.503740
6.219182 0.536376
6.217320 0.568315
6.215410 0.599521
6.213466 0.629960
6.211498 0.659600
6.209519 0.688410
6.207542 0.716362
6.205579 0.743428
6.203642 0.769584
6.201742 0.794805
6.199892 0.819072
6.198103 0.842363
6.196385 0.864661
6.194750 0.885950
6.193207 0.906215
6.191767 0.925444
6.190437 0.943625
6.189228 0.960749
6.188146 0.976808
6.187198 0.991795
6.186393 1.005706
6.185734 1.018537
6.185228 1.030286
6.184880 1.040952
6.184692 1.050535
6.184668 1.059037
6.184811 1.066461
6.185122 1.072810
6.185603 1.078089
6.186252 1.082305
6.187072 1.085463
6.188059 1.087573
6.189213 1.088641
6.190532 1.088679
6.192012 1.087695
6.193651 1.085700
6.195444 1.082707
6.197387 1.078727
6.199475 1.073772
6.201703 1.067857
6.204065 1.060996
6.206554 1.053201
6.209164 1.044489
6.211888 1.034874
6.214719 1.024372
6.217649 1.012999
6.220670 1.000771
6.223774 0.987706
6.226953 0.973820
6.230199 0.959130
6.233503 0.943655
6.236855 0.927411
6.240248 0.910418
6.243672 0.892693
6.247119 0.874255
6.250579 0.855124
6.254044 0.835317
6.257504 0.814854
6.260951 0.793754
6.264375 0.772038
6.267769 0.749723
6.271124 0.726831
6.274431 0.703382
6.277681 0.679394
6.280867 0.654889
6.283981 0.629887
6.287016 0.604408
6.289962 0.578472
6.292814 0.552100
6.295565 0.525314
6.298207 0.498133
6.300734 0.470578
6.303140 0.442671
6.305419 0.414432
6.307566 0.385882
6.309575 0.357043
6.311442 0.327935
6.313162 0.298580
6.314730 0.268999
6.316144 0.239214
6.317399 0.209245
6.318493 0.179114
6.319422 0.148842
6.320185 0.118451
6.320779 0.087963
6.321203 0.057398
6.321456 0.026778
6.321537 -0.003876
6.321446 -0.034541
6.321182 -0.065197
6.320747 -0.095822
6.320141 -0.126394
6.319365 -0.156892
6.318421 -0.187295
6.317311 -0.217582
6.316037 -0.247730
6.314602 -0.277718
6.313009 -0.307526
6.311263 -0.337132
6.309366 -0.366514
6.307322 -0.395651
6.305138 -0.424523
6.302817 -0.453108
6.300364 -0.481385
6.297786 -0.509332
6.295089 -0.536930
6.292278 -0.564157
6.289360 -0.590992
6.286342 -0.617415
6.283232 -0.643405
6.280036 -0.668941
6.276762 -0.694003
6.273418 -0.718571
6.270011 -0.742625
6.266551 -0.766143
6.263046 -0.789107
6.259503 -0.811496
6.255933 -0.833291
6.252343 -0.854472
6.248743 -0.875019
6.245141 -0.894914
6.241547 -0.914137
6.237969 -0.932669
6.234418 -0.950491
6.230901 -0.967585
6.227428 -0.983933
6.224008 -0.999516
6.220650 -1.014317
6.217362 -1.028318
6.214154 -1.041501
6.211033 -1.053850
6.208008 -1.065347
6.205086 -1.075978
6.202276 -1.085724
6.199585 -1.094572
6.197021 -1.102505
6.194589 -1.109508
6.192296 -1.115569
6.190149 -1.120671
6.188152 -1.124803
6.186312 -1.127951
6.184632 -1.130103
6.183117 -1.131248
6.181770 -1.131375
6.180594 -1.130473
6.179591 -1.128533
6.178764 -1.125546
6.178114 -1.121505
6.177640 -1.116402
6.177343 -1.110232
6.177222 -1.102989
6.177275 -1.094669
6.177500 -1.085270
6.177894 -1.074790
6.178453 -1.063227
6.179173 -1.050583
6.180049 -1.036860
6.181075 -1.022061
6.182244 -1.006190
6.183550 -0.989254
6.184984 -0.971260
6.186537 -0.952218
6.188202 -0.932138
6.189968 -0.911032
6.191825 -0.888916
6.193762 -0.865804
6.195769 -0.841714
6.197834 -0.816666
6.199945 -0.790680
6.202090 -0.763780
6.204258 -0.735990
6.206434 -0.707337
6.208608 -0.677849
6.210766 -0.647557
6.212897 -0.616492
6.214988 -0.584688
6.217026 -0.552180
6.219001 -0.519006
6.220900 -0.485204
6.222714 -0.450814
6.224431 -0.415878
6.226041 -0.380439
6.227537 -0.344542
6.228908 -0.308231
6.230147 -0.271553
6.231248 -0.234557
6.232204 -0.197290
6.233011 -0.159801
6.233663 -0.122141
6.234159 -0.084360
6.234495 -0.046508
6.234671 -0.008636
6.234687 0.029206
6.234543 0.066965
6.234241 0.104593
6.233784 0.142038
6.233177 0.179251
6.232423 0.216183
6.231529 0.252786
6.230502 0.289011
6.229347 0.324814
6.228075 0.360148
6.226693 0.394969
6.225212 0.429235
6.223641 0.462904
6.221991 0.495936
6.220273 0.528292
6.218499 0.559937
6.216680 0.590835
6.214828 0.620953
6.212955 0.650258
6.211074 0.678721
6.209196 0.706315
6.207335 0.733012
6.205500 0.758789
6.203705 0.783623
6.201961 0.807492
6.200279 0.830379
6.198670 0.852265
6.197144 0.873135
6.195711 0.892976
6.194381 0.911775
6.193161 0.929523
6.192061 0.946209
6.191088 0.961827
6.190249 0.976370
6.189550 0.989835
6.188998 1.002219
6.188596 1.013519
6.188349 1.023735
6.188260 1.032869
6.188333 1.040922
6.188570 1.047898
6.188971 1.053801
6.189539 1.058635
6.190272 1.062408
6.191171 1.065127
6.192234 1.066799
6.193459 1.067433
6.194844 1.067040
6.196385 1.065629
6.198080 1.063212
6.199925 1.059801
6.201914 1.055408
6.204042 1.050045
6.206304 1.043727
6.208695 1.036468
6.211207 1.028281
6.213834 1.019183
6.216568 1.009187
6.219404 0.998312
6.222332 0.986572
6.225346 0.973983
6.228436 0.960564
6.231595 0.946331
6.234814 0.931301
6.238084 0.915493
6.241397 0.898924
6.244745 0.881613
6.248117 0.863578
6.251506 0.844838
6.254902 0.825411
6.258297 0.805317
6.261681 0.784576
6.265046 0.763206
6.268383 0.741227
6.271684 0.718658
6.274940 0.695521
6.278143 0.671834
6.281284 0.647618
6.284356 0.622893
6.287351 0.597679
6.290261 0.571998
6.293079 0.545869
6.295798 0.519313
6.298411 0.492350
6.300912 0.465003
6.303294 0.437291
6.305552 0.409235
6.307679 0.380857
6.309670 0.352177
6.311521 0.323217
6.313226 0.293998
6.314782 0.264541
6.316184 0.234867
6.317429 0.204999
6.318514 0.174956
6.319436 0.144760
6.320191 0.114434
6.320779 0.083997
6.321198 0.053473
6.321445 0.022881
6.321521 -0.007755
6.321425 -0.038416
6.321157 -0.069079
6.320716 -0.099724
6.320104 -0.130327
6.319322 -0.160869
6.318371 -0.191327
6.317253 -0.221681
6.315970 -0.251908
6.314525 -0.281988
6.312921 -0.311898
6.311162 -0.341619
6.309250 -0.371128
6.307191 -0.400404
6.304988 -0.429426
6.302647 -0.458173
6.300173 -0.486624
6.297570 -0.514758
6.294846 -0.542553
6.292006 -0.569990
6.289057 -0.597046
6.286005 -0.623702
6.282857 -0.649937
6.279621 -0.675730
6.276304 -0.701060
6.272914 -0.725908
6.269460 -0.750253
6.265948 -0.774074
6.262387 -0.797353
6.258787 -0.820068
6.255156 -0.842200
6.251502 -0.863730
6.247834 -0.884637
6.244163 -0.904903
6.240495 -0.924508
6.236842 -0.943433
6.233211 -0.961660
6.229612 -0.979170
6.226055 -0.995944
6.222548 -1.011964
6.219100 -1.027213
6.215720 -1.041671
6.212417 -1.055323
6.209200 -1.068151
6.206076 -1.080137
6.203055 -1.091266
6.200143 -1.101521
6.197350 -1.110886
6.194681 -1.119346
6.192145 -1.126886
6.189747 -1.133491
6.187495 -1.139147
6.185393 -1.143841
6.183448 -1.147558
6.181665 -1.150288
6.180047 -1.152017
6.178598 -1.152735
6.177323 -1.152431
6.176224 -1.151095
6.175302 -1.148718
6.174560 -1.145291
6.173998 -1.140808
6.173617 -1.135261
6.173416 -1.128644
6.173394 -1.120954
6.173549 -1.112187
6.173879 -1.102339
6.174380 -1.091411
6.175048 -1.079401
6.175879 -1.066311
6.176867 -1.052144
6.178006 -1.036902
6.179289 -1.020592
6.180708 -1.003220
6.182257 -0.984795
6.183925 -0.965325
6.185703 -0.944823
6.187582 -0.923302
6.189552 -0.900777
6.191601 -0.877263
6.193717 -0.852779
6.195891 -0.827346
6.198108 -0.800985
6.200358 -0.773720
6.202628 -0.745575
6.204905 -0.716580
6.207177 -0.686761
6.209431 -0.656152
6.211654 -0.624783
6.213835 -0.592689
6.215962 -0.559907
6.218022 -0.526474
6.220004 -0.492429
6.221898 -0.457814
6.223693 -0.422669
6.225380 -0.387040
6.226949 -0.350970
6.228392 -0.314506
6.229701 -0.277695
6.230871 -0.240583
6.231894 -0.203222
6.232767 -0.165659
6.233484 -0.127944
6.234044 -0.090129
6.234445 -0.052264
6.234685 -0.014399
6.234764 0.023415
6.234684 0.061126
6.234447 0.098685
6.234056 0.136041
6.233515 0.173145
6.232829 0.209949
6.232005 0.246404
6.231048 0.282463
6.229966 0.318080
6.228768 0.353210
6.227463 0.387810
6.226061 0.421838
6.224571 0.455252
6.223004 0.488014
6.221372 0.520085
6.219686 0.551430
6.217957 0.582013
6.216198 0.611803
6.214420 0.640768
6.212636 0.668880
6.210857 0.696110
6.209096 0.722434
6.207364 0.747828
6.205673 0.772269
6.204035 0.795738
6.202459 0.818216
6.200957 0.839687
6.199539 0.860137
6.198215 0.879551
6.196993 0.897918
6.195882 0.915229
6.194890 0.931476
6.194024 0.946651
6.193291 0.960749
6.192697 0.973767
6.192247 0.985702
6.191947 0.996553
6.191799 1.006320
6.191807 1.015004
6.191974 1.022609
6.192302 1.029137
6.192791 1.034593
6.193443 1.038983
6.194256 1.042314
6.195231 1.044594
6.196366 1.045829
6.197659 1.046031
6.199106 1.045209
6.200706 1.043373
6.202454 1.040535
6.204345 1.036708
6.206376 1.031903
6.208541 1.026134
6.210834 1.019415
6.213250 1.011760
6.215781 1.003184
6.218421 0.993702
6.221163 0.983329
6.223999 0.972082
6.226922 0.959978
6.229923 0.947031
6.232996 0.933261
6.236130 0.918684
6.239319 0.903317
6.242552 0.887180
6.245823 0.870289
6.249121 0.852663
6.252438 0.834321
6.255765 0.815282
6.259094 0.795564
6.262415 0.775187
6.265720 0.754170
6.269000 0.732533
6.272246 0.710295
6.275451 0.687477
6.278605 0.664098
6.281701 0.640178
6.284730 0.615737
6.287685 0.590796
6.290558 0.565376
6.293341 0.539496
6.296028 0.513177
6.298612 0.486441
6.301086 0.459307
6.303443 0.431797
6.305678 0.403932
6.307785 0.375732
6.309758 0.347219
6.311592 0.318414
6.313283 0.289338
6.314825 0.260012
6.316216 0.230457
6.317451 0.200695
6.318526 0.170748
6.319439 0.140636
6.320188 0.110380
6.320770 0.080003
6.321182 0.049526
6.321424 0.018970
6.321495 -0.011643
6.321394 -0.042293
6.321121 -0.072956
6.320675 -0.103613
6.320057 -0.134241
6.319269 -0.164819
6.318311 -0.195325
6.317186 -0.225739
6.315894 -0.256038
6.314440 -0.286202
6.312825 -0.316208
6.311053 -0.346037
6.309128 -0.375665
6.307053 -0.405073
6.304833 -0.434239
6.302472 -0.463141
6.299976 -0.491759
6.297350 -0.520072
6.294600 -0.548058
6.291732 -0.575698
6.288752 -0.602969
6.285666 -0.629851
6.282482 -0.656323
6.279207 -0.682366
6.275848 -0.707957
6.272413 -0.733078
6.268911 -0.757707
6.265348 -0.781825
6.261734 -0.805411
6.258076 -0.828445
6.254385 -0.850908
6.250667 -0.872779
6.246933 -0.894040
6.243192 -0.914670
6.239452 -0.934651
6.235723 -0.953963
6.232013 -0.972588
6.228333 -0.990506
6.224691 -1.007700
6.221097 -1.024151
6.217559 -1.039840
6.214087 -1.054751
6.210689 -1.068864
6.207375 -1.082164
6.204152 -1.094633
6.201030 -1.106255
6.198016 -1.117012
6.195119 -1.126889
6.192345 -1.135870
6.189703 -1.143941
6.187199 -1.151085
6.184840 -1.157290
6.182631 -1.162540
6.180579 -1.166822
6.178689 -1.170124
6.176966 -1.172434
6.175414 -1.173739
6.174036 -1.174028
6.172836 -1.173292
6.171816 -1.171521
6.170979 -1.168706
6.170325 -1.164838
6.169855 -1.159912
6.169570 -1.153920
6.169468 -1.146858
6.169548 -1.138720
6.169808 -1.129505
6.170244 -1.119210
6.170855 -1.107834
6.171634 -1.095378
6.172577 -1.081843
6.173679 -1.067232
6.174933 -1.051550
6.176331 -1.034802
6.177867 -1.016997
6.179531 -0.998142
6.181315 -0.978248
6.183209 -0.957327
6.185202 -0.935393
6.187285 -0.912462
6.189446 -0.888550
6.191673 -0.863677
6.193956 -0.837863
6.196280 -0.811131
6.198635 -0.783505
6.201008 -0.755012
6.203385 -0.725678
6.205755 -0.695535
6.208104 -0.664614
6.210421 -0.632947
6.212693 -0.600571
6.214907 -0.567521
6.217052 -0.533836
6.219117 -0.499556
6.221092 -0.464722
6.222965 -0.429377
6.224727 -0.393565
6.226369 -0.357331
6.227884 -0.320722
6.229263 -0.283784
6.230501 -0.246567
6.231591 -0.209119
6.232530 -0.171490
6.233312 -0.133730
6.233937 -0.095890
6.234401 -0.058020
6.234705 -0.020171
6.234848 0.017606
6.234832 0.055260
6.234660 0.092742
6.234335 0.130001
6.233860 0.166987
6.233242 0.203654
6.232487 0.239953
6.231601 0.275837
6.230592 0.311261
6.229469 0.346180
6.228241 0.380552
6.226917 0.414334
6.225508 0.447487
6.224025 0.479972
6.222479 0.511751
6.220880 0.542789
6.219242 0.573052
6.217575 0.602509
6.215892 0.631129
6.214204 0.658883
6.212524 0.685746
6.210863 0.711692
6.209233 0.736698
6.207645 0.760743
6.206111 0.783808
6.204641 0.805875
6.203245 0.826928
6.201934 0.846953
6.200716 0.865937
6.199601 0.883871
6.198597 0.900744
6.197711 0.916549
6.196950 0.931280
6.196322 0.944932
6.195831 0.957502
6.195482 0.968987
6.195280 0.979389
6.195229 0.988706
6.195331 0.996941
6.195590 1.004096
6.196005 1.010177
6.196579 1.015187
6.197312 1.019134
6.198203 1.022024
6.199251 1.023865
6.200454 1.024666
6.201811 1.024436
6.203318 1.023186
6.204971 1.020926
6.206768 1.017670
6.208704 1.013428
6.210773 1.008213
6.212971 1.002040
6.215291 0.994922
6.217727 0.986874
6.220274 0.977911
6.222923 0.968048
6.225668 0.957300
6.228501 0.945685
6.231415 0.933218
6.234401 0.919917
6.237452 0.905799
6.240558 0.890881
6.243712 0.875180
6.246906 0.858716
6.250129 0.841506
6.253374 0.823569
6.256633 0.804924
6.259895 0.785589
6.263152 0.765584
6.266397 0.744927
6.269619 0.723639
6.272810 0.701739
6.275963 0.679246
6.279068 0.656182
6.282117 0.632564
6.285103 0.608415
6.288017 0.583754
6.290853 0.558601
6.293601 0.532978
6.296255 0.506904
6.298809 0.480400
6.301255 0.453487
6.303587 0.426187
6.305799 0.398519
6.307885 0.370504
6.309839 0.342165
6.311656 0.313521
6.313331 0.284595
6.314860 0.255407
6.316239 0.225979
6.317463 0.196331
6.318529 0.166485
6.319434 0.136464
6.320175 0.106287
6.320750 0.075976
6.321156 0.045553
6.321393 0.015040
6.321459 -0.015543
6.321353 -0.046174
6.321074 -0.076831
6.320623 -0.107493
6.320000 -0.138138
6.319206 -0.168745
6.318242 -0.199293
6.317109 -0.229760
6.315810 -0.260124
6.314346 -0.290365
6.312721 -0.320461
6.310937 -0.350390
6.308998 -0.380131
6.306908 -0.409664
6.304671 -0.438966
6.302292 -0.468017
6.299776 -0.496795
6.297127 -0.525280
6.294351 -0.553450
6.291455 -0.581285
6.288445 -0.608763
6.285327 -0.635864
6.282107 -0.662568
6.278794 -0.688853
6.275394 -0.714699
6.271915 -0.740086
6.268365 -0.764992
6.264752 -0.789399
6.261085 -0.813286
6.257371 -0.836632
6.253620 -0.859418
6.249840 -0.881625
6.246040 -0.903232
6.242229 -0.924220
6.238417 -0.944569
6.234612 -0.964262
6.230825 -0.983278
6.227063 -1.001598
6.223337 -1.019205
6.219655 -1.036079
6.216028 -1.052203
6.212463 -1.067559
6.208971 -1.082129
6.205559 -1.095895
6.202237 -1.108840
6.199014 -1.120947
6.195897 -1.132201
6.192895 -1.142584
6.190015 -1.152081
6.187266 -1.160676
6.184654 -1.168355
6.182186 -1.175101
6.179868 -1.180903
6.177707 -1.185745
6.175709 -1.189615
6.173878 -1.192499
6.172218 -1.194387
6.170735 -1.195266
6.169431 -1.195127
6.168310 -1.193958
6.167374 -1.191750
6.166624 -1.188496
6.166061 -1.184187
6.165687 -1.178817
6.165500 -1.172380
6.165499 -1.164872
6.165684 -1.156287
6.166051 -1.146625
6.166597 -1.135882
6.167319 -1.124060
6.168212 -1.111158
6.169270 -1.097179
6.170488 -1.082126
6.171858 -1.066005
6.173374 -1.048822
6.175027 -1.030584
6.176808 -1.011302
6.178709 -0.990987
6.180719 -0.969650
6.182828 -0.947307
6.185025 -0.923973
6.187299 -0.899667
6.189638 -0.874408
6.192029 -0.848218
6.194462 -0.821120
6.196922 -0.793138
6.199398 -0.764300
6.201876 -0.734635
6.204344 -0.704173
6.206789 -0.672946
6.209198 -0.640988
6.211560 -0.608335
6.213862 -0.575025
6.216092 -0.541095
6.218240 -0.506587
6.220294 -0.471542
6.222245 -0.436004
6.224082 -0.400017
6.225798 -0.363627
6.227384 -0.326881
6.228833 -0.289826
6.230139 -0.252511
6.231296 -0.214986
6.232300 -0.177300
6.233147 -0.139503
6.233836 -0.101646
6.234364 -0.063780
6.234731 -0.025956
6.234938 0.011775
6.234987 0.049364
6.234879 0.086760
6.234620 0.123913
6.234212 0.160774
6.233662 0.197295
6.232976 0.233430
6.232161 0.269131
6.231225 0.304354
6.230177 0.339055
6.229026 0.373191
6.227781 0.406721
6.226453 0.439605
6.225053 0.471806
6.223592 0.503287
6.222082 0.534012
6.220533 0.563950
6.218958 0.593068
6.217369 0.621337
6.215778 0.648730
6.214195 0.675220
6.212634 0.700783
6.211105 0.725398
6.209620 0.749043
6.208189 0.771700
6.206824 0.793352
6.205533 0.813984
6.204327 0.833583
6.203215 0.852136
6.202205 0.869633
6.201306 0.886066
6.200524 0.901428
6.199867 0.915714
6.199340 0.928918
6.198950 0.941039
6.198700 0.952075
6.198594 0.962026
6.198637 0.970893
6.198831 0.978678
6.199178 0.985385
6.199679 0.991019
6.200334 0.995584
6.201145 0.999088
6.202109 1.001537
6.203227 1.002941
6.204496 1.003308
6.205913 1.002648
6.207475 1.000972
6.209180 0.998290
6.211023 0.994616
6.212998 0.989962
6.215102 0.984340
6.217329 0.977765
6.219672 0.970250
6.222126 0.961812
6.224684 0.952463
6.227338 0.942222
6.230083 0.931102
6.232909 0.919121
6.235809 0.906295
6.238776 0.892642
6.241801 0.878179
6.244876 0.862923
6.247992 0.846892
6.251141 0.830105
6.254315 0.812579
6.257503 0.794335
6.260699 0.775389
6.263893 0.755762
6.267076 0.735473
6.270240 0.714540
6.273376 0.692984
6.276476 0.670825
6.279531 0.648081
6.282534 0.624774
6.285476 0.600923
6.288349 0.576548
6.291145 0.551671
6.293858 0.526310
6.296479 0.500488
6.299002 0.474224
6.301420 0.447539
6.303726 0.420455
6.305914 0.392991
6.307978 0.365169
6.309912 0.337010
6.311712 0.308536
6.313372 0.279766
6.314887 0.250723
6.316253 0.221428
6.317466 0.191901
6.318522 0.162165
6.319418 0.132240
6.320151 0.102149
6.320720 0.071911
6.321120 0.041550
6.321351 0.011086
6.321412 -0.019460
6.321300 -0.050065
6.321017 -0.080708
6.320561 -0.111368
6.319933 -0.142024
6.319133 -0.172654
6.318163 -0.203236
6.317023 -0.233748
6.315716 -0.264171
6.314243 -0.294482
6.312608 -0.324659
6.310813 -0.354682
6.308861 -0.384529
6.306757 -0.414179
6.304504 -0.443611
6.302107 -0.472803
6.299570 -0.501735
6.296899 -0.530385
6.294099 -0.558732
6.291176 -0.586755
6.288137 -0.614434
6.284986 -0.641748
6.281732 -0.668675
6.278381 -0.695196
6.274941 -0.721289
6.271419 -0.746935
6.267823 -0.772112
6.264161 -0.796801
6.260441 -0.820981
6.256671 -0.844633
6.252861 -0.867736
6.249019 -0.890270
6.245154 -0.912217
6.241275 -0.933556
6.237391 -0.954268
6.233512 -0.974333
6.229646 -0.993733
6.225804 -1.012449
6.221994 -1.030463
6.218225 -1.047754
6.214508 -1.064306
6.210851 -1.080101
6.207264 -1.095119
6.203755 -1.109345
6.200333 -1.122760
6.197008 -1.135348
6.193787 -1.147092
6.190679 -1.157975
6.187692 -1.167981
6.184835 -1.177095
6.182113 -1.185302
6.179535 -1.192586
6.177107 -1.198934
6.174835 -1.204330
6.172726 -1.208762
6.170784 -1.212218
6.169015 -1.214683
6.167424 -1.216148
6.166013 -1.216600
6.164787 -1.216029
6.163748 -1.214426
6.162898 -1.211782
6.162238 -1.208088
6.161770 -1.203337
6.161494 -1.197523
6.161408 -1.190641
6.161513 -1.182686
6.161804 -1.173655
6.162281 -1.163545
6.162940 -1.152356
6.163775 -1.140087
6.164784 -1.126741
6.165958 -1.112319
6.167294 -1.096827
6.168783 -1.080268
6.170417 -1.062651
6.172189 -1.043984
6.174089 -1.024278
6.176108 -1.003543
6.178236 -0.981793
6.180461 -0.959044
6.182773 -0.935312
6.185161 -0.910615
6.187612 -0.884975
6.190113 -0.858413
6.192653 -0.830953
6.195219 -0.802621
6.197798 -0.773444
6.200377 -0.743453
6.202943 -0.712678
6.205483 -0.681151
6.207986 -0.648908
6.210437 -0.615986
6.212827 -0.582421
6.215142 -0.548254
6.217372 -0.513525
6.219506 -0.478277
6.221534 -0.442554
6.223446 -0.406400
6.225235 -0.369862
6.226892 -0.332987
6.228410 -0.295824
6.229784 -0.258420
6.231007 -0.220825
6.232077 -0.183090
6.232989 -0.145265
6.233741 -0.107401
6.234333 -0.069548
6.234764 -0.031758
6.235035 0.005920
6.235148 0.043434
6.235105 0.080735
6.234911 0.117774
6.234570 0.154501
6.234088 0.190869
6.233472 0.226832
6.232728 0.262342
6.231865 0.297357
6.230892 0.331831
6.229817 0.365724
6.228651 0.398995
6.227405 0.431604
6.226088 0.463515
6.224713 0.494690
6.223290 0.525097
6.221831 0.554703
6.220348 0.583477
6.218852 0.611391
6.217356 0.638417
6.215872 0.664530
6.214409 0.689707
6.212981 0.713926
6.211597 0.737168
6.210269 0.759414
6.209006 0.780648
6.207819 0.800856
6.206717 0.820026
6.205709 0.838145
6.204803 0.855204
6.204007 0.871196
6.203328 0.886113
6.202772 0.899952
6.202345 0.912708
6.202052 0.924379
6.201899 0.934964
6.201887 0.944464
6.202022 0.952881
6.202304 0.960217
6.202736 0.966476
6.203319 0.971663
6.204054 0.975783
6.204939 0.978845
6.205974 0.980855
6.207158 0.981823
6.208489 0.981757
6.209963 0.980668
6.211578 0.978567
6.213330 0.975466
6.215214 0.971376
6.217226 0.966311
6.219361 0.960284
6.221613 0.953309
6.223976 0.945400
6.226443 0.936573
6.229008 0.926843
6.231665 0.916225
6.234404 0.904736
6.237220 0.892392
6.240103 0.879210
6.243047 0.865208
6.246043 0.850403
6.249082 0.834812
6.252157 0.818454
6.255258 0.801347
6.258377 0.783509
6.261506 0.764960
6.264636 0.745718
6.267757 0.725802
6.270863 0.705233
6.273943 0.684028
6.276990 0.662208
6.279995 0.639793
6.282950 0.616802
6.285847 0.593257
6.288679 0.569176
6.291436 0.544580
6.294112 0.519490
6.296699 0.493926
6.299191 0.467909
6.301579 0.441459
6.303859 0.414597
6.306023 0.387345
6.308065 0.359723
6.309979 0.331752
6.311761 0.303453
6.313404 0.274847
6.314905 0.245956
6.316258 0.216800
6.317459 0.187402
6.318505 0.157782
6.319393 0.127962
6.320118 0.097962
6.320679 0.067805
6.321073 0.037512
6.321299 0.007105
6.321354 -0.023396
6.321238 -0.053969
6.320949 -0.084592
6.320489 -0.115243
6.319855 -0.145902
6.319050 -0.176547
6.318074 -0.207156
6.316927 -0.237708
6.315613 -0.268182
6.314132 -0.298556
6.312487 -0.328808
6.310681 -0.358918
6.308717 -0.388864
6.306599 -0.418624
6.304331 -0.448179
6.301916 -0.477505
6.299360 -0.506583
6.296668 -0.535391
6.293844 -0.563908
6.290895 -0.592113
6.287827 -0.619985
6.284645 -0.647504
6.281357 -0.674649
6.277970 -0.701398
6.274490 -0.727732
6.270926 -0.753629
6.267284 -0.779070
6.263573 -0.804035
6.259802 -0.828502
6.255978 -0.852452
6.252110 -0.875864
6.248206 -0.898720
6.244277 -0.920999
6.240330 -0.942682
6.236375 -0.963749
6.232422 -0.984181
6.228479 -1.003959
6.224556 -1.023064
6.220662 -1.041477
6.216807 -1.059179
6.213000 -1.076153
6.209251 -1.092379
6.205568 -1.107841
6.201962 -1.122520
6.198440 -1.136399
6.195012 -1.149460
6.191687 -1.161688
6.188473 -1.173065
6.185379 -1.183575
6.182411 -1.193202
6.179579 -1.201931
6.176889 -1.209747
6.174349 -1.216635
6.171965 -1.222580
6.169743 -1.227570
6.167688 -1.231591
6.165808 -1.234630
6.164105 -1.236675
6.162584 -1.237715
6.161250 -1.237738
6.160105 -1.236736
6.159151 -1.234698
6.158391 -1.231615
6.157825 -1.227481
6.157454 -1.222288
6.157279 -1.216030
6.157298 -1.208703
6.157509 -1.200301
6.157911 -1.190823
6.158500 -1.180267
6.159273 -1.168632
6.160225 -1.155918
6.161351 -1.142128
6.162644 -1.127265
6.164099 -1.111334
6.165708 -1.094340
6.167463 -1.076292
6.169355 -1.057198
6.171375 -1.037069
6.173514 -1.015918
6.175760 -0.993758
6.178102 -0.970606
6.180531 -0.946479
6.183032 -0.921397
6.185595 -0.895379
6.188207 -0.868450
6.190856 -0.840633
6.193527 -0.811956
6.196209 -0.782446
6.198889 -0.752134
6.201553 -0.721051
6.204189 -0.689232
6.206784 -0.656710
6.209326 -0.623525
6.211802 -0.589713
6.214202 -0.555315
6.216514 -0.520373
6.218727 -0.484930
6.220832 -0.449029
6.222819 -0.412717
6.224681 -0.376039
6.226408 -0.339044
6.227996 -0.301780
6.229437 -0.264296
6.230726 -0.226641
6.231861 -0.188866
6.232837 -0.151022
6.233654 -0.113159
6.234309 -0.075328
6.234804 -0.037580
6.235138 0.000035
6.235315 0.037467
6.235337 0.074665
6.235209 0.111580
6.234935 0.148165
6.234521 0.184372
6.233974 0.220155
6.233301 0.255467
6.232511 0.290265
6.231613 0.324506
6.230615 0.358149
6.229528 0.391153
6.228363 0.423481
6.227129 0.455095
6.225839 0.485960
6.224503 0.516042
6.223134 0.545311
6.221742 0.573736
6.220340 0.601289
6.218939 0.627943
6.217551 0.653675
6.216187 0.678461
6.214858 0.702281
6.213575 0.725115
6.212348 0.746947
6.211187 0.767761
6.210103 0.787543
6.209103 0.806280
6.208198 0.823963
6.207394 0.840583
6.206699 0.856131
6.206120 0.870603
6.205663 0.883993
6.205334 0.896300
6.205137 0.907520
6.205077 0.917655
6.205157 0.926704
6.205381 0.934671
6.205749 0.941557
6.206264 0.947368
6.206926 0.952109
6.207736 0.955786
6.208692 0.958406
6.209795 0.959978
6.211042 0.960511
6.212431 0.960014
6.213959 0.958498
6.215623 0.955974
6.217418 0.952454
6.219340 0.947951
6.221385 0.942477
6.223547 0.936047
6.225821 0.928674
6.228199 0.920374
6.230676 0.911160
6.233245 0.901050
6.235899 0.890059
6.238631 0.878203
6.241432 0.865500
6.244295 0.851965
6.247212 0.837616
6.250174 0.822472
6.253174 0.806550
6.256204 0.789868
6.259253 0.772444
6.262315 0.754298
6.265380 0.735448
6.268440 0.715913
6.271486 0.695712
6.274510 0.674866
6.277504 0.653393
6.280458 0.631313
6.283366 0.608646
6.286218 0.585412
6.289006 0.561632
6.291724 0.537325
6.294363 0.512512
6.296916 0.487213
6.299375 0.461450
6.301734 0.435242
6.303987 0.408611
6.306126 0.381577
6.308145 0.354161
6.310039 0.326384
6.311802 0.298268
6.313429 0.269833
6.314914 0.241101
6.316254 0.212093
6.317444 0.182830
6.318479 0.153333
6.319357 0.123624
6.320075 0.093724
6.320628 0.063654
6.321016 0.033437
6.321236 0.003092
6.321286 -0.027357
6.321165 -0.057890
6.320871 -0.088485
6.320406 -0.119121
6.319768 -0.149777
6.318957 -0.180430
6.317975 -0.211059
6.316822 -0.241643
6.315500 -0.272161
6.314012 -0.302591
6.312358 -0.332911
6.310541 -0.363101
6.308566 -0.393138
6.306435 -0.423003
6.304151 -0.452673
6.301720 -0.482126
6.299145 -0.511344
6.296432 -0.540303
6.293585 -0.568982
6.290611 -0.597362
6.287515 -0.625421
6.284303 -0.653138
6.280982 -0.680493
6.277559 -0.707464
6.274041 -0.734031
6.270435 -0.760174
6.266749 -0.785871
6.262990 -0.811104
6.259168 -0.835851
6.255290 -0.860092
6.251365 -0.883808
6.247401 -0.906978
6.243408 -0.929583
6.239394 -0.951603
6.235369 -0.973019
6.231342 -0.993810
6.227322 -1.013959
6.223319 -1.033446
6.219342 -1.052252
6.215401 -1.070358
6.211505 -1.087746
6.207663 -1.104398
6.203886 -1.120296
6.200182 -1.135422
6.196560 -1.149758
6.193029 -1.163287
6.189599 -1.175993
6.186279 -1.187857
6.183075 -1.198865
6.179998 -1.208999
6.177054 -1.218245
6.174251 -1.226587
6.171597 -1.234010
6.169098 -1.240499
6.166761 -1.246041
6.164593 -1.250622
6.162598 -1.254230
6.160781 -1.256851
6.159148 -1.258474
6.157702 -1.259087
6.156448 -1.258681
6.155387 -1.257246
6.154522 -1.254772
6.153854 -1.251251
6.153385 -1.246676
6.153115 -1.241040
6.153044 -1.234338
6.153170 -1.226565
6.153491 -1.217717
6.154006 -1.207793
6.154709 -1.196791
6.155599 -1.184710
6.156669 -1.171552
6.157914 -1.157320
6.159329 -1.142017
6.160905 -1.125649
6.162636 -1.108222
6.164513 -1.089744
6.166526 -1.070225
6.168668 -1.049677
6.170927 -1.028113
6.173292 -1.005547
6.175753 -0.981996
6.178297 -0.957478
6.180914 -0.932013
6.183590 -0.905622
6.186313 -0.878330
6.189069 -0.850162
6.191847 -0.821145
6.194633 -0.791307
6.197413 -0.760680
6.200175 -0.729296
6.202906 -0.697190
6.205594 -0.664397
6.208225 -0.630955
6.210788 -0.596904
6.213272 -0.562283
6.215665 -0.527135
6.217958 -0.491504
6.220139 -0.455434
6.222201 -0.418971
6.224135 -0.382163
6.225933 -0.345056
6.227589 -0.307699
6.229097 -0.270143
6.230453 -0.232437
6.231652 -0.194631
6.232693 -0.156776
6.233573 -0.118923
6.234291 -0.081122
6.234849 -0.043425
6.235247 -0.005882
6.235488 0.031458
6.235575 0.068545
6.235512 0.105329
6.235305 0.141764
6.234959 0.177801
6.234482 0.213395
6.233881 0.248502
6.233164 0.283076
6.232340 0.317077
6.231419 0.350462
6.230411 0.383193
6.229326 0.415233
6.228176 0.446544
6.226971 0.477092
6.225722 0.506844
6.224442 0.535770
6.223141 0.563841
6.221832 0.591028
6.220526 0.617306
6.219233 0.642652
6.217967 0.667044
6.216736 0.690461
6.215552 0.712885
6.214426 0.734300
6.213366 0.754690
6.212382 0.774042
6.211484 0.792346
6.210679 0.809591
6.209975 0.825768
6.209380 0.840872
6.208900 0.854897
6.208540 0.867838
6.208306 0.879694
6.208203 0.890464
6.208234 0.900147
6.208403 0.908746
6.208712 0.916262
6.209163 0.922699
6.209758 0.928063
6.210496 0.932358
6.211378 0.935592
6.212403 0.937772
6.213570 0.938907
6.214877 0.939006
6.216321 0.938079
6.217899 0.936137
6.219608 0.933192
6.221443 0.929255
6.223400 0.924340
6.225474 0.918460
6.227659 0.911629
6.229950 0.903861
6.232341 0.895171
6.234824 0.885575
6.237393 0.875088
6.240041 0.863726
6.242760 0.851506
6.245543 0.838445
6.248381 0.824560
6.251267 0.809869
6.254193 0.794389
6.257150 0.778138
6.260131 0.761135
6.263125 0.743399
6.266126 0.724947
6.269124 0.705800
6.272111 0.685975
6.275078 0.665494
6.278018 0.644374
6.280921 0.622636
6.283780 0.600300
6.286586 0.577385
6.289332 0.553912
6.292009 0.529901
6.294611 0.505372
6.297128 0.480346
6.299555 0.454843
6.301884 0.428884
6.304109 0.402490
6.306223 0.375682
6.308219 0.348479
6.310092 0.320904
6.311836 0.292978
6.313445 0.264721
6.314915 0.236155
6.316241 0.207301
6.317419 0.178180
6.318444 0.148813
6.319312 0.119222
6.320021 0.089429
6.320567 0.059453
6.320949 0.029318
6.321162 -0.000955
6.321207 -0.031346
6.321081 -0.061833
6.320783 -0.092393
6.320312 -0.123007
6.319669 -0.153651
6.318854 -0.184306
6.317866 -0.214948
6.316707 -0.245558
6.315379 -0.276113
6.313882 -0.306591
6.312220 -0.336973
6.310394 -0.367235
6.308407 -0.397358
6.306263 -0.427319
6.303965 -0.457097
6.301518 -0.486671
6.298925 -0.516021
6.296192 -0.545124
6.293323 -0.573960
6.290324 -0.602507
6.287201 -0.630745
6.283960 -0.658654
6.280607 -0.686211
6.277149 -0.713397
6.273593 -0.740191
6.269947 -0.766572
6.266217 -0.792519
6.262412 -0.818013
6.258540 -0.843033
6.254608 -0.867559
6.250627 -0.891571
6.246604 -0.915048
6.242548 -0.937972
6.238468 -0.960322
6.234373 -0.982079
6.230273 -1.003224
6.226177 -1.023737
6.222095 -1.043599
6.218035 -1.062791
6.214008 -1.081295
6.210023 -1.099091
6.206090 -1.116162
6.202217 -1.132490
6.198415 -1.148056
6.194693 -1.162843
6.191060 -1.176833
6.187525 -1.190010
6.184097 -1.202356
6.180784 -1.213855
6.177595 -1.224491
6.174539 -1.234247
6.171622 -1.243109
6.168853 -1.251061
6.166238 -1.258089
6.163785 -1.264178
6.161499 -1.269314
6.159388 -1.273485
6.157455 -1.276677
6.155707 -1.278879
6.154147 -1.280079
6.152780 -1.280265
6.151608 -1.279428
6.150635 -1.277559
6.149862 -1.274648
6.149290 -1.270688
6.148922 -1.265671
6.148755 -1.259592
6.148791 -1.252445
6.149026 -1.244227
6.149460 -1.234934
6.150090 -1.224564
6.150911 -1.213116
6.151919 -1.200591
6.153110 -1.186990
6.154477 -1.172317
6.156013 -1.156576
6.157713 -1.139772
6.159567 -1.121914
6.161567 -1.103009
6.163704 -1.083068
6.165968 -1.062104
6.168348 -1.040129
6.170833 -1.017160
6.173413 -0.993214
6.176075 -0.968309
6.178807 -0.942465
6.181596 -0.915707
6.184430 -0.888057
6.187295 -0.859542
6.190179 -0.830190
6.193068 -0.800030
6.195949 -0.769095
6.198809 -0.737416
6.201635 -0.705029
6.204415 -0.671972
6.207135 -0.638281
6.209785 -0.603997
6.212353 -0.569160
6.214827 -0.533815
6.217198 -0.498004
6.219456 -0.461772
6.221592 -0.425167
6.223597 -0.388235
6.225465 -0.351025
6.227189 -0.313585
6.228765 -0.275966
6.230186 -0.238216
6.231450 -0.200388
6.232555 -0.162531
6.233498 -0.124697
6.234280 -0.086936
6.234901 -0.049298
6.235363 -0.011835
6.235667 0.025405
6.235819 0.062372
6.235822 0.099017
6.235681 0.135293
6.235404 0.171152
6.234996 0.206551
6.234466 0.241443
6.233822 0.275787
6.233073 0.309539
6.232228 0.342661
6.231299 0.375112
6.230295 0.406857
6.229228 0.437859
6.228107 0.468084
6.226946 0.497501
6.225754 0.526079
6.224544 0.553790
6.223327 0.580607
6.222114 0.606505
6.220917 0.631461
6.219747 0.655454
6.218614 0.678465
6.217529 0.700475
6.216501 0.721469
6.215541 0.741433
6.214657 0.760354
6.213858 0.778222
6.213152 0.795026
6.212547 0.810761
6.212049 0.825418
6.211665 0.838994
6.211400 0.851486
6.211259 0.862891
6.211247 0.873210
6.211367 0.882441
6.211622 0.890589
6.212014 0.897655
6.212545 0.903643
6.213217 0.908560
6.214028 0.912410
6.214979 0.915202
6.216070 0.916943
6.217297 0.917642
6.218660 0.917309
6.220156 0.915953
6.221780 0.913588
6.223530 0.910223
6.225402 0.905871
6.227390 0.900547
6.229489 0.894262
6.231694 0.887032
6.233999 0.878871
6.236398 0.869795
6.238883 0.859817
6.241448 0.848956
6.244086 0.837226
6.246789 0.824645
6.249550 0.811230
6.252360 0.796998
6.255212 0.781967
6.258098 0.766155
6.261008 0.749579
6.263936 0.732259
6.266872 0.714212
6.269808 0.695459
6.272735 0.676018
6.275646 0.655908
6.278531 0.635148
6.281383 0.613759
6.284193 0.591761
6.286953 0.569172
6.289655 0.546013
6.292292 0.522305
6.294855 0.498067
6.297337 0.473320
6.299731 0.448085
6.302029 0.422382
6.304226 0.396232
6.306313 0.369656
6.308286 0.342674
6.310137 0.315308
6.311862 0.287578
6.313454 0.259506
6.314908 0.231113
6.316220 0.202420
6.317385 0.173448
6.318398 0.144219
6.319257 0.114753
6.319957 0.085073
6.320496 0.055199
6.320870 0.025154
6.321078 -0.005043
6.321117 -0.035368
6.320986 -0.065801
6.320683 -0.096320
6.320208 -0.126904
6.319560 -0.157531
6.318740 -0.188179
6.317747 -0.218828
6.316583 -0.249456
6.315248 -0.280041
6.313744 -0.310561
6.312073 -0.340997
6.310238 -0.371325
6.308240 -0.401525
6.306084 -0.431576
6.303773 -0.461456
6.301310 -0.491144
6.298700 -0.520618
6.295948 -0.549858
6.293057 -0.578843
6.290035 -0.607551
6.286886 -0.635962
6.283616 -0.664055
6.280232 -0.691809
6.276740 -0.719202
6.273147 -0.746215
6.269461 -0.772827
6.265688 -0.799018
6.261838 -0.824766
6.257917 -0.850052
6.253933 -0.874856
6.249896 -0.899156
6.245814 -0.922935
6.241696 -0.946171
6.237551 -0.968844
6.233387 -0.990936
6.229215 -1.012427
6.225044 -1.033297
6.220883 -1.053527
6.216741 -1.073099
6.212629 -1.091993
6.208555 -1.110191
6.204530 -1.127675
6.200563 -1.144425
6.196664 -1.160425
6.192841 -1.175657
6.189105 -1.190102
6.185465 -1.203743
6.181929 -1.216565
6.178506 -1.228549
6.175206 -1.239680
6.172035 -1.249942
6.169004 -1.259318
6.166118 -1.267793
6.163386 -1.275354
6.160815 -1.281984
6.158411 -1.287671
6.156181 -1.292400
6.154130 -1.296158
6.152264 -1.298934
6.150587 -1.300714
6.149105 -1.301489
6.147819 -1.301247
6.146734 -1.299978
6.145851 -1.297674
6.145174 -1.294326
6.144702 -1.289926
6.144436 -1.284467
6.144376 -1.277945
6.144521 -1.270354
6.144869 -1.261690
6.145418 -1.251951
6.146165 -1.241136
6.147105 -1.229243
6.148235 -1.216275
6.149548 -1.202232
6.151039 -1.187120
6.152700 -1.170942
6.154524 -1.153705
6.156503 -1.135417
6.158627 -1.116088
6.160888 -1.095728
6.163276 -1.074350
6.165778 -1.051969
6.168385 -1.028600
6.171084 -1.004262
6.173864 -0.978974
6.176711 -0.952757
6.179614 -0.925635
6.182559 -0.897632
6.185533 -0.868776
6.188523 -0.839094
6.191516 -0.808618
6.194497 -0.777380
6.197455 -0.745413
6.200376 -0.712753
6.203248 -0.679437
6.206057 -0.645504
6.208793 -0.610994
6.211444 -0.575950
6.213999 -0.540414
6.216448 -0.504431
6.218782 -0.468046
6.220991 -0.431307
6.223068 -0.394260
6.225006 -0.356955
6.226798 -0.319441
6.228440 -0.281767
6.229926 -0.243983
6.231255 -0.206141
6.232423 -0.168291
6.233430 -0.130485
6.234275 -0.092771
6.234959 -0.055202
6.235484 -0.017827
6.235852 0.019304
6.236069 0.056142
6.236137 0.092639
6.236063 0.128748
6.235854 0.164423
6.235515 0.199618
6.235056 0.234289
6.234485 0.268394
6.233811 0.301892
6.233043 0.334742
6.232193 0.366908
6.231269 0.398351
6.230284 0.429038
6.229248 0.458935
6.228173 0.488010
6.227070 0.516235
6.225950 0.543582
6.224824 0.570024
6.223705 0.595537
6.222602 0.620100
6.221527 0.643690
6.220491 0.666291
6.219503 0.687884
6.218573 0.708455
6.217711 0.727990
6.216925 0.746477
6.216224 0.763907
6.215615 0.780270
6.215106 0.795559
6.214704 0.809769
6.214414 0.822896
6.214242 0.834937
6.214192 0.845891
6.214268 0.855757
6.214474 0.864537
6.214812 0.872234
6.215285 0.878850
6.215894 0.884390
6.216639 0.888860
6.217520 0.892267
6.218537 0.894617
