6.6012880459 0.0043836263 
6.5917239359 0.0170473174 
6.5820066722 0.0380105698 
6.5720137224 0.0673279604 
6.5615887649 0.1050875519 
6.5505395536 0.1514092424 
6.5386351460 0.2064427420 
6.5256025074 0.2703650789 
6.5111225142 0.3433775196 
6.4948253890 0.4257017622 
6.4762856227 0.5175752391 
6.4550164639 0.6192453424 
6.4304640945 0.7309623592 
6.4020016607 0.8529708912 
6.3689233900 0.9854995144 
6.3304391059 1.1287484374 
6.2856695432 1.2828749306 
6.2336429772 1.4479763369 
6.1732938005 1.6240705458 
6.1034638075 1.8110739258 
6.0229070687 2.0087768741 
5.9302993810 2.2168173667 
5.8242533362 2.4346531869 
5.7033400461 2.6615338615 
5.5661184412 2.8964737536 
5.4111728128 3.1382281948 
5.2371588380 3.3852749772 
5.0428577059 3.6358038700 
4.8272371477 3.8877170280 
4.5895171974 4.1386431010 
4.3292374482 4.3859674565 
4.0463215499 4.6268801281 
3.7411338769 4.8584418706 
3.4145228723 5.0776670980 
3.0678457124 5.2816206428 
2.7029697496 5.4675234141 
2.3222477179 5.6328604389 
1.9284658007 5.7754837204 
1.5247661511 5.8937020820 
1.1145479921 5.9863508228 
0.7013536351 6.0528355550 
0.2887473072 6.0931468716 
-0.1198046681 6.1078451781
-0.5210441337 6.0980177539
-0.9120148545 6.0652124925
-1.2901347613 6.0113545012
-1.6532440024 5.9386526486
-1.9996284664 5.8495031836
-2.3280205121 5.7463968359
-2.6375802010 5.6318345486
-2.9278612895 5.5082554365
-3.1987665972 5.3779789644
-3.4504972090 5.2431618938
-3.6834994513 5.1057693741
-3.8984128237 4.9675587322
-4.0960212568 4.8300740130
-4.2772092531 4.6946491267
-4.4429237762 4.5624174761
-4.5941421768 4.4343261193
-4.7318460301 4.3111527850
-4.8570004627 4.1935243663
-4.9705383789 4.0819358235
-5.0733489116 3.9767687029
-5.1662694106 3.8783087244
-5.2500803029 3.7867620896
-5.3255022273 3.7022703133
-5.3931949099 3.6249235033
-5.4537573229 3.5547720961
-5.5077287464 3.4918371125
-5.5555904207 3.4361190310
-5.5977675330 3.3876053983
-5.6346313385 3.3462773008
-5.6665012566 3.3121148227
-5.6936468187 3.2851016011
-5.7162893703 3.2652285884
-5.7346034557 3.2524971044
-5.7487178234 3.2469212603
-5.7587160109 3.2485298047
-5.7646364692 3.2573674357
-5.7664722015 3.2734955958
-5.7641698860 3.2969927616
-5.7576284685 3.3279542024
-5.7466972083 3.3664911745
-5.7311731680 3.4127294917
-5.7107981479 3.4668073878
-5.6852550767 3.5288725613
-5.6541638853 3.5990782684
-5.6170769178 3.6775782936
-5.5734739605 3.7645206093
-5.5227570180 3.8600394924
-5.4642450183 3.9642458499
-5.3971687065 4.0772154761
-5.3206660743 4.1989749556
-5.2337787908 4.3294849320
-5.1354502362 4.4686204876
-5.0245259019 4.6161484498
-4.8997570922 4.7717015574
-4.7598090588 4.9347496012
-4.6032748722 5.1045679256
-4.4286964846 5.2802040446
-4.2345945086 5.4604436185
-4.0195081936 5.6437776272
-3.7820468387 5.8283732872
-3.5209533910 6.0120520057
-3.2351801438 6.1922784044
-2.9239752486 6.3661650089
-2.5869771528 6.5304974553
-2.2243121538 6.6817847717
-1.8366882088 6.8163382531
-1.4254761890 6.9303805140
-0.9927684338 7.0201833927
-0.5414040988 7.0822297005
-0.0749519353 7.1133897026
0.4023560009 7.1110993704 
0.8857416288 7.0735246376 
1.3700452449 6.9996949483 
1.8499269712 6.8895908520 
2.3200897483 6.7441744154 
2.7755047868 6.5653573128 
3.2116195208 6.3559086580 
3.6245302041 6.1193116353 
4.0111059291 5.8595835188 
4.3690571469 5.5810768014 
4.6969484516 5.2882795348 
4.9941613225 4.9856308621 
5.2608167996 4.6773638227 
5.4976703482 4.3673827451 
5.7059914750 4.0591778496 
5.8874394253 3.7557756949 
6.0439440587 3.4597212565 
6.1775983555 3.1730857494 
6.2905664192 2.8974937164 
6.3850085856 2.6341631372 
6.4630235404 2.3839530558 
6.5266061492 2.1474142577 
6.5776190087 1.9248396314 
6.6177754251 1.7163118498 
6.6486314985 1.5217469075 
6.6715851555 1.3409327268 
6.6878802359 1.1735625796 
6.6986140488 1.0192634228 
6.7047471155 0.8776194918 
6.7071141063 0.7481916117 
6.7064352226 0.6305327560 
6.7033274818 0.5242003859 
6.6983155283 0.4287660848 
6.6918417233 0.3438229476 
6.6842753643 0.2689911336 
6.6759209518 0.2039219589 
6.6670254787 0.1483008046 
6.6577847428 0.1018491077 
6.6483487114 0.0643256380 
6.6388259737 0.0355272173 
6.6292873255 0.0152890158 
6.6197685290 0.0034845134 
6.6102722873 0.0000252079 
6.6007694721 0.0048600947 
6.5911996319 0.0179749600 
6.5814708070 0.0393914723 
6.5714586692 0.0691660702 
6.5610050009 0.1073885955 
6.5499155258 0.1541806257 
6.5379571020 0.2096934291 
6.5248542931 0.2741054370 
6.5102853391 0.3476191347 
6.4938775625 0.4304572068 
6.4752022642 0.5228577884 
6.4537691926 0.6250686230 
6.4290207059 0.7373399240 
6.4003258016 0.8599157045 
6.3669742467 0.9930233309 
6.3281711237 1.1368610709 
6.2830322045 1.2915833908 
6.2305806669 1.4572838327 
6.1697457992 1.6339753472 
6.0993644557 1.8215680930 
6.0181861546 2.0198448626 
5.9248828068 2.2284345411 
5.8180641211 2.4467842894 
5.6962997189 2.6741315013 
5.5581488686 2.9094770102 
5.4021984883 3.1515614483 
5.2271096274 3.3988471060 
5.0316720086 3.6495079660 
4.8148653804 3.9014307890 
4.5759254542 4.1522300409 
4.3144111252 4.3992790524 
4.0302686828 4.6397589543 
3.7238878948 4.8707256999 
3.3961444676 5.0891938526 
3.0484235515 5.2922339722 
2.6826198193 5.4770785814 
2.3011111903 5.6412301294 
1.9067054455 5.7825633377 
1.5025614526 5.8994141214 
1.0920892638 5.9906479643 
0.6788355305 6.0557022318 
0.2663621807 6.0945992052 
-0.1418730822 6.1079293239
-0.5426263069 6.0968068440
-0.9329599869 6.0628024723
-1.3103140354 6.0078592336
-1.6725524861 5.9341986780
-2.0179857188 5.8442245333
-2.3453700261 5.7404301576
-2.6538879028 5.6253148588
-2.9431133388 5.5013125909
-3.2129667429 5.3707349330
-3.4636639241 5.2357288339
-3.6956630487 5.0982484356
-3.9096126997 4.9600395016
-4.1063033635 4.8226344848
-4.2866238714 4.6873560787
-4.4515236145 4.5553271386
-4.6019807942 4.4274850450
-4.7389765741 4.3045988287
-4.8634746915 4.1872877107
-4.9764059299 4.0760400035
-5.0786567794 3.9712315923
-5.1710615988 3.8731434592
-5.2543976142 3.7819779156
-5.3293821626 3.6978733490
-5.3966716478 3.6209174177
-5.4568617564 3.5511587063
-5.5104885626 3.4886168984
-5.5580301997 3.4332915845
-5.5999088633 3.3851698012
-5.6364929325 3.3442324491
-5.6680990611 3.3104596962
-5.6949941150 3.2838354884
-5.7173968583 3.2643512696
-5.7354793192 3.2520089995
-5.7493677727 3.2468235443
-5.7591433019 3.2488244918
-5.7648418966 3.2580574362
-5.7664540645 3.2745847449
-5.7639239252 3.2984858204
-5.7571477744 3.3298568278
-5.7459720976 3.3688098602
-5.7301910320 3.4154714692
-5.7095432695 3.4699804882
-5.6837084185 3.5324850286
-5.6523028523 3.6031385137
-5.6148750927 3.6820945903
-5.5709008267 3.7695007020
-5.5197776708 3.8654901186
-5.4608198778 3.9701721592
-5.3932532537 4.0836203214
-5.3162106237 4.2058580559
-5.2287283363 4.3368418796
-5.1297444056 4.4764415909
-5.0180990631 4.6244174084
-4.8925386713 4.7803939658
-4.7517241354 4.9438312960
-4.5942451282 5.1139932068
-4.4186415861 5.2899138268
-4.2234340091 5.4703635912
-4.0071640289 5.6538165492
-3.7684464755 5.8384215692
-3.5060336406 6.0219807908
-3.2188916161 6.2019393745
-2.9062873250 6.3753911860
-2.5678832696 6.5391052576
-2.2038350828 6.6895775466
-1.8148848913 6.8231114377
-1.4024416050 6.9359284302
-0.9686379305 7.0243075068
-0.5163536256 7.0847479562
-0.0491957338 7.1141463167
0.4285704774 7.1099742898 
0.9121415206 7.0704417519 
1.3963424220 6.9946281673 
1.8758297815 6.8825673110 
2.3453154191 6.7352743549 
2.7997913724 6.5547105588 
3.2347363615 6.3436880195 
3.6462860174 6.1057238955 
4.0313540048 5.8448589231 
4.3876974519 5.5654580444 
4.7139268124 5.2720111956 
5.0094661409 4.9689500536 
5.2744739293 4.6604925780 
5.5097368183 4.3505224081 
5.7165487295 4.0425054792 
5.8965866322 3.7394423227 
6.0517919085 3.4438517094 
6.1842636297 3.1577796868 
6.2961674659 2.8828275314 
6.3896617360 2.6201924040 
6.4668404244 2.3707152436 
6.5296918110 2.1349315112 
6.5800707080 1.9131214510 
6.6196819916 1.7053575810 
6.6500731194 1.5115479716 
6.6726334829 1.3314745784 
6.6885987225 1.1648263758 
6.6990584323 1.0112274274 
6.7049659908 0.8702602341 
6.7071495399 0.7414848244 
6.7063233744 0.6244541225 
6.7030992079 0.5187261350 
6.6979969510 0.4238734454 
6.6914547572 0.3394904913 
6.6838381906 0.2651990388 
6.6754484414 0.2006521924 
6.6665295604 0.1455372542 
6.6572747197 0.0995776651 
6.6478315266 0.0625342543 
6.6383064273 0.0342059274 
6.6287682460 0.0144299437 
6.6192509004 0.0030818636 
6.6097553352 0.0000752435 
6.6002507094 0.0053611018 
6.5906748665 0.0189272025 
6.5809341122 0.0407971397 
6.5709023177 0.0710292100 
6.5604193634 0.1097150292 
6.5492889342 0.1569778463 
6.5372756787 0.2129704800 
6.5241017467 0.2778727572 
6.5094427283 0.3518883711 
6.4929230309 0.4352409789 
6.4741107489 0.5281693994 
6.4525121128 0.6309217081 
6.4275656398 0.7437480170 
6.3986361613 0.8668917197 
6.3650089672 1.0005789378 
6.3258843852 1.1450059560 
6.2803732147 1.3003243810 
6.2274935317 1.4666238995 
6.1661695249 1.6439124556 
6.0952331227 1.8320939265 
6.0134293202 2.0309434197 
5.9194261872 2.2400806486 
5.8118306150 2.4589420670 
5.6892108226 2.6867528573 
5.5501265294 2.9225002503 
5.3931674184 3.1649101246 
5.2170000731 3.4124292391 
5.0204229315 3.6632157945 
4.8024279577 3.9151411981 
4.5622667386 4.1658058265 
4.2995176639 4.4125711182 
4.0141498301 4.6526095000 
3.7065785247 4.8829723737 
3.3777067893 5.1006747413 
3.0289477497 5.3027932054 
2.6622233176 5.4865722267 
2.2799364433 5.6495319787 
1.8849162676 5.7895701688 
1.4803380773 5.9050500066 
1.0696224117 5.9948672874 
0.6563198969 6.0584911688 
0.2439898058 6.0959755694 
-0.1639191028 6.1079408300
-0.5641773601 6.0955279811
-0.9538663979 6.0603302924
-1.3304482495 6.0043084259
-1.6918109049 5.9296963249
-2.0362892287 5.8389049210
-2.3626633876 5.7344299516
-2.6701382058 5.6187688775
-2.9583077732 5.4943503219
-3.2271099318 5.3634778552
-3.4767750598 5.2282885285
-3.7077730101 5.0907254295
-3.9207612989 4.9525227489
-4.1165368439 4.8152013548
-4.2959926933 4.6800727535
-4.4600805672 4.5482493003
-4.6097794445 4.4206587456
-4.7460700192 4.2980614754
-4.8699145896 4.1810690988
-4.9822417851 4.0701633354
-5.0839354303 3.9657144609
-5.1758268773 3.8679987695
-5.2586901457 3.7772147230
-5.3332392675 3.6934976209
-5.4001273245 3.6169327070
-5.4599467217 3.5475667436
-5.5132303300 3.4854181060
-5.5604531843 3.4304855156
-5.6020344932 3.3827555214
-5.6383397653 3.3422088540
-5.6696828972 3.3088257753
-5.6963280924 3.2825905533
-5.7184915383 3.2634951324
-5.7363427499 3.2515421185
-5.7500055311 3.2467471368
-5.7595585104 3.2491406199
-5.7650352148 3.2587690605
-5.7664236545 3.2756957506
-5.7636653861 3.3000010178
-5.7566540487 3.3317819220
-5.7452333472 3.3711513878
-5.7291944852 3.4182366963
-5.7082730328 3.4731772760
-5.6821452684 3.5361216346
-5.6504239917 3.6072233520
-5.6126538891 3.6866359155
-5.5683065319 3.7745062174
-5.5167751319 3.8709664930
-5.4573692534 3.9761244352
-5.3893097481 4.0900512054
-5.3117242647 4.2127670697
-5.2236438284 4.3442243559
-5.1240010854 4.4842875151
-5.0116310198 4.6327100782
-4.8852750767 4.7891084882
-4.7435898568 4.9529329265
-4.5851616962 5.1234355664
-4.4085286071 5.2996370481
-4.2122110978 5.4802924834
-3.9947533367 5.6638589045
-3.7547758722 5.8484667696
-3.4910405721 6.0318989157
-3.2025275809 6.2115810607
-2.8885228756 6.3845884879
-2.5487133105 6.5476737753
-2.1832841269 6.6973200508
-1.7930118626 6.8298231170
-1.3793436392 6.9414037723
-0.9444526023 7.0283486291
-0.4912590469 7.0871739823
-0.0234081103 7.1148031739
0.4548020854 7.1087441227 
0.9385431442 7.0672510415 
1.4226254253 6.9894536687 
1.9017026803 6.8754390854 
2.3704962757 6.7262754643 
2.8240196974 6.5439733641 
3.2577834558 6.3313874294 
3.6679629219 6.0920682494 
4.0515165277 5.8300794251 
4.4062481038 5.5497977546 
4.7308138442 5.2557145106 
5.0246801386 4.9522534426 
5.2880426119 4.6436170730 
5.5217187211 4.3336681026 
5.7270264309 4.0258480426 
5.9056600792 3.7231313523 
6.0595722553 3.4280106240 
6.1908678518 3.1425068198 
6.3017138840 2.8681980760 
6.3942664869 2.6062608740 
6.4706148180 2.3575182073 
6.5327404926 2.1224903559 
6.5824904897 1.9014450626 
6.6215612344 1.6944448164 
6.6514915395 1.5013898817 
6.6736622755 1.3220563410 
6.6893009063 1.1561289564 
6.6994893395 1.0032289718 
6.7051738449 0.8629372029 
6.7071760698 0.7348129285 
6.7062044350 0.6184090657 
6.7028653828 0.5132841924 
6.6976741206 0.4190119082 
6.6910646205 0.3351880157 
6.6833987384 0.2614358945 
6.6749743751 0.1974104469 
6.6660326580 0.1428009014 
6.6567641494 0.0973327082 
6.6473141094 0.0607687570 
6.6377868520 0.0329100392 
6.6282492376 0.0135959028 
6.6187333453 0.0027039905 
6.6092383648 0.0001499089 
6.5997317438 0.0058867014 
6.5901496203 0.0199041071 
6.5803965625 0.0422276439 
6.5703446366 0.0729174594 
6.5598318142 0.1120669355 
6.5486597331 0.1598009958 
6.5365908222 0.2162739943 
6.5233448053 0.2816671471 
6.5085946092 0.3561853417 
6.4919617106 0.4400531936 
6.4730109810 0.5335101906 
6.4512451159 0.6368047149 
6.4260987731 0.7501867577 
6.3969326007 0.8738990578 
6.3630273949 1.0081664571 
6.3235787164 1.1531832053 
6.2776923804 1.3090980104 
6.2243813591 1.4759966353 
6.1625647440 1.6538819597 
6.0910695554 1.8426514983 
6.0086362937 2.0420725971 
5.9139292346 2.2517557138 
5.8055525183 2.4711265123 
5.6820730511 2.6993978824 
5.5420511158 2.9355433868 
5.3840793003 3.1782740947 
5.2068298857 3.4260212050 
5.0091102105 3.6769271374 
4.7899246467 3.9288479988 
4.5485408624 4.1793701644 
4.2845569310 4.4258433306 
3.9979649223 4.6654314225 
3.6892057672 4.8951815431 
3.3592099107 5.1121094238 
3.0094184500 5.3132980281 
2.6417804592 5.4960040733 
2.2587237463 5.6577657670 
1.8630985822 5.7965040608 
1.4580963663 5.9106096614 
1.0471477828 5.9990087967 
0.6338070713 6.0612024499 
0.2216304971 6.0972761226 
-0.1859424535 6.1078799202
-0.5856970661 6.0941814436
-0.9747339201 6.0577962713
-1.3505373043 6.0007024215
-1.7110192198 5.9251459450
-2.0545390143 5.8335447025
-2.3799006731 5.7283965605
-2.6863312335 5.6121969268
-2.9734447539 5.4873689257
-3.2411963590 5.3562079945
-3.4898308347 5.2208412071
-3.7198295638 5.0832005555
-3.9318588619 4.9450086376
-4.1267219422 4.8077747546
-4.3053159575 4.6727992572
-4.4685948697 4.5411840387
-4.6175383540 4.4138472765
-4.7531265745 4.2915407681
-4.8763203512 4.1748685608
-4.9880461236 4.0643058387
-5.0891850276 3.9602173210
-5.1805653965 3.8628746589
-5.2629580329 3.7724725120
-5.3370736617 3.6891431293
-5.4035620447 3.6129693736
-5.4630123080 3.5439962148
-5.5159541250 3.4822407458
-5.5628594371 3.4277008421
-5.6041444736 3.3803625813
-5.6401718790 3.3402065404
-5.6712527935 3.3072130956
-5.6976487685 3.2813668400
-5.7195734175 3.2626602289
-5.7371937454 3.2510965205
-5.7506310852 3.2466921075
-5.7599616099 3.2494782719
-5.7652163868 3.2595024002
-5.7663809218 3.2768287166
-5.7633942061 3.3015384699
-5.7561472148 3.3337296138
-5.7444808668 3.3735158963
-5.7281834182 3.4210253295
-5.7069873127 3.4763979170
-5.6805654806 3.5397825610
-5.6485271362 3.6113329782
-5.6104131168 3.6912024758
-5.5656908600 3.7795373742
-5.5137491620 3.8764688379
-5.4538928796 3.9821029038
-5.3853378954 4.0965083559
-5.3072066739 4.2197022216
-5.2185249063 4.3516325870
-5.1182198793 4.4921584788
-5.0051213384 4.6410266665
-4.8779658372 4.7978453149
-4.7354057126 4.9620546607
-4.5760240333 5.1328951392
-4.3983569762 5.3093738020
-4.2009251770 5.4902303425
-3.9822755011 5.6739046870
-3.7410344056 5.8585088214
-3.4759735585 6.0418062529
-3.1860874268 6.2212032698
-2.8706813205 6.3937566558
-2.5294667332 6.5562026933
-2.1626588008 6.7050119202
-1.7710687121 6.8364728903
-1.3561819626 6.9468061225
-0.9202122035 7.0323063465
-0.4661202098 7.0895073930
0.0024110069 7.1153599398 
0.4810508323 7.1074086075 
0.9649464670 7.0639523331 
1.4488942108 6.9841713760 
1.9275456364 6.8682061963 
2.3956323347 6.7171778512 
2.8481898431 6.5331459086 
3.2807609649 6.3190071188 
3.6895611700 6.0783449529 
4.0715938428 5.8152452801 
4.4247095326 5.5340961634 
4.7476100481 5.2393896696 
5.0398038752 4.9355411600 
5.3015234483 4.6267373692 
5.5336166785 4.3168198184 
5.7374252038 4.0092054600 
5.9146603815 3.7068426348 
6.0672856935 3.4121977865 
6.1974115812 3.1272668870 
6.3072061925 2.8536050485 
6.3988233099 2.5923682222 
6.4743471480 2.3443615978 
6.5357525754 2.1100904283 
6.5848786911 1.8898100943 
6.6234134481 1.6835731859 
6.6528870143 1.4912722704 
6.6746717518 1.3126776602 
6.6899869717 1.1474699869 
6.6999069261 0.9952677334 
6.7053708070 0.8556500976 
6.7071938018 0.7281756473 
6.7060784905 0.6123973260 
6.7026260760 0.5078743110 
6.6973470914 0.4141812432 
6.6906713551 0.3309153038 
6.6829570380 0.2577015035 
6.6744987735 0.1941965455 
6.6655347836 0.1400915891 
6.6562530365 0.0951141014 
6.6467964581 0.0590290290 
6.6372672403 0.0316394525 
6.6277302875 0.0127868131 
6.6182158458 0.0023508271 
6.6087213533 0.0002491588 
6.5992125478 0.0064368658 
6.5896238606 0.0209056689 
6.5798581199 0.0436829987 
6.5697855818 0.0748308480 
6.5592423028 0.1144443664 
6.5480278650 0.1626501402 
6.5359024667 0.2196040550 
6.5225833941 0.2854887049 
6.5077408962 0.3605101601 
6.4909935038 0.4448939849 
6.4719028491 0.5388803105 
6.4499680746 0.6427178132 
6.4246199615 0.7566563266 
6.3952149564 0.8809379112 
6.3610293471 1.0157860829 
6.3212539112 1.1613930240 
6.2749894721 1.3179044837 
6.2212438935 1.4854022482 
6.1589311775 1.6638840534 
6.0868734494 1.8532409900 
6.0038067458 2.0532325608 
5.9083915961 2.2634598825 
5.7992294564 2.4833377463 
5.6748860116 2.7120666692 
5.5339222247 2.9486064731 
5.3749337260 3.1916533719 
5.1965986596 3.4396229746 
4.9977334488 3.6906419269 
4.7773550777 3.9425510741 
4.5347474869 4.1929229003 
4.2695286272 4.4390955056 
3.9817137062 4.6782245176 
3.6717694222 4.9073529935 
3.3406536865 5.1234976895 
2.9898355661 5.3237482444 
2.6212912032 5.5053739591 
2.2374731048 5.6659313733 
1.8412524254 5.8033649461 
1.4358363756 5.9160930774 
1.0246654397 6.0030725457 
0.6112971122 6.0638361898 
0.1992842895 6.0985010359 
-0.2079431350 6.1077468141
-0.6071854721 6.0927674880
-0.9955626541 6.0552006899
-1.3705813487 5.9970415143
-1.7301776350 5.9205478310
-2.0727353354 5.8281441560
-2.3970821748 5.7223302452
-2.7024673154 5.6055992389
-2.9885246397 5.4803686000
-3.2552264010 5.3489255129
-3.5028316392 5.2133869929
-3.7318331155 5.0756738918
-3.9429057903 4.9374972120
-4.1368590522 4.8003546957
-4.3145940505 4.6655355676
-4.4770668890 4.5341313101
-4.6252578724 4.4070505717
-4.7601465756 4.2850366169
-4.8826922904 4.1686859928
-4.9938192387 4.0584673984
-5.0944058465 3.9547400461
-5.1852774121 3.8577709941
-5.2672015148 3.7677511414
-5.3408855674 3.6848097287
-5.4069760110 3.6090272739
-5.4660587007 3.5404469789
-5.5186601178 3.4790846778
-5.5652491140 3.4249374262
-5.6062389446 3.3779908506
-5.6419893967 3.3382253890
-5.6728088645 3.3056215376
-5.6989562462 3.2801642343
-5.7206425892 3.2618464477
-5.7380323873 3.2506721022
-5.7512445050 3.2466583611
-5.7603526643 3.2498373521
-5.7653854643 3.2602573703
-5.7663259098 3.2779835612
-5.7631104180 3.3030981014
-5.7556272975 3.3356998301
-5.7437146703 3.3759033189
-5.7271578388 3.4238372988
-5.7056861051 3.4796423466
-5.6789690418 3.5434677417
-5.6466122649 3.6154673212
-5.6081527440 3.6957941979
-5.5630537734 3.7845940872
-5.5106997078 3.8819970683
-5.4503906883 3.9881074755
-5.3813376167 4.1029916708
-5.3026577596 4.2266633964
-5.2133714708 4.3590664349
-5.1124006776 4.5000543223
-4.9985698996 4.6493669884
-4.8706108254 4.8066042315
-4.7271715788 4.9711962429
-4.5668320160 5.1423716299
-4.3881265770 5.3191237488
-4.1895761487 5.5001767775
-3.9697304444 5.6839534568
-3.7272220372 5.8685472292
-3.4608326214 6.0517022484
-3.1695712448 6.2308053964
-2.8527628404 6.4028950395
-2.5101438313 6.5646913267
-2.1419595197 6.7126524560
-1.7490559775 6.8430600711
-1.3329572434 6.9521348320
-0.8959175301 7.0361800785
-0.4409380240 7.0917477067
0.0282606059 7.1158162602 
0.5073156326 7.1059675424 
0.9913503548 7.0605455959 
1.4751476440 6.9787814369 
1.9533575557 6.8608689672 
2.4207225692 6.7079820059 
2.8723008888 6.5222288254 
3.3036681070 6.3065478311 
3.7110801311 6.0645548271 
4.0915854703 5.8003573554 
4.4430814107 5.5183541491 
4.7643152391 5.2230375311 
5.0548372911 4.9188140212 
5.3149164855 4.6098542204 
5.5454308240 4.2999782357 
5.7477452486 3.9925783294 
5.9235877864 3.6905766853 
6.0749324957 3.3964136397 
6.2038951067 3.1120602545 
6.3126446853 2.8390487438 
6.4033324959 2.5785146771 
6.4780376940 2.3312455889 
6.5387283224 2.0977318569 
6.5872355553 1.8782166393 
6.6252388546 1.6727427537 
6.6542597439 1.4811951814 
6.6756620922 1.3033385568 
6.6906570815 1.1388494600 
6.7003113363 0.9873436927 
6.7055570041 0.8483988882 
6.7072028466 0.7215729457 
6.7059456371 0.6064188673 
6.7023813706 0.5024964523 
6.6970159350 0.4093814124 
6.6902750215 0.3266723236 
6.6825131411 0.2539958285 
6.6740216797 0.1910104506 
6.6650359731 0.1374092840 
6.6557414101 0.0929218124 
6.6462785953 0.0573150485 
6.6367476088 0.0303941540 
6.6272114068 0.0120026603 
6.6176984080 0.0020223623 
6.6082043019 0.0003729799 
6.5986931174 0.0070115849 
6.5890975785 0.0219318659 
6.5793187705 0.0451631686 
6.5692251346 0.0767693404 
6.5586508051 0.1168472847 
6.5473932997 0.1655252399 
6.5352105763 0.2229606179 
6.5218174701 0.2893373869 
6.5068815393 0.3648627823 
6.4900183534 0.4497632955 
6.4707862882 0.5442796953 
6.4486809160 0.6486609230 
6.4231291230 0.7631566367 
6.3934831380 0.8880081749 
6.3590147227 1.0234377027 
6.3189098596 1.1696352818 
6.2722643716 1.3267436473 
6.2180810105 1.4948405526 
6.1552686930 1.6739185307 
6.0826446680 1.8638621659 
5.9989405397 2.0644230367 
5.9028131369 2.2751928438 
5.7928613030 2.4955754155 
5.6676495930 2.7247588179 
5.5257397652 2.9616890670 
5.3657306361 3.2050474657 
5.1863063819 3.4532340030 
4.9862926938 3.7043595640 
4.7647193604 3.9562497911 
4.5208868010 4.2064633681 
4.2544330329 4.4523269538 
3.9653965614 4.6909880888 
3.6542699747 4.9194860387 
3.3220387108 5.1348388800 
2.9701997872 5.3341432510 
2.6007563325 5.5146813511 
2.2161853828 5.6740283534 
1.8193787217 5.8101524847 
1.4135590690 5.9215000293 
1.0021763588 6.0070584294 
0.5887909793 6.0663924031 
0.1769521057 6.0996504371 
-0.2299202784 6.1075417409
-0.6286417730 6.0912864315
-1.0163518661 6.0525439377
-1.3905797401 5.9933261459
-1.7492855982 5.9159024599
-2.0908777203 5.8227037801
-2.4142075163 5.7162315043
-2.7185461552 5.5989763022
-3.0035472064 5.4733498132
-3.2691998989 5.3416308501
-3.5157773630 5.2059262961
-3.7437835847 5.0681458240
-3.9539020362 4.9299888245
-4.1469481536 4.7929414958
-4.3238269670 4.6582819745
-4.4854966412 4.5270913669
-4.6329380286 4.4002688521
-4.7671300543 4.2785492202
-4.8890304452 4.1625215673
-4.9995611695 4.0526481663
-5.0995979206 3.9492827756
-5.1899629543 3.8526879013
-5.2714206142 3.7630507305
-5.3446750028 3.6804975288
-5.4103692426 3.6051065015
-5.4690859154 3.5369191199
-5.5213483157 3.4759499861
-5.5676222166 3.4221953490
-5.6083179037 3.3756404057
-5.6437923166 3.3362654640
-5.6743511018 3.3040511656
-5.7002505153 3.2789827940
-5.7216990357 3.2610538502
-5.7388586536 3.2502689234
-5.7518457682 3.2466459483
-5.7607316437 3.2502179150
-5.7655424133 3.2610340221
-5.7662585777 3.2791603376
-5.7628139779 3.3046799603
-5.7550942463 3.3376926179
-5.7429347014 3.3783136995
-5.7261176816 3.4266726495
-5.7043693394 3.4829106031
-5.6773558739 3.5471772103
-5.6446792883 3.6196264137
-5.6058726737 3.7004111051
-5.5603951571 3.7896763837
-5.5076266447 3.8875511997
-5.4468625441 3.9941381529
-5.3773087603 4.1095011439
-5.2980773524 4.2336505775
-5.2081833385 4.3665258644
-5.1065432810 4.5079749908
-4.9919764929 4.6577309603
-4.8632098236 4.8153851198
-4.7188872221 4.9803575254
-4.5575854106 5.1518648460
-4.3778371783 5.3288866487
-4.1781637938 5.5101314949
-3.9571179778 5.6940048574
-3.7133386062 5.8785815811
-3.4456176459 6.0615864321
-3.1529789842 6.2403869141
-2.8347674560 6.4120030673
-2.4907447085 6.5731390711
-2.1211864879 6.7202410352
-1.7269739843 6.8495840358
-1.3096699319 6.9573893035
-0.8715691612 7.0399692818
-0.4157131911 7.0938944647
0.0541398889 7.1161717903 
0.5335956093 7.1044207206 
1.0177539001 7.0570307771 
1.5013848019 6.9732839634 
1.9791375426 6.8534276736 
2.4457661495 6.6986883545 
2.8963521065 6.5112226686 
3.3265042731 6.2940102225 
3.7325193313 6.0506985977 
4.1114910834 5.7854164092 
4.4613635524 5.5025724710 
4.7809293632 5.2066588270 
5.0697804418 4.9020727138 
5.3282218750 4.5929682481 
5.5571613824 4.2831439011 
5.7579868424 3.9759671199 
5.9324426038 3.6743338970 
6.0825129905 3.3806585013 
6.2103187613 3.0968871727 
6.3180296868 2.8245293584 
6.4077943578 2.5647003789 
6.4816867488 2.3181702805 
6.5416680044 2.0854147058 
6.5895613301 1.8666647306 
6.6270376800 1.6619535198 
6.6556099318 1.4711585901 
6.6766334766 1.2940389937 
6.6913113908 1.1302673470 
6.7007027043 0.9794568212 
6.7057325538 0.8411835317 
6.7072033067 0.7150047678 
6.7058059619 0.6004736347 
6.7021313399 0.4971505688 
6.6966807124 0.4046123760 
6.6898756704 0.3224590363 
6.6820670884 0.2503188434 
6.6735431264 0.1878521425 
6.6645362513 0.1347539693 
6.6552292883 0.0907558277 
6.6457605332 0.0556267959 
6.6362279640 0.0291741232 
6.6266925969 0.0112434292 
6.6171810279 0.0017185846 
6.6076872014 0.0005213633 
6.5981734385 0.0076108549 
6.5885707548 0.0229827106 
6.5787784895 0.0466681900 
6.5686632641 0.0787329729 
6.5580572839 0.1192757291 
6.5467559936 0.1684263348 
6.5345150996 0.2263437264 
6.5210469745 0.2932132305 
6.5060164709 0.3692432450 
6.4890361818 0.4546611696 
6.4696612099 0.5497083895 
6.4473835399 0.6546340902 
6.4216261459 0.7696877216 
6.3917370201 0.8951098818 
6.3569833826 1.0311213401 
6.3165464087 1.1779099871 
6.2695169107 1.3356155002 
6.2148925263 1.5043115356 
6.1515770930 1.6839853565 
6.0783830005 1.8745149672 
5.9940374533 2.0756439398 
5.8971936300 2.2869544733 
5.7864478302 2.5078393539 
5.6603635707 2.7374741205 
5.5175035249 2.9747909117 
5.3564698429 3.2184560636 
5.1759528930 3.4668539331 
4.9747878194 3.7180796551 
4.7520174210 3.9699437121 
4.5069587926 4.2199910961 
4.2392702022 4.4655371845 
3.9490136251 4.7037216306 
3.6367076408 4.9315801809 
3.3033652791 5.1461325228 
2.9505114948 5.3444826117 
2.5801763008 5.5239258707 
2.1948610831 5.6820564054 
1.7974780231 5.8168664575 
1.3912650273 5.9268303896 
0.9796811363 6.0109664150 
0.5662892629 6.0688711515 
0.1546345149 6.1007244767 
-0.2518733562 6.1072649314
-0.6500655068 6.0897385709
-1.0371011685 6.0498263617
-1.4105321586 5.9895567000
-1.7683428585 5.9112102366
-2.1089659950 5.8172239840
-2.4312765897 5.7101007403
-2.7345677010 5.5923285044
-3.0185124487 5.4663129317
-3.2831168792 5.3343243499
-3.5286680638 5.1984594311
-3.7556810596 5.0606166304
-3.9648477073 4.9224837200
-4.1569893626 4.7855353716
-4.3330148303 4.6510386650
-4.4938842436 4.5200643783
-4.6405789335 4.3935022691
-4.7740771213 4.2720787056
-4.8953349206 4.1563753943
-5.0052720188 4.0468482311
-5.1047613535 3.9438455748
-5.1946221167 3.8476254363
-5.2756154202 3.7583713209
-5.3484420503 3.6762065611
-5.4137418130 3.6012070821
-5.4720940220 3.5334126524
-5.5240187893 3.4728366674
-5.5699788085 3.4194746028
-5.6103814090 3.3733112334
-5.6455806801 3.3343267676
-5.6758795414 3.3025019792
-5.7015316001 3.2778225268
-5.7227427758 3.2602824432
-5.7396725552 3.2498869936
-5.7524348721 3.2466548932
-5.7610985396 3.2506199850
-5.7656872210 3.2618323773
-5.7661789064 3.2803590675
-5.7625048571 3.3062840736
-5.7545480226 3.3397080099
-5.7421409092 3.3807470790
-5.7250628856 3.4295314250
-5.7030369386 3.4862027408
-5.6757258875 3.5509110236
-5.6427281022 3.6238103162
-5.6035727825 3.7050532663
-5.5577148794 3.7947843207
-5.5045298289 3.8931312802
-5.4433082854 4.0001949804
-5.3732511498 4.1160368076
-5.2934652669 4.2406637743
-5.2029603034 4.3740108727
-5.1006474700 4.5159204572
-4.9853408840 4.6661185297
-4.8557625817 4.8241878986
-4.7105523865 4.9895383869
-4.5482839514 5.1613746279
-4.3674885156 5.3386622937
-4.1666878492 5.5200942392
-3.9444378516 5.7040585792
-3.6993839041 5.8886115004
-3.4303284574 6.0714583730
-3.1363105161 6.2499473413
-2.8166951150 6.4210802057
-2.4712694087 6.5815453510
-2.1003398542 6.7277770591
-1.7048229919 6.8560441851
-1.2863204104 6.9625689607
-0.8471676024 7.0436734315
-0.3904463224 7.0959472236
0.0800481485 7.1164261952 
0.5598899956 7.1027679384 
1.0441562895 7.0534078217 
1.5276048776 6.9676790545 
2.0048848225 6.8458825667 
2.4707623764 6.6892972860 
2.9203428891 6.5001279476 
3.3492689757 6.2813948932 
3.7538784117 6.0367769266 
4.1313104557 5.7704231330 
4.4795558585 5.4867518219 
4.7974524353 5.1902542269 
5.0846334571 4.8853178477 
5.3414398227 4.5760800073 
5.5688086245 4.2663172972 
5.7681503036 3.9593722346 
5.9412251804 3.6581145961 
6.0900275413 3.3649326176 
6.2166829099 3.0817478183 
6.3233615549 2.8100470026 
6.4122092305 2.5509254006 
6.4852946259 2.3051357015 
6.5445719082 2.0731389748 
6.5918562758 1.8551543418 
6.6288101551 1.6512054485 
6.6569377814 1.4611624540 
6.6775860837 1.2847789211 
6.6919500582 1.1217235779 
6.7010811688 0.9716070388 
6.7058975733 0.8340039644 
6.7071952809 0.7084710633 
6.7056595499 0.5945615684 
6.7018760549 0.4918366112 
6.6963414829 0.3998740821 
6.6894733503 0.3182753987 
6.6816189192 0.2466705077 
6.6730631443 0.1847215831 
6.6640356415 0.1321256138 
6.6547166876 0.0886161223 
6.6452422818 0.0539642610 
6.6357083104 0.0279793599 
6.6261738564 0.0105091292 
6.6166636990 0.0014395167 
6.6071700402 0.0006943432 
6.5976534942 0.0082347121 
6.5880433671 0.0240582417 
6.5782372488 0.0481981037 
6.5680999362 0.0807218028 
6.5574616985 0.1217297610 
6.5461158983 0.1713535037 
6.5338159799 0.2297534759 
6.5202718412 0.2971163432 
6.5051456145 0.3736516632 
6.4880469009 0.4595877298 
6.4685275133 0.5551665237 
6.4460758312 0.6606374511 
6.4201108977 0.7762497359 
6.3899764523 0.9022431922 
6.3549351583 1.0388371516 
6.3141633695 1.1862172978 
6.2667468784 1.3445201977 
6.2116782082 1.5138153439 
6.1478561218 1.6940846678 
6.0740881720 1.8851995064 
5.9890971905 2.0868953636 
5.8915327612 2.2987448384 
5.7799887055 2.5201296052 
5.6530276037 2.7502125812 
5.5092131612 2.9879119672 
5.3471510016 3.2318790914 
5.1655378577 3.4804826486 
4.9632185202 3.7318020278 
4.7392489887 3.9836326203 
4.4929632368 4.2335058269 
4.2240399728 4.4787259020 
3.9325647811 4.7164248422 
3.6190823817 4.9436351057 
3.2846334196 5.1573783144 
2.9307707829 5.3547660494 
2.5595512697 5.5331072785 
2.1735004313 5.6900153400 
1.7755505842 5.8235067446 
1.3689545238 5.9320841129 
0.9571800481 6.0147965334 
0.5437922300 6.0712725398 
0.1323317496 6.1017233284 
-0.2738021858 6.1069166177
-0.6714565339 6.0881241857
-1.0578104741 6.0470482758
-1.4304385775 5.9857335101
-1.7873494533 5.9064714997
-2.1270002555 5.8117050993
-2.4482895324 5.7039382725
-2.7505321341 5.5856561407
-3.0334205848 5.4592582200
-3.2969775994 5.3270062362
-3.5415040269 5.1909865800
-3.7675258424 5.0530864529
-3.9757431148 4.9149820022
-4.1669829917 4.7781363918
-4.3421579545 4.6438056710
-4.5022300120 4.5130503375
-4.6481808949 4.3867507874
-4.7809880686 4.2656250186
-4.9016059919 4.1502474028
-5.0109520378 4.0410675179
-5.1098963719 3.9384283681
-5.1992551143 3.8425835099
-5.2797861288 3.7537128213
-5.3521868849 3.6719367388
-5.4170938767 3.5973289364
-5.4750831498 3.5299275139
-5.5266716426 3.4697446804
-5.5723189812 3.4167751500
-5.6124295375 3.3710033049
-5.6473545660 3.3324092530
-5.6773942478 3.3009739422
-5.7027995572 3.2766833986
-5.7237738557 3.2595321987
-5.7404741300 3.2495262891
-5.7530118505 3.2466851681
-5.7614533751 3.2510435422
-5.7658199007 3.2626524230
-5.7660869015 3.2815797410
-5.7621830544 3.3079104320
-5.7539886180 3.3417459968
-5.7413332802 3.3832034438
-5.7239934316 3.4324136076
-5.7016888787 3.4895187347
-5.6740790486 3.5546691563
-5.6407586687 3.6280189920
-5.6012530250 3.7097206358
-5.5550128750 3.7999178606
-5.5014091731 3.8987372798
-5.4397278059 4.0062779269
-5.3691646599 4.1225986266
-5.2888213511 4.2477029529
-5.1977021991 4.3815214084
-5.0947130644 4.5238906481
-4.9786628744 4.6745296025
-4.8482688905 4.8330124428
-4.7021668517 4.9987386693
-4.5389274192 5.1709007715
-4.3570803703 5.3484504346
-4.1551481092 5.5300647080
-3.9316898764 5.7141142675
-3.6853577515 5.8986365887
-3.4149649350 6.0813176074
-3.1195657967 6.2594861515
-2.7985458430 6.4301258854
-2.4517180390 6.5899095666
-2.0794198339 6.7352599088
-1.6826033347 6.8624399028
-1.2629091299 6.9676732175
-0.8227134166 7.0472920003
-0.3651380877 7.0979055427
0.1059846223 7.1165791475 
0.5861979447 7.1010090063 
1.0705566390 7.0496766944 
1.5538069787 6.9619668373 
2.0305985393 6.8382339328 
2.4957104643 6.6798092322 
2.9442725554 6.4889452165 
3.3719616499 6.2687024959 
3.7751569495 6.0227905264 
4.1510433015 5.7553782716 
4.4976581836 5.4708929421 
4.8138844429 5.1738244356 
5.0993964174 4.8685500931 
5.3545705062 4.5591900953 
5.5803727927 4.2494989520 
5.7782359216 3.9427941266 
5.9499358344 3.6419191628 
6.0974764795 3.3492363005 
6.2229878843 3.0666424414 
6.3286406128 2.7956018726 
6.4165774314 2.5371898674 
6.4888616254 2.2921419280 
6.5474403180 2.0609046826 
6.5941206530 1.8436854565 
6.6305565150 1.6404985021 
6.6582435051 1.4512067076 
6.6785201028 1.2755582554 
6.6925732509 1.1132180558 
6.7014468758 0.9637942439 
6.7060521909 0.8268600707 
6.7071788807 0.7019717111 
6.7055064957 0.5886825602 
6.7016155976 0.4865544543 
6.6959983154 0.3951664208 
6.6890681197 0.3141212958 
6.6811686822 0.2430507078 
6.6725817734 0.1816186701 
6.6635341762 0.1295241090 
6.6542036336 0.0865025926 
6.6447238608 0.0523273305 
6.6351886619 0.0268097479 
6.6256551944 0.0097996557 
6.6161464254 0.0011850569 
6.6066528177 0.0008918252 
6.5971332795 0.0088830651 
6.5875154059 0.0251583657 
6.5776950348 0.0497528025 
6.5675351328 0.0827357181 
6.5568640262 0.1242092701 
6.5454729866 0.1743066236 
6.5331131857 0.2331897223 
6.5194920334 0.3010465759 
6.5042689289 0.3780878718 
6.4870504644 0.4645427992 
6.4673851469 0.5606539062 
6.4447577334 0.6666707981 
6.4185833186 0.7828424408 
6.3882013711 0.9094078415 
6.3528699825 1.0465848507 
6.3117606710 1.1945569053 
6.2639542033 1.3534573981 
6.2084379833 1.5233516106 
6.1441057116 1.7042160544 
6.0697601181 1.8959153428 
5.9841196983 2.0981768221 
5.8858304937 2.3105634055 
5.7734839230 2.5324455680 
5.6456417175 2.7629735475 
5.5008687389 3.0010515313 
5.3377742336 3.2453157871 
5.1550614661 3.4941193308 
4.9515850547 3.7455258305 
4.7264144098 3.9973156282 
4.4789005755 4.2470066533 
4.2087428888 4.4918921959 
3.9160507089 4.7290968044 
3.6013949762 4.9556499383 
3.2658440384 5.1685754237 
2.9109786644 5.3649928083 
2.5388823463 5.5422249148 
2.1521046193 5.6979046090 
1.7535976627 5.8300729237 
1.3466288592 5.9372609126 
0.9346744029 6.0185486404 
0.5213011654 6.0735965645 
0.1100450653 6.1026471203 
-0.2957055520 6.1064970488
-0.6928137295 6.0864436288
-1.0784787536 6.0442101181
-1.4502980746 5.9818570783
-1.8063045555 5.9016867996
-2.1449797656 5.8061477087
-2.4652457203 5.6977446899
-2.7664389209 5.5789597984
-3.0482711649 5.4521862518
-3.3107816786 5.3196770636
-3.5542849321 5.1835082722
-3.7793176636 5.0455557928
-3.9865880292 4.9074841439
-4.1769288565 4.7707449898
-4.3512561857 4.6365833932
-4.5105338077 4.5060496233
-4.6557437985 4.3800147513
-4.7878628024 4.2591884702
-4.9078435841 4.1441378703
-5.0166011673 4.0353062719
-5.1150029281 3.9330313725
-5.2038619005 3.8375623240
-5.2839326983 3.7490754138
-5.3559094761 3.6676882147
-5.4204254055 3.5934722009
-5.4780532848 3.5264638068
-5.5293068739 3.4666740959
-5.5746427314 3.4140970511
-5.6144622902 3.3687166611
-5.6491139658 3.3305129662
-5.6788952154 3.2994670854
-5.7040543840 3.2755654237
-5.7247922781 3.2588031114
-5.7412633828 3.2491867894
-5.7535767056 3.2467367465
-5.7617961550 3.2514885456
-5.7659404574 3.2634941069
-5.7659825614 3.2828223063
-5.7618485607 3.3095589852
-5.7534160240 3.3438065155
-5.7405118043 3.3856827207
-5.7229092994 3.4353191274
-5.7003251374 3.4928585036
-5.6724153292 3.5584515208
-5.6387709526 3.6322523468
-5.5989133614 3.7144131082
-5.5522891096 3.8050768693
-5.4982646472 3.9043690362
-5.4361210896 4.0123867879
-5.3650492850 4.1291863586
-5.2841456120 4.2547678305
-5.1924090387 4.3890571552
-5.0887400784 4.5318852191
-4.9719424955 4.6829637880
-4.8407287956 4.8418583196
-4.6937306895 5.0079578871
-4.5295159011 5.1804427524
-4.3466128631 5.3582504951
-4.1435447459 5.5400422648
-3.9188742872 5.7241712264
-3.6712604834 5.9086560788
-3.3995274888 6.0911633269
-3.1027453313 6.2690025010
-2.7803202797 6.4391392288
-2.4320913886 6.5982308264
-2.0584273729 6.7426887056
-1.6603161247 6.8687703519
-1.2394373695 6.9727013122
-0.7982080425 7.0508243374
-0.3397900779 7.0997689178
0.1319475997 7.1166303240 
0.6125176932 7.0991438063 
1.0969531526 7.0458374994 
1.5799893343 6.9561476421 
2.0562769833 6.8304823234 
2.5206087954 6.6702249530 
2.9681396210 6.4776754158 
3.3945809870 6.2559341102 
3.7963538096 6.0087405869 
4.1706886908 5.7402830699 
4.5156697854 5.4549971021 
4.8302248169 5.1573707186 
5.1140689231 4.8517706701 
5.3676136731 4.5422996642 
5.5918537617 4.2326899304 
5.7882436678 3.9262337735 
5.9585746193 3.6257484714 
6.1048599109 3.3335703385 
6.2292338333 3.0515717351 
6.3338670349 2.7811945767 
6.4208991429 2.5234943261 
6.4923879320 2.2791894477 
6.5502734099 2.0487122810 
6.5963546314 1.8322584814 
6.6322769260 1.6298330228 
6.6595272569 1.4412916629 
6.6794356764 1.2663772764 
6.6931810960 1.1047510543 
6.7017999403 0.9560186897 
6.7061965103 0.8197520855 
6.7071541988 0.6955069296 
6.7053468819 0.5828368157 
6.7013500396 0.4813043133 
6.6956512746 0.3904895701 
6.6886600349 0.3099968957 
6.6807164265 0.2394595991 
6.6720990560 0.1785435375 
6.6630318906 0.1269496079 
6.6536901552 0.0844153824 
6.6442052929 0.0507161581 
6.6346690354 0.0256654482 
6.6251366219 0.0091151386 
6.6156292126 0.0009553193 
6.6061355340 0.0011139007 
6.5966127886 0.0095560021 
6.5869868598 0.0262831774 
6.5771518296 0.0513323922 
6.5669688295 0.0847748223 
6.5562642356 0.1267143568 
6.5448272198 0.1772857900 
6.5324066698 0.2366525708 
6.5187074953 0.3050040316 
6.5033863478 0.3825519783 
6.4860467959 0.4695264742 
6.4662340230 0.5661706297 
6.4434291456 0.6727342249 
6.4170432926 0.7894659375 
6.3864116466 0.9166039194 
6.3507877096 1.0543645197 
6.3093381525 1.2029288762 
6.2611387087 1.3624271519 
6.2051716637 1.5329203487 
6.1403256608 1.7143795044 
6.0653986255 1.9066624348 
5.9791047568 2.1094882317 
5.8800865971 2.3224100667 
5.7669332441 2.5447871092 
5.6382056751 2.7757568460 
5.4924700371 3.0142093741 
5.3283393371 3.2587658736 
5.1445235470 3.5077636533 
4.9398873058 3.7592506721 
4.7135136153 4.0109923096 
4.4647708105 4.2604931072 
4.1933790246 4.5050355759 
3.8994715571 4.7417370235 
3.5836456752 4.9676241782 
3.2469974622 5.1797233819 
2.8911355512 5.3751624601 
2.5181700161 5.5512784116 
2.1306741782 5.7057239252 
1.7316198489 5.8365647893 
1.3242886512 5.9423606779 
0.9121648277 6.0222227225 
0.4988166949 6.0758433069 
0.0877750441 6.1034960241 
-0.3175829410 6.1060064744
-0.7141366174 6.0846972165
-1.0991056014 6.0413122547
-1.4701103082 5.9779278075
-1.8252079144 5.8968565535
-2.1629043550 5.8005522301
-2.4821450326 5.6915204094
-2.7822880014 5.5722398762
-3.0630641807 5.4450974005
-3.3245291550 5.3123371733
-3.5670108473 5.1760248185
-3.7910566214 5.0380249236
-3.9973825789 4.8999903753
-4.1868270894 4.7633613697
-4.3603096635 4.6293720048
-4.5187957783 4.4990623754
-4.6632677853 4.3732942808
-4.7947014544 4.2527691642
-4.9140478144 4.1380468924
-5.0222195198 4.0295645700
-5.1200811317 3.9276546452
-5.2084425845 3.8325619138
-5.2880552351 3.7444591160
-5.3596099201 3.6634610009
-5.4237364992 3.5896368623
-5.4810045076 3.5230215291
-5.5319245506 3.4636249153
-5.5769501280 3.4114402900
-5.6164797249 3.3664512905
-5.6508589358 3.3286378843
-5.6803824940 3.2979813838
-5.7052961183 3.2744685861
-5.7257980650 3.2580951818
-5.7420403277 3.2488684991
-5.7541294528 3.2468096205
-5.7621268900 3.2519549844
-5.7660488868 3.2643574341
-5.7658658840 3.2840867536
-5.7615013718 3.3112297162
-5.7528302219 3.3458895618
-5.7396764572 3.3881849021
-5.7218104661 3.4382479606
-5.6989456768 3.4962220335
-5.6707346902 3.5622580878
-5.6367649064 3.6365103467
-5.5965537403 3.7191306355
-5.5495435177 3.8102612979
-5.4950961762 3.9100264908
-5.4324880379 4.0185215111
-5.3609049058 4.1357999496
-5.2794379168 4.2618583382
-5.1870806832 4.3966180180
-5.0827283696 4.5399040432
-4.9651795910 4.6914209368
-4.8331421347 4.8507253461
-4.6852437276 5.0171958268
-4.5200492439 5.1900002987
-4.3360858591 5.3680621486
-4.1318776394 5.5500265342
-3.9059910009 5.7342290207
-3.6570920318 5.9186694967
-3.3840161277 6.1009949905
-3.0858492018 6.2784957983
-2.7620185916 6.4481196053
-2.4123897282 6.6065084724
-2.0373628397 6.7500627888
-1.6379618324 6.8750348912
-1.2159057233 6.9776526448
-0.7736521913 7.0542699135
-0.3144031078 7.1015369192
0.1579361906 7.1165794206 
0.6388482527 7.0971721851 
1.1233447957 7.0418902513 
1.6061508827 6.9502216634 
2.0819191302 6.8226281053 
2.5454564358 6.6605449677 
2.9919432721 6.4663191920 
3.4171263122 6.2430904795 
3.8174684799 5.9946279076 
4.1902462546 5.7251383617 
4.5335904522 5.4390651242 
4.8464734753 5.1408938707 
5.1286510168 4.8349803117 
5.3805694466 4.5254093957 
5.6032517288 4.2158908382 
5.7981737976 3.9096916950 
5.9671418181 3.6096029748 
6.1121781483 3.3179350913 
6.2354210752 3.0365359900 
6.3390411357 2.7668253423 
6.4251746667 2.5098389528 
6.4958738331 2.2662783827 
6.5530714561 2.0365618370 
6.5985584622 1.8208734436 
6.6339716108 1.6192090318 
6.6607892389 1.4314173105 
6.6803329851 1.2572359558 
6.6937737576 1.0963225058 
6.7021405084 0.9482802878 
6.7063306593 0.8126799121 
6.7071213468 0.6890766134 
6.7051808066 0.5770242091 
6.7010794679 0.4760860260 
6.6953004337 0.3858433885 
6.6882491579 0.3059020613 
6.6802622041 0.2358970527 
6.6716150352 0.1754960657 
6.6625288209 0.1244019571 
6.6531762817 0.0823543476 
6.6436866014 0.0491305892 
6.6341494487 0.0245462877 
6.6246181518 0.0084554212 
6.6151120691 0.0007501537 
6.6056181929 0.0013604337 
6.5960920215 0.0102533886 
6.5864577245 0.0274325324 
6.5766076251 0.0529367190 
6.5664010143 0.0868389526 
6.5556623110 0.1292448494 
6.5441785778 0.1802908376 
6.5316964085 0.2401418320 
6.5179181993 0.3089885038 
6.5024978403 0.3870437601 
6.4850358602 0.4745385260 
6.4650741026 0.5717164473 
6.4420900264 0.6788274561 
6.4154907774 0.7961199137 
6.3846072328 0.9238311012 
6.3486882907 1.0621758160 
6.3068957653 1.2113328367 
6.2583003471 1.3714290545 
6.2018792035 1.5425211266 
6.1365159263 1.7245745591 
6.0610036619 1.9174402782 
5.9740523456 2.1208290506 
5.8743010792 2.3342842110 
5.7603367091 2.5571535564 
5.6307195582 2.7885617434 
5.4840171777 3.0273847227 
5.3188464956 3.2722285200 
5.1339243480 3.5214147457 
4.9281255944 3.7729756520 
4.7005470300 4.0246617180 
4.4505744638 4.2739642304 
4.1779490260 4.5181550702 
3.8828280941 4.7543445404 
3.5658353762 4.9795568984 
3.2280947147 5.1908213172 
2.8712425918 5.3852742088 
2.4974155289 5.5602670764 
2.1092104538 5.7134727139 
1.7096185305 5.8429819103 
1.3019353113 5.9473831263 
0.8896527356 6.0258186468 
0.4763401996 6.0780127812 
0.0655230296 6.1042701904 
-0.3394330651 6.1054451694
-0.7354240138 6.0828853289
-1.1196899194 6.0383551547
-1.4898742811 5.9739462347
-1.8440586136 5.8919813537
-2.1807732144 5.7949192863
-2.4989867782 5.6852660601
-2.7980787866 5.5654969984
-3.0777991316 5.4379922762
-3.3382196020 5.3049871550
-3.5796814218 5.1685367750
-3.8027424248 5.0304943675
-4.0081265232 4.8925011824
-4.1966774950 4.7559859779
-4.3693182172 4.6221719249
-4.5270157909 4.4920889685
-4.6707527465 4.3665897160
-4.8015039465 4.2463673957
-4.9202186261 4.1319747256
-5.0278070493 4.0238426415
-5.1251309357 3.9222984028
-5.2129971163 3.8275824860
-5.2921536899 3.7398641206
-5.3632881672 3.6592552780
-5.4270270951 3.5858231100
-5.4839367698 3.5196008377
-5.5345246292 3.4605972775
-5.5792411180 3.4088050108
-5.6184817925 3.3642073209
-5.6525894218 3.3267841351
-5.6818560313 3.2965169532
-5.7065247135 3.2733929833
-5.7267911757 3.2574084877
-5.7428049209 3.2485714925
-5.7546700348 3.2469038792
-5.7624455132 3.2524429560
-5.7661451309 3.2652424766
-5.7657368015 3.2853731618
-5.7611414213 3.3129226897
-5.7522311497 3.3479951809
-5.7388271661 3.3907100388
-5.7206968550 3.4412001496
-5.6975504313 3.4996093325
-5.6690370560 3.5660888649
-5.6347404480 3.6407929910
-5.5941740696 3.7238732111
-5.5467760048 3.8154711209
-5.4919036592 3.9157096024
-5.4288285443 4.0246820362
-5.3567314122 4.1424393156
-5.2746981422 4.2689743781
-5.1817169914 4.4042038869
-5.0766777852 4.5479469881
-4.9583740132 4.6999008738
-4.8255087641 4.8596133051
-4.6767058348 5.0264522205
-4.5105273310 5.1995730915
-4.3254992605 5.3778850240
-4.1201467220 5.5600170881
-3.8930399725 5.7442871758
-3.6428524370 5.9286762885
-3.3684309394 6.1108120014
-3.0688775927 6.2879653908
-2.7436410576 6.4570663268
-2.3926134405 6.6147417976
-2.0162267665 6.7573814418
-1.6155411616 6.8812328198
-1.1923150467 6.9825265673
-0.7490468689 7.0576281667
-0.2889783050 7.1032091056
0.1839491425 7.1164261470 
0.6651883268 7.0950940254 
1.1497302611 7.0378350188 
1.6322903518 6.9441891572 
2.1075237705 6.8146717167 
2.5702522608 6.6507698840 
3.0156825089 6.4548772938 
3.4395967525 6.2301724730 
3.8385002424 5.9804534360 
4.2097154343 5.7099451379 
4.5514197645 5.4230980220 
4.8626301660 5.1243948655 
5.1431425633 4.8181799581 
5.3934378154 4.5085201510 
5.6145667623 4.1991024724 
5.8080264379 3.8931686215 
5.9756376190 3.5934833036 
6.1194314039 3.3023311244 
6.2415498357 3.0215357087 
6.3441631510 2.7524946003 
6.4294042465 2.4962240956 
6.4993195641 2.2534090289 
6.5558346784 2.0244536045 
6.6007323515 1.8095305613 
6.6356407625 1.6086267008 
6.6620296247 1.4215838039 
6.6812121839 1.2481344312 
6.6943513735 1.0879325340 
6.7024687008 0.9405791576 
6.7064547448 0.8056436538 
6.7070804185 0.6826808542 
6.7050083507 0.5712448304 
6.7008039508 0.4708996969 
6.6949458517 0.3812279648 
6.6878355391 0.3018368749 
6.6798060571 0.2323631425 
6.6711297456 0.1724763314 
6.6620249942 0.1218812547 
6.6526620339 0.0803195744 
6.6431678009 0.0475707207 
6.6336299106 0.0234523786 
6.6240997873 0.0078206103 
6.6145949922 0.0005696573 
6.6051007865 0.0016315181 
6.5955709643 0.0109753144 
6.5859279805 0.0286065145 
6.5760623958 0.0545658633 
6.5658316556 0.0889281814 
6.5550582138 0.1318008290 
6.5435270154 0.1833218257 
6.5309823477 0.2436575954 
6.5171240823 0.3130000906 
6.5016033323 0.3915633319 
6.4840175722 0.4795790676 
6.4639052886 0.5772914708 
6.4407402658 0.6849505998 
6.4139256482 0.8028044788 
6.3827879897 0.9310894914 
6.3465715729 1.0700188194 
6.3044333414 1.2197688486 
6.2554389338 1.3804631560 
6.1985603976 1.5521539952 
6.1326762884 1.7348012436 
6.0565749938 1.9282488701 
5.9689622201 2.1321992439 
5.8684736842 2.3461857765 
5.7536940551 2.5695448160 
5.6231831101 2.8013880937 
5.4755099182 3.0405773763 
5.3092954774 3.2857034907 
5.1232636787 3.5350723046 
4.9162997644 3.7867004281 
4.6875145451 4.0383234742 
4.4363114890 4.2874196084 
4.1624529072 4.5312502500 
3.8661204008 4.7669189246 
3.5479642188 4.9914476885 
3.2091360114 5.2018688424 
2.8513000578 5.3953277155 
2.4766192224 5.5691906236 
2.0877138411 5.7211507555 
1.6875941584 5.8493241404 
1.2795693290 5.9523281937 
0.8671386317 6.0293364367 
0.4538721694 6.0801050980 
0.0432894756 6.1049698106 
-0.3612555236 6.1048133947
-0.7566755705 6.0810082838
-1.1402314369 6.0353391753
-1.5095898058 5.9699127392
-1.8628565616 5.8870615818
-2.1985863047 5.7892492588
-2.5157709646 5.6789820146
-2.8138113385 5.5587315135
-3.0924761226 5.4308711986
-3.3518531591 5.2976272956
-3.5922968183 5.1610443955
-3.8143752438 5.0229643513
-4.0188200222 4.8850167765
-4.2064802529 4.7486189835
-4.3782820347 4.6149832873
-4.5351940155 4.4851295254
-4.6781988499 4.3599011537
-4.8082704184 4.2399832647
-4.9263561429 4.1259214631
-5.0333638621 4.0181405767
-5.1301524447 3.9169627147
-5.2175255994 3.8226240898
-5.2962281541 3.7352904724
-5.3669442991 3.6550710856
-5.4302972821 3.5820309540
-5.4868501401 3.5162017557
-5.5371071599 3.4575912199
-5.5815157505 3.4061912387
-5.6204685345 3.3619847767
-5.6543054615 3.3249517363
-5.6833158513 3.2950738237
-5.7077401820 3.2723386543
-5.7277716141 3.2567430735
-5.7435571597 3.2482958152
-5.7551984447 3.2470195657
-5.7627520144 3.2529524993
-5.7662291681 3.2661492834
-5.7655952922 3.2866815695
-5.7607686744 3.3146379561
-5.7516187618 3.3501234296
-5.7379638829 3.3932581783
-5.7195683981 3.4441757614
-5.6961393049 3.5030204972
-5.6673223194 3.5699439483
-5.6326974532 3.6451003819
-5.5917742079 3.7286409412
-5.5439864039 3.8207064569
-5.4886869144 3.9214184825
-5.4251424143 4.0308684615
-5.3525285847 4.1491045538
-5.2699260587 4.2761160228
-5.1763177204 4.4118148113
-5.0705880712 4.5560140736
-4.9515254728 4.7084036119
-4.8178283639 4.8685221924
-4.6681166753 5.0357270289
-4.5009497816 5.2091610791
-4.3148526584 5.3877190384
-4.1083515808 5.5700137919
-3.8800208142 5.7543454870
-3.6285412954 5.9386762106
-3.3527715624 6.1206140471
-3.0518301625 6.2974109191
-2.7251874049 6.4659789750
-2.3727623371 6.6229303365
-1.9950190457 6.7646441730
-1.5930540817 6.8873636416
-1.1686653928 6.9873226000
-0.7243922308 7.0608986546
-0.2635159298 7.1047850979
0.2099861307 7.1161702120 
0.6915375164 7.0929091459 
1.1761091105 7.0336717447 
1.6584072991 6.9380501960 
2.1330904836 6.8066133579 
2.5949959123 6.6409000149 
3.0393570308 6.4433501398 
3.4619921326 6.2171805656 
3.8594490379 5.9662176819 
4.2290962924 5.6947039101 
4.5691578955 5.4070962841 
4.8786951368 5.1078741673 
5.1575438989 4.8013700056 
5.4062191703 4.4916322618 
5.6257993025 4.1823250785 
5.8178020622 3.8766647060 
5.9840624866 3.5773895605 
6.1266201343 3.2867584769 
6.2476205630 3.0065708536 
6.3492335078 2.7382022528 
6.4335882692 2.4826496382 
6.5027254785 2.2405812388 
6.5585633910 2.0123874271 
6.6028765789 1.7982296637 
6.6372846273 1.5980858506 
6.6632486318 1.4117909486 
6.6820734634 1.2390724959 
6.6949141056 1.0795809468 
6.7027846542 0.9329151199 
6.7065688803 0.7986431532 
6.7070315070 0.6763195213 
6.7048295890 0.5654985807 
6.7005235473 0.4657452590 
6.6945875741 0.3766432623 
6.6874192123 0.2978013294 
6.6793480100 0.2288578784 
6.6706432039 0.1694843390 
6.6615204197 0.1193875181 
6.6521474144 0.0783110950 
6.6426488880 0.0460365829 
6.6331104119 0.0223837675 
6.6235815135 0.0072107867 
6.6140779614 0.0004139512 
6.6045832884 0.0019272951 
6.5950495848 0.0117219433 
6.5853975889 0.0298053111 
6.5755160954 0.0562200585 
6.5652606983 0.0910427889 
6.5544518793 0.1343825918 
6.5428724559 0.1863791071 
6.5302643993 0.2472002046 
6.5163250425 0.3170391504 
6.5007027073 0.3961110563 
6.4829917982 0.4846484795 
6.4627274271 0.5828961097 
6.4393796846 0.6911041147 
6.4123476971 0.8095201374 
6.3809536820 0.9383796031 
6.3444372861 1.0778940786 
6.3019505719 1.2282374968 
6.2525541219 1.3895300517 
6.1952148633 1.5618195355 
6.1288063239 1.7450601352 
6.0521121499 1.9390888001 
5.9638338605 2.1435994017 
5.8626038449 2.3581153438 
5.7470046700 2.5819614482 
5.6155956611 2.8142364616 
5.4669475471 3.0537878693 
5.2996855421 3.2991912712 
5.1125407526 3.5487367985 
4.9044090253 3.8004253987 
4.6744153647 4.0519779214 
4.4219810960 4.3008595298 
4.1468898859 4.5443213607 
3.8493477164 4.7794603788 
3.5300314782 5.0032967120 
3.1901206716 5.2128660907 
2.8313073090 5.4053230984 
2.4557804914 5.5780491696 
2.0661837465 5.7287581816 
1.6655461270 5.8555916362 
1.2571900859 5.9571960597 
0.8446218882 6.0327762914 
0.4314119843 6.0821204707 
0.0210737395 6.1055951095 
-0.3830509759 6.1041113795
-0.7778919777 6.0790663057
-1.1607308681 6.0322645280
-1.5292576185 5.9658275113
-1.8816025021 5.8820974019
-2.2163444112 5.7835422664
-2.5324984036 5.6726683418
-2.8294864400 5.5519434597
-3.1070959348 5.4237341586
-3.3654305953 5.2902575412
-3.6048577852 5.1535475850
-3.8259558151 5.0154347317
-4.0294638002 4.8775369652
-4.2162360209 4.7412601924
-4.3872017483 4.6078058643
-4.5433310470 4.4781837997
-4.6856066502 4.3532283356
-4.8150013982 4.2336164910
-4.9324608642 4.1198868082
-5.0388904261 4.0124580702
-5.1351460825 3.9116472880
-5.2220284113 3.8176864539
-5.3002789639 3.7307379215
-5.3705786275 3.6509081760
-5.4335473315 3.5782601769
-5.4897448653 3.5128240773
-5.5396723746 3.4546065351
-5.5837742248 3.4035987967
-5.6224401171 3.3597835165
-5.6560071992 3.3231405672
-5.6847620814 3.2936518876
-5.7089426277 3.2713055184
-5.7287394623 3.2560988839
-5.7442971096 3.2480414299
-5.7557147394 3.2471566468
-5.7630464292 3.2534836081
-5.7663010092 3.2670778814
-5.7654413309 3.2880120561
-5.7603830800 3.3163756288
-5.7509929828 3.3522744507
-5.7370865061 3.3958294944
-5.7184249750 3.4471749855
-5.6947121562 3.5064557348
-5.6655903108 3.5738235704
-5.6306357352 3.6494327563
-5.5893539373 3.7334340843
-5.5411744740 3.8259675695
-5.4854456495 3.9271534349
-5.4214293114 4.0370811138
-5.3482960504 4.1557959971
-5.2651212330 4.2832836347
-5.1708823813 4.4194511679
-5.0644586736 4.5641056932
-4.9446333744 4.7169295262
-4.8101002998 4.8774523558
-4.6594755408 5.0450205984
-4.4913158599 5.2187645570
-4.3041452912 5.3975644308
-4.0964914096 5.5800168394
-3.8669326736 5.7644041006
-3.6141577473 5.9486693348
-3.3370371169 6.1304011347
-3.0347060512 6.3068323086
-2.7066567672 6.4748574143
-2.3528355719 6.6310738894
-1.9737388537 6.7718507302
-1.5704998226 6.8934270579
-1.1449560736 6.9920404105
-0.6996876274 7.0640810380
-0.2380153991 7.1062645658
0.2360476744 7.1158113144 
0.7178963057 7.0906172895 
1.2024818099 7.0294002267 
1.6845022101 6.9318046318 
2.1586197799 6.7984529342 
2.6196879590 6.6309353018 
3.0629675109 6.4317376735 
3.4843131749 6.2041147089 
3.8803156488 5.9519205804 
4.2483896647 5.6794145776 
4.5868057501 5.3910597355 
4.8946693288 5.0913315263 
5.1718559633 4.7845501415 
5.4189144430 4.4747453418 
5.6369502549 4.1655582007 
5.8275015322 3.8601794360 
