cos() sin()
7.441837 -0.000437
7.438316 0.229325
7.427732 0.458826
7.410102 0.687804
7.385458 0.916001
7.353841 1.143160
7.315303 1.369025
7.269911 1.593345
7.217740 1.815874
7.158877 2.036369
7.093420 2.254593
7.021476 2.470315
6.943162 2.683310
6.858606 2.893360
6.767941 3.100255
6.671313 3.303792
6.568872 3.503775
6.460776 3.700019
6.347192 3.892346
6.228290 4.080588
6.104246 4.264585
5.975243 4.444187
5.841466 4.619254
5.703106 4.789656
5.560354 4.955270
5.413407 5.115985
5.262462 5.271700
5.107718 5.422321
4.949375 5.567765
4.787634 5.707959
4.622696 5.842839
4.454760 5.972347
4.284027 6.096438
4.110695 6.215073
3.934959 6.328222
3.757014 6.435862
3.577052 6.537979
3.395264 6.634567
3.211835 6.725625
3.026948 6.811160
2.840783 6.891187
2.653517 6.965723
2.465321 7.034796
2.276365 7.098436
2.086811 7.156680
1.896820 7.209569
1.706548 7.257149
1.516145 7.299469
1.325758 7.336586
1.135528 7.368555
0.945594 7.395439
0.756088 7.417302
0.567137 7.434212
0.378866 7.446237
0.191394 7.453452
0.004835 7.455929
-0.180701 7.453745
-0.365108 7.446978
-0.548285 7.435708
-0.730134 7.420014
-0.910563 7.399978
-1.089483 7.375683
-1.266809 7.347212
-1.442460 7.314648
-1.616359 7.278076
-1.788433 7.237579
-1.958611 7.193242
-2.126827 7.145148
-2.293019 7.093383
-2.457126 7.038031
-2.619091 6.979173
-2.778862 6.916895
-2.936387 6.851278
-3.091619 6.782404
-3.244512 6.710355
-3.395025 6.635211
-3.543116 6.557053
-3.688749 6.475959
-3.831887 6.392008
-3.972498 6.305276
-4.110551 6.215841
-4.246016 6.123777
-4.378867 6.029160
-4.509078 5.932062
-4.636625 5.832557
-4.761486 5.730715
-4.883641 5.626607
-5.003071 5.520302
-5.119759 5.411869
-5.233687 5.301375
-5.344841 5.188886
-5.453207 5.074467
-5.558773 4.958184
-5.661526 4.840098
-5.761456 4.720273
-5.858553 4.598769
-5.952808 4.475647
-6.044213 4.350966
-6.132760 4.224785
-6.218443 4.097162
-6.301256 3.968152
-6.381193 3.837813
-6.458249 3.706198
-6.532420 3.573363
-6.603702 3.439360
-6.672091 3.304242
-6.737585 3.168061
-6.800181 3.030869
-6.859875 2.892716
-6.916667 2.753652
-6.970555 2.613727
-7.021536 2.472988
-7.069610 2.331485
-7.114775 2.189264
-7.157030 2.046374
-7.196375 1.902860
-7.232809 1.758770
-7.266332 1.614148
-7.296942 1.469041
-7.324640 1.323494
-7.349425 1.177550
-7.371297 1.031256
-7.390256 0.884655
-7.406302 0.737791
-7.419434 0.590708
-7.429652 0.443451
-7.436957 0.296062
-7.441348 0.148585
-7.442826 0.001063
-7.441389 -0.146459
-7.437039 -0.293939
-7.429775 -0.441334
-7.419597 -0.588599
-7.406505 -0.735690
-7.390499 -0.882566
-7.371580 -1.029180
-7.349746 -1.175490
-7.324999 -1.321450
-7.297338 -1.467017
-7.266764 -1.612145
-7.233277 -1.756790
-7.196878 -1.900905
-7.157566 -2.044446
-7.115343 -2.187365
-7.070208 -2.329615
-7.022164 -2.471151
-6.971211 -2.611923
-6.917351 -2.751884
-6.860584 -2.890985
-6.800913 -3.029176
-6.738339 -3.166408
-6.672865 -3.302630
-6.604494 -3.437790
-6.533228 -3.571837
-6.459072 -3.704717
-6.382028 -3.836378
-6.302101 -3.966764
-6.219296 -4.095822
-6.133619 -4.223495
-6.045075 -4.349725
-5.953671 -4.474456
-5.859414 -4.597629
-5.762314 -4.719185
-5.662377 -4.839062
-5.559615 -4.957200
-5.454038 -5.073536
-5.345657 -5.188007
-5.234486 -5.300548
-5.120538 -5.411095
-5.003829 -5.519580
-4.884374 -5.625937
-4.762191 -5.730096
-4.637299 -5.831989
-4.509718 -5.931544
-4.379471 -6.028691
-4.246582 -6.123356
-4.111075 -6.215466
-3.972977 -6.304947
-3.832319 -6.391722
-3.689130 -6.475716
-3.543445 -6.556851
-3.395299 -6.635048
-3.244728 -6.710229
-3.091774 -6.782312
-2.936479 -6.851218
-2.778888 -6.916865
-2.619050 -6.979171
-2.457014 -7.038053
-2.292835 -7.093427
-2.126569 -7.145211
-1.958276 -7.193320
-1.788020 -7.237669
-1.615866 -7.278174
-1.441885 -7.314752
-1.266151 -7.347317
-1.088741 -7.375785
-0.909735 -7.400074
-0.729220 -7.420098
-0.547283 -7.435777
-0.364019 -7.447028
-0.179524 -7.453771
0.006100 -7.455927
0.192748 -7.453417
0.380308 -7.446165
0.568666 -7.434097
0.757703 -7.417140
0.947295 -7.395226
1.137314 -7.368285
1.327626 -7.336254
1.518094 -7.299071
1.708576 -7.256680
1.898924 -7.209024
2.088989 -7.156055
2.278613 -7.097726
2.467637 -7.033996
2.655896 -6.964829
2.843222 -6.890194
3.029443 -6.810065
3.214381 -6.724423
3.397857 -6.633255
3.579688 -6.536553
3.759685 -6.434319
3.937661 -6.326558
4.113422 -6.213286
4.286774 -6.094526
4.457521 -5.970307
4.625463 -5.840669
4.790401 -5.705658
4.952135 -5.565332
5.110464 -5.419754
5.265188 -5.268999
5.416105 -5.113151
5.563018 -4.952302
5.705728 -4.786556
5.844039 -4.616023
5.977759 -4.440827
6.106698 -4.261097
6.230671 -4.076975
6.349496 -3.888612
6.462996 -3.696167
6.571000 -3.499809
6.673343 -3.299716
6.769867 -3.096075
6.860421 -2.889081
6.944861 -2.678936
7.023054 -2.465854
7.094871 -2.250050
7.160197 -2.031751
7.218924 -1.811188
7.270956 -1.588599
7.316205 -1.364225
7.354596 -1.138315
7.386065 -0.911120
7.410559 -0.682893
7.428036 -0.453894
7.438468 -0.224381
7.441835 0.005384
7.438133 0.235141
7.427369 0.464628
7.409561 0.693583
7.384740 0.921748
7.352947 1.148865
7.314238 1.374680
7.268676 1.598941
7.216340 1.821403
7.157316 2.041823
7.091702 2.259965
7.019606 2.475596
6.941146 2.688494
6.856449 2.898440
6.765651 3.105224
6.668895 3.308644
6.566332 3.508506
6.458123 3.704623
6.344431 3.896818
6.225430 4.084925
6.101294 4.268782
5.972206 4.448242
5.838353 4.623164
5.699924 4.793418
5.557111 4.958883
5.410110 5.119448
5.259120 5.275011
5.104338 5.425480
4.945965 5.570773
4.784201 5.710816
4.619248 5.845545
4.451304 5.974904
4.280570 6.098847
4.107243 6.217336
3.931519 6.330341
3.753593 6.437841
3.573656 6.539820
3.391898 6.636273
3.208505 6.727199
3.023660 6.812606
2.837542 6.892508
2.650327 6.966925
2.462187 7.035882
2.273291 7.099411
2.083801 7.157547
1.893878 7.210333
1.703677 7.257815
1.513347 7.300043
1.323037 7.337071
1.132886 7.368957
0.943033 7.395762
0.753609 7.417551
0.564743 7.434392
0.376558 7.446353
0.189173 7.453508
0.002702 7.455931
-0.182745 7.453697
-0.367063 7.446885
-0.550151 7.435574
-0.731912 7.419844
-0.912252 7.399777
-1.091084 7.375454
-1.268322 7.346960
-1.443886 7.314377
-1.617700 7.277789
-1.789689 7.237280
-1.959783 7.192935
-2.127918 7.144838
-2.294029 7.093072
-2.458057 7.037722
-2.619946 6.978870
-2.779641 6.916600
-2.937094 6.850995
-3.092254 6.782135
-3.245079 6.710103
-3.395525 6.634979
-3.543551 6.556842
-3.689122 6.475772
-3.832201 6.391846
-3.972754 6.305142
-4.110752 6.215736
-4.246165 6.123704
-4.378966 6.029119
-4.509129 5.932055
-4.636631 5.832584
-4.761450 5.730778
-4.883566 5.626707
-5.002958 5.520440
-5.119611 5.412045
-5.233507 5.301590
-5.344631 5.189140
-5.452970 5.074762
-5.558510 4.958518
-5.661241 4.840473
-5.761150 4.720688
-5.858229 4.599224
-5.952469 4.476142
-6.043860 4.351501
-6.132396 4.225359
-6.218070 4.097774
-6.300875 3.968803
-6.380807 3.838501
-6.457860 3.706924
-6.532030 3.574124
-6.603312 3.440157
-6.671704 3.305073
-6.737202 3.168926
-6.799803 3.031767
-6.859505 2.893645
-6.916306 2.754611
-6.970204 2.614714
-7.021197 2.474003
-7.069283 2.332526
-7.114463 2.190331
-7.156734 2.047464
-7.196095 1.903972
-7.232547 1.759902
-7.266088 1.615300
-7.296718 1.470210
-7.324436 1.324678
-7.349242 1.178749
-7.371135 1.032468
-7.390116 0.885878
-7.406185 0.739023
-7.419340 0.591948
-7.429581 0.444696
-7.436910 0.297311
-7.441325 0.149837
-7.442826 0.002316
-7.441413 -0.145207
-7.437086 -0.292690
-7.429846 -0.440089
-7.419691 -0.587360
-7.406622 -0.734460
-7.390639 -0.881344
-7.371741 -1.027970
-7.349929 -1.174292
-7.325203 -1.320267
-7.297562 -1.465850
-7.267007 -1.610996
-7.233539 -1.755660
-7.197157 -1.899796
-7.157861 -2.043358
-7.115653 -2.186301
-7.070533 -2.328577
-7.022502 -2.470139
-6.971561 -2.610939
-6.917710 -2.750929
-6.860952 -2.890060
-6.801288 -3.028283
-6.738720 -3.165547
-6.673250 -3.301802
-6.604881 -3.436997
-6.533616 -3.571079
-6.459458 -3.703996
-6.382411 -3.835694
-6.302479 -3.966119
-6.219666 -4.095214
-6.133980 -4.222926
-6.045424 -4.349196
-5.954006 -4.473967
-5.859734 -4.597180
-5.762615 -4.718775
-5.662658 -4.838693
-5.559873 -4.956871
-5.454270 -5.073247
-5.345862 -5.187758
-5.234661 -5.300339
-5.120680 -5.410924
-5.003935 -5.519448
-4.884443 -5.625842
-4.762219 -5.730039
-4.637285 -5.831967
-4.509659 -5.931557
-4.379365 -6.028738
-4.246425 -6.123435
-4.110865 -6.215577
-3.972712 -6.305086
-3.831996 -6.391890
-3.688748 -6.475909
-3.543000 -6.557067
-3.394788 -6.635286
-3.244151 -6.710485
-3.091128 -6.782586
-2.935762 -6.851506
-2.778097 -6.917164
-2.618183 -6.979479
-2.456070 -7.038366
-2.291812 -7.093742
-2.125465 -7.145525
-1.957090 -7.193629
-1.786750 -7.237970
-1.614512 -7.278464
-1.440445 -7.315026
-1.264624 -7.347571
-1.087126 -7.376016
-0.908032 -7.400276
-0.727428 -7.420269
-0.545402 -7.435911
-0.362049 -7.447121
-0.177465 -7.453819
0.008248 -7.455924
0.194983 -7.453359
0.382631 -7.446047
0.571075 -7.433914
0.760197 -7.416888
0.949872 -7.394899
1.139971 -7.367879
1.330362 -7.335764
1.520907 -7.298493
1.711462 -7.256007
1.901882 -7.208253
2.092013 -7.155181
2.281701 -7.096744
2.470785 -7.032902
2.659100 -6.963619
2.846477 -6.888863
3.032744 -6.808610
3.217723 -6.722839
3.401235 -6.631539
3.583096 -6.534702
3.763118 -6.432329
3.941112 -6.324427
4.116884 -6.211011
4.290242 -6.092105
4.460986 -5.967738
4.628919 -5.837950
4.793842 -5.702789
4.955552 -5.562310
5.113851 -5.416581
5.268536 -5.265674
5.419407 -5.109675
5.566265 -4.948675
5.708913 -4.782780
5.847155 -4.612100
5.980798 -4.436758
6.109652 -4.256886
6.233532 -4.072626
6.352256 -3.884127
6.465648 -3.691551
6.573537 -3.495066
6.675759 -3.294852
6.772154 -3.091095
6.862573 -2.883991
6.946873 -2.673743
7.024918 -2.460563
7.096584 -2.244670
7.161753 -2.026289
7.220318 -1.805652
7.272184 -1.582996
7.317264 -1.358565
7.355482 -1.132605
7.386776 -0.905370
7.411092 -0.677112
7.428391 -0.448090
7.438642 -0.218564
7.441829 0.011205
7.437946 0.240957
7.427002 0.470429
7.409016 0.699360
7.384017 0.927492
7.352050 1.154568
7.313168 1.380332
7.267438 1.604535
7.214936 1.826929
7.155751 2.047274
7.089981 2.265332
7.017734 2.480873
6.939128 2.693673
6.854291 2.903514
6.763358 3.110188
6.666475 3.313491
6.563792 3.513231
6.455468 3.709221
6.341671 3.901284
6.222569 4.089255
6.098342 4.272973
5.969171 4.452291
5.835241 4.627068
5.696743 4.797174
5.553870 4.962490
5.406816 5.122904
5.255781 5.278316
5.100961 5.428633
4.942558 5.573774
4.780773 5.713666
4.615804 5.848244
4.447852 5.977454
4.277117 6.101250
4.103796 6.219593
3.928085 6.332455
3.750178 6.439814
3.570266 6.541655
3.388539 6.637973
3.205182 6.728768
3.020379 6.814048
2.834308 6.893826
2.647144 6.968122
2.459061 7.036964
2.270224 7.100381
2.080799 7.158411
1.890943 7.211095
1.700812 7.258479
1.510557 7.300614
1.320323 7.337553
1.130251 7.369356
0.940479 7.396083
0.751139 7.417799
0.562358 7.434570
0.374258 7.446468
0.186960 7.453564
0.000577 7.455932
-0.184782 7.453649
-0.369011 7.446792
-0.552010 7.435440
-0.733682 7.419674
-0.913934 7.399576
-1.092677 7.375226
-1.269828 7.346708
-1.445306 7.314106
-1.619033 7.277503
-1.790938 7.236983
-1.960949 7.192631
-2.129002 7.144529
-2.295033 7.092763
-2.458982 7.037415
-2.620794 6.978569
-2.780415 6.916308
-2.937794 6.850714
-3.092884 6.781869
-3.245640 6.709854
-3.396019 6.634749
-3.543982 6.556633
-3.689490 6.475587
-3.832510 6.391687
-3.973006 6.305011
-4.110949 6.215634
-4.246310 6.123633
-4.379061 6.029080
-4.509177 5.932050
-4.636634 5.832614
-4.761411 5.730844
-4.883487 5.626810
-5.002842 5.520581
-5.119460 5.412224
-5.233323 5.301808
-5.344418 5.189398
-5.452729 5.075059
-5.558245 4.958856
-5.660953 4.840850
-5.760842 4.721105
-5.857903 4.599681
-5.952127 4.476639
-6.043505 4.352038
-6.132030 4.225935
-6.217694 4.098389
-6.300493 3.969457
-6.380419 3.839192
-6.457469 3.707651
-6.531638 3.574888
-6.602921 3.440956
-6.671315 3.305907
-6.736818 3.169793
-6.799425 3.032666
-6.859134 2.894575
-6.915944 2.755571
-6.969852 2.615703
-7.020857 2.475020
-7.068957 2.333569
-7.114151 2.191398
-7.156437 2.048555
-7.195815 1.905085
-7.232285 1.761036
-7.265844 1.616452
-7.296493 1.471380
-7.324231 1.325864
-7.349058 1.179949
-7.370973 1.033680
-7.389977 0.887101
-7.406067 0.740255
-7.419245 0.593188
-7.429510 0.445942
-7.436862 0.298561
-7.441301 0.151089
-7.442825 0.003569
-7.441436 -0.143956
-7.437133 -0.291441
-7.429916 -0.438844
-7.419785 -0.586121
-7.406738 -0.733229
-7.390778 -0.880123
-7.371902 -1.026760
-7.350111 -1.173095
-7.325406 -1.319085
-7.297785 -1.464684
-7.267250 -1.609848
-7.233800 -1.754531
-7.197435 -1.898688
-7.158156 -2.042273
-7.115963 -2.185239
-7.070858 -2.327540
-7.022839 -2.469128
-6.971909 -2.609956
-6.918069 -2.749975
-6.861320 -2.889137
-6.801663 -3.027391
-6.739100 -3.164688
-6.673634 -3.300977
-6.605267 -3.436207
-6.534003 -3.570324
-6.459843 -3.703278
-6.382792 -3.835013
-6.302855 -3.965475
-6.220035 -4.094609
-6.134339 -4.222360
-6.045771 -4.348669
-5.954340 -4.473480
-5.860051 -4.596733
-5.762914 -4.718369
-5.662936 -4.838327
-5.560128 -4.956545
-5.454500 -5.072961
-5.346064 -5.187512
-5.234832 -5.300132
-5.120819 -5.410757
-5.004039 -5.519319
-4.884508 -5.625751
-4.762245 -5.729984
-4.637267 -5.831949
-4.509596 -5.931574
-4.379254 -6.028788
-4.246263 -6.123518
-4.110650 -6.215690
-3.972443 -6.305229
-3.831669 -6.392059
-3.688360 -6.476104
-3.542550 -6.557286
-3.394273 -6.635526
-3.243569 -6.710745
-3.090476 -6.782862
-2.935038 -6.851796
-2.777301 -6.917465
-2.617311 -6.979788
-2.455121 -7.038680
-2.290783 -7.094059
-2.124356 -7.145840
-1.955898 -7.193940
-1.785475 -7.238273
-1.613151 -7.278754
-1.438998 -7.315300
-1.263090 -7.347826
-1.085504 -7.376247
-0.906322 -7.400479
-0.725628 -7.420439
-0.543514 -7.436045
-0.360071 -7.447214
-0.175398 -7.453865
0.010404 -7.455920
0.197227 -7.453299
0.384961 -7.445928
0.573492 -7.433730
0.762698 -7.416635
0.952456 -7.394571
1.142637 -7.367471
1.333107 -7.335272
1.523727 -7.297911
1.714357 -7.255332
1.904846 -7.207479
2.095045 -7.154303
2.284797 -7.095759
2.473940 -7.031804
2.662311 -6.962404
2.849739 -6.887528
3.036051 -6.807149
3.221072 -6.721250
3.404619 -6.629818
3.586510 -6.532845
3.766556 -6.430333
3.944567 -6.322290
4.120352 -6.208730
4.293714 -6.089677
4.464456 -5.965162
4.632380 -5.835225
4.797286 -5.699912
4.958973 -5.559282
5.117240 -5.413401
5.271886 -5.262342
5.422711 -5.106191
5.569514 -4.945042
5.712100 -4.778997
5.850272 -4.608170
5.983837 -4.432683
6.112605 -4.252669
6.236392 -4.068269
6.355016 -3.879636
6.468300 -3.686928
6.576074 -3.490318
6.678173 -3.289982
6.774440 -3.086109
6.864724 -2.878896
6.948882 -2.668545
7.026780 -2.455269
7.098293 -2.239286
7.163305 -2.020823
7.221708 -1.800112
7.273408 -1.577391
7.318318 -1.352902
7.356364 -1.126894
7.387482 -0.899618
7.411621 -0.671329
7.428740 -0.442285
7.438811 -0.212747
7.441818 0.017026
7.437755 0.246772
7.426631 0.476229
7.408466 0.705136
7.383290 0.933235
7.351148 1.160268
7.312094 1.385982
7.266195 1.610125
7.213529 1.832452
7.154183 2.052720
7.088256 2.270695
7.015858 2.486145
6.937107 2.698847
6.852130 2.908584
6.761064 3.115146
6.664053 3.318332
6.561250 3.517949
6.452813 3.713812
6.338909 3.905744
6.219709 4.093579
6.095391 4.277157
5.966136 4.456332
5.832130 4.630964
5.693564 4.800923
5.550631 4.966089
5.403525 5.126353
5.252444 5.281614
5.097588 5.431779
4.939155 5.576769
4.777348 5.716509
4.612364 5.850937
4.444405 5.979998
4.273669 6.103646
4.100355 6.221844
3.924656 6.334563
3.746768 6.441781
3.566882 6.543485
3.385186 6.639668
3.201866 6.730332
3.017104 6.815484
2.831080 6.895138
2.643968 6.969316
2.455941 7.038041
2.267165 7.101347
2.077803 7.159271
1.888016 7.211853
1.697956 7.259139
1.507774 7.301181
1.317617 7.338033
1.127624 7.369753
0.937934 7.396402
0.748676 7.418044
0.559979 7.434748
0.371966 7.446582
0.184755 7.453619
-0.001541 7.455933
-0.186811 7.453600
-0.370952 7.446699
-0.553862 7.435307
-0.735445 7.419505
-0.915608 7.399375
-1.094264 7.374998
-1.271327 7.346457
-1.446718 7.313836
-1.620360 7.277218
-1.792180 7.236687
-1.962109 7.192327
-2.130080 7.144222
-2.296031 7.092455
-2.459902 7.037110
-2.621637 6.978270
-2.781183 6.916018
-2.938490 6.850436
-3.093509 6.781605
-3.246196 6.709607
-3.396509 6.634521
-3.544407 6.556428
-3.689854 6.475405
-3.832814 6.391531
-3.973253 6.304882
-4.111142 6.215535
-4.246451 6.123565
-4.379152 6.029045
-4.509221 5.932048
-4.636634 5.832647
-4.761368 5.730913
-4.883404 5.626916
-5.002723 5.520724
-5.119306 5.412406
-5.233137 5.302029
-5.344202 5.189658
-5.452486 5.075359
-5.557977 4.959196
-5.660663 4.841230
-5.760532 4.721525
-5.857575 4.600142
-5.951783 4.477139
-6.043148 4.352577
-6.131661 4.226514
-6.217317 4.099007
-6.300109 3.970112
-6.380030 3.839885
-6.457077 3.708381
-6.531245 3.575654
-6.602529 3.441757
-6.670926 3.306742
-6.736432 3.170662
-6.799045 3.033567
-6.858762 2.895508
-6.915581 2.756534
-6.969500 2.616694
-7.020516 2.476038
-7.068630 2.334614
-7.113838 2.192468
-7.156140 2.049647
-7.195535 1.906200
-7.232022 1.762171
-7.265600 1.617606
-7.296268 1.472551
-7.324027 1.327051
-7.348875 1.181150
-7.370811 1.034893
-7.389836 0.888325
-7.405950 0.741488
-7.419151 0.594428
-7.429439 0.447188
-7.436814 0.299811
-7.441276 0.152341
-7.442825 0.004822
-7.441460 -0.142704
-7.437180 -0.290192
-7.429987 -0.437600
-7.419878 -0.584884
-7.406855 -0.731999
-7.390917 -0.878903
-7.372063 -1.025551
-7.350294 -1.171900
-7.325609 -1.317904
-7.298008 -1.463519
-7.267492 -1.608701
-7.234060 -1.753403
-7.197713 -1.897581
-7.158450 -2.041188
-7.116273 -2.184179
-7.071181 -2.326505
-7.023176 -2.468120
-6.972257 -2.608976
-6.918427 -2.749024
-6.861686 -2.888216
-6.802036 -3.026502
-6.739479 -3.163831
-6.674017 -3.300154
-6.605652 -3.435418
-6.534388 -3.569572
-6.460226 -3.702561
-6.383172 -3.834334
-6.303229 -3.964834
-6.220402 -4.094007
-6.134696 -4.221796
-6.046117 -4.348145
-5.954671 -4.472996
-5.860366 -4.596289
-5.763210 -4.717965
-5.663212 -4.837963
-5.560380 -4.956222
-5.454727 -5.072678
-5.346263 -5.187269
-5.235001 -5.299929
-5.120954 -5.410592
-5.004139 -5.519193
-4.884570 -5.625663
-4.762266 -5.729933
-4.637246 -5.831933
-4.509529 -5.931593
-4.379139 -6.028841
-4.246098 -6.123603
-4.110432 -6.215806
-3.972168 -6.305374
-3.831337 -6.392232
-3.687967 -6.476303
-3.542094 -6.557508
-3.393753 -6.635769
-3.242981 -6.711007
-3.089819 -6.783140
-2.934310 -6.852088
-2.776498 -6.917769
-2.616433 -6.980099
-2.454165 -7.038997
-2.289748 -7.094378
-2.123240 -7.146158
-1.954700 -7.194252
-1.784192 -7.238577
-1.611784 -7.279046
-1.437545 -7.315576
-1.261549 -7.348082
-1.083875 -7.376479
-0.904604 -7.400683
-0.723822 -7.420610
-0.541617 -7.436179
-0.358085 -7.447306
-0.173323 -7.453911
0.012567 -7.455915
0.199478 -7.453239
0.387300 -7.445807
0.575916 -7.433545
0.765207 -7.416379
0.955048 -7.394240
1.145310 -7.367061
1.335858 -7.334777
1.526556 -7.297327
1.717258 -7.254653
1.907819 -7.206702
2.098085 -7.153422
2.287900 -7.094770
2.477102 -7.030703
2.665528 -6.961185
2.853007 -6.886188
3.039365 -6.805684
3.224427 -6.719656
3.408009 -6.628091
3.589929 -6.530983
3.769999 -6.428332
3.948028 -6.320147
4.123824 -6.206443
4.297190 -6.087243
4.467930 -5.962580
4.635845 -5.832492
4.800734 -5.697029
4.962397 -5.556248
5.120632 -5.410214
5.275239 -5.259003
5.426016 -5.102701
5.572766 -4.941401
5.715288 -4.775207
5.853390 -4.604233
5.986876 -4.428601
6.115559 -4.248445
6.239252 -4.063907
6.357775 -3.875138
6.470951 -3.682300
6.578609 -3.485563
6.680586 -3.285107
6.776723 -3.081119
6.866872 -2.873795
6.950888 -2.663342
7.028639 -2.449969
7.100000 -2.233898
7.164853 -2.015354
7.223095 -1.794569
7.274628 -1.571782
7.319368 -1.347236
7.357241 -1.121180
7.388184 -0.893864
7.412146 -0.665545
7.429085 -0.436480
7.438976 -0.206929
7.441802 0.022847
7.437559 0.252587
7.426255 0.482028
7.407911 0.710911
7.382559 0.938976
7.350242 1.165967
7.311016 1.391629
7.264949 1.615712
7.212118 1.837970
7.152611 2.058163
7.086529 2.276053
7.013980 2.491412
6.935083 2.704015
6.849967 2.913647
6.758768 3.120098
6.661630 3.323168
6.558707 3.522662
6.450158 3.718397
6.336148 3.910197
6.216849 4.097896
6.092440 4.281335
5.963102 4.460367
5.829021 4.634853
5.690387 4.804665
5.547393 4.969682
5.400235 5.129795
5.249110 5.284904
5.094217 5.434918
4.935756 5.579756
4.773926 5.719346
4.608929 5.853623
4.440962 5.982536
4.270226 6.106036
4.096918 6.224089
3.921233 6.336665
3.743364 6.443742
3.563503 6.545308
3.381839 6.641358
3.198556 6.731891
3.013836 6.816915
2.827859 6.896447
2.640800 6.970504
2.452828 7.039115
2.264113 7.102310
2.074815 7.160127
1.885095 7.212607
1.695107 7.259797
1.504999 7.301747
1.314919 7.338511
1.125005 7.370148
0.935395 7.396719
0.746221 7.418288
0.557609 7.434923
0.369681 7.446694
0.182557 7.453673
-0.003651 7.455933
-0.188833 7.453551
-0.372885 7.446605
-0.555706 7.435173
-0.737200 7.419336
-0.917275 7.399175
-1.095843 7.374771
-1.272819 7.346208
-1.448124 7.313568
-1.621681 7.276935
-1.793417 7.236393
-1.963262 7.192026
-2.131151 7.143916
-2.297022 7.092149
-2.460815 7.036807
-2.622474 6.977973
-2.781945 6.915730
-2.939179 6.850159
-3.094128 6.781343
-3.246747 6.709362
-3.396993 6.634296
-3.544828 6.556224
-3.690213 6.475225
-3.833113 6.391377
-3.973496 6.304757
-4.111330 6.215439
-4.246587 6.123499
-4.379239 6.029012
-4.509261 5.932049
-4.636629 5.832683
-4.761322 5.730985
-4.883318 5.627025
-5.002600 5.520871
-5.119149 5.412591
-5.232948 5.302253
-5.343983 5.189922
-5.452241 5.075662
-5.557707 4.959539
-5.660370 4.841613
-5.760219 4.721948
-5.857245 4.600605
-5.951438 4.477642
-6.042789 4.353120
-6.131292 4.227096
-6.216938 4.099627
-6.299723 3.970770
-6.379640 3.840581
-6.456684 3.709114
-6.530851 3.576423
-6.602136 3.442561
-6.670535 3.307580
-6.736046 3.171533
-6.798665 3.034470
-6.858390 2.896442
-6.915218 2.757498
-6.969147 2.617687
-7.020175 2.477058
-7.068302 2.335660
-7.113524 2.193538
-7.155842 2.050741
-7.195254 1.907315
-7.231758 1.763307
-7.265355 1.618760
-7.296043 1.473723
-7.323822 1.328238
-7.348691 1.182351
-7.370649 1.036107
-7.389696 0.889549
-7.405832 0.742722
-7.419056 0.595669
-7.429368 0.448434
-7.436767 0.301061
-7.441252 0.153594
-7.442825 0.006075
-7.441483 -0.141452
-7.437227 -0.288944
-7.430057 -0.436356
-7.419972 -0.583646
-7.406971 -0.730770
-7.391055 -0.877683
-7.372223 -1.024343
-7.350476 -1.170705
-7.325812 -1.316723
-7.298231 -1.462355
-7.267734 -1.607555
-7.234321 -1.752277
-7.197991 -1.896476
-7.158744 -2.040105
-7.116582 -2.183119
-7.071504 -2.325471
-7.023511 -2.467113
-6.972604 -2.607997
-6.918784 -2.748074
-6.862052 -2.887297
-6.802409 -3.025614
-6.739858 -3.162977
-6.674399 -3.299333
-6.606036 -3.434632
-6.534772 -3.568821
-6.460609 -3.701848
-6.383551 -3.833657
-6.303602 -3.964195
-6.220767 -4.093407
-6.135051 -4.221236
-6.046460 -4.347624
-5.955001 -4.472514
-5.860679 -4.595848
-5.763505 -4.717564
-5.663485 -4.837603
-5.560630 -4.955902
-5.454951 -5.072398
-5.346459 -5.187029
-5.235166 -5.299728
-5.121087 -5.410431
-5.004235 -5.519070
-4.884629 -5.625577
-4.762284 -5.729884
-4.637220 -5.831921
-4.509458 -5.931616
-4.379019 -6.028897
-4.245928 -6.123691
-4.110209 -6.215925
-3.971890 -6.305522
-3.831000 -6.392407
-3.687570 -6.476503
-3.541634 -6.557732
-3.393228 -6.636014
-3.242388 -6.711271
-3.089156 -6.783421
-2.933575 -6.852382
-2.775690 -6.918074
-2.615549 -6.980413
-2.453203 -7.039315
-2.288707 -7.094698
-2.122117 -7.146476
-1.953495 -7.194566
-1.782903 -7.238882
-1.610409 -7.279339
-1.436084 -7.315853
-1.260001 -7.348339
-1.082239 -7.376711
-0.902879 -7.400887
-0.722007 -7.420781
-0.539714 -7.436313
-0.356093 -7.447398
-0.171241 -7.453957
0.014738 -7.455910
0.201737 -7.453178
0.389646 -7.445686
0.578348 -7.433358
0.767724 -7.416122
0.957648 -7.393908
1.147990 -7.366649
1.338618 -7.334280
1.529391 -7.296740
1.720167 -7.253972
1.910798 -7.205921
2.101131 -7.152538
2.291009 -7.093776
2.480272 -7.029596
2.668752 -6.959962
2.856282 -6.884843
3.042686 -6.804214
3.227788 -6.718057
3.411406 -6.626359
3.593355 -6.529115
3.773448 -6.426325
3.951495 -6.317998
4.127301 -6.204149
4.300672 -6.084803
4.471409 -5.959991
4.639314 -5.829754
4.804186 -5.694140
4.965824 -5.553206
5.124027 -5.407020
5.278594 -5.255658
5.429325 -5.099204
5.576019 -4.937753
5.718478 -4.771410
5.856509 -4.600289
5.989917 -4.424512
6.118513 -4.244214
6.242113 -4.059537
6.360534 -3.870634
6.473601 -3.677665
6.581143 -3.480802
6.682997 -3.280225
6.779005 -3.076122
6.869018 -2.868690
6.952892 -2.658133
7.030495 -2.444665
7.101703 -2.228505
7.166399 -2.009880
7.224478 -1.789022
7.275844 -1.566170
7.320415 -1.341568
7.358115 -1.115463
7.388882 -0.888109
7.412665 -0.659759
7.429426 -0.430673
7.439137 -0.201111
7.441782 0.028668
7.437359 0.258401
7.425875 0.487826
7.407353 0.716684
7.381823 0.944715
7.349332 1.171662
7.309935 1.397273
7.263699 1.621296
7.210703 1.843486
7.151036 2.063601
7.084798 2.281408
7.012099 2.496674
6.933058 2.709179
6.847802 2.918706
6.756470 3.125045
6.659206 3.327997
6.556163 3.527369
6.447501 3.722976
6.333386 3.914644
6.213989 4.102206
6.089490 4.285506
5.960069 4.464395
5.825913 4.638736
5.687211 4.808399
5.544158 4.973267
5.396949 5.133230
5.245780 5.288188
5.090850 5.438051
4.932360 5.582737
4.770509 5.722175
4.605497 5.856303
4.437524 5.985067
4.266788 6.108420
4.093487 6.226328
3.917815 6.338761
3.739966 6.445698
3.560131 6.547127
3.378498 6.643042
3.195252 6.733444
3.010575 6.818342
2.824645 6.897750
2.637637 6.971689
2.449723 7.040184
2.261068 7.103269
2.071835 7.160980
1.882183 7.213359
1.692265 7.260452
1.502232 7.302309
1.312228 7.338986
1.122394 7.370541
0.932865 7.397034
0.743773 7.418531
0.555246 7.435098
0.367404 7.446805
0.180367 7.453726
-0.005753 7.455932
-0.190847 7.453502
-0.374811 7.446511
-0.557543 7.435040
-0.738949 7.419167
-0.918935 7.398975
-1.097415 7.374544
-1.274304 7.345958
-1.449523 7.313300
-1.622994 7.276653
-1.794646 7.236100
-1.964409 7.191725
-2.132217 7.143612
-2.298008 7.091845
-2.461723 7.036506
-2.623305 6.977678
-2.782702 6.915444
-2.939863 6.849885
-3.094742 6.781084
-3.247292 6.709120
-3.397473 6.634073
-3.545244 6.556023
-3.690567 6.475049
-3.833409 6.391227
-3.973735 6.304634
-4.111515 6.215345
-4.246719 6.123437
-4.379322 6.028982
-4.509297 5.932053
-4.636621 5.832722
-4.761272 5.731060
-4.883229 5.627136
-5.002474 5.521020
-5.118988 5.412779
-5.232756 5.302480
-5.343762 5.190188
-5.451992 5.075968
-5.557434 4.959884
-5.660075 4.841999
-5.759904 4.722374
-5.856912 4.601070
-5.951090 4.478148
-6.042428 4.353665
-6.130920 4.227680
-6.216558 4.100250
-6.299336 3.971431
-6.379248 3.841279
-6.456290 3.709849
-6.530455 3.577193
-6.601741 3.443366
-6.670143 3.308420
-6.735659 3.172406
-6.798284 3.035375
-6.858016 2.897378
-6.914853 2.758463
-6.968793 2.618681
-7.019834 2.478080
-7.067973 2.336707
-7.113210 2.194610
-7.155544 2.051836
-7.194972 1.908432
-7.231495 1.764444
-7.265110 1.619916
-7.295818 1.474895
-7.323617 1.329426
-7.348506 1.183553
-7.370486 1.037321
-7.389556 0.890774
-7.405714 0.743956
-7.418961 0.596910
-7.429296 0.449681
-7.436719 0.302312
-7.441228 0.154846
-7.442824 0.007328
-7.441506 -0.140201
-7.437274 -0.287695
-7.430127 -0.435113
-7.420065 -0.582409
-7.407087 -0.729541
-7.391194 -0.876464
-7.372384 -1.023136
-7.350657 -1.169510
-7.326014 -1.315544
-7.298454 -1.461192
-7.267976 -1.606410
-7.234580 -1.751151
-7.198268 -1.895371
-7.159038 -2.039024
-7.116891 -2.182062
-7.071827 -2.324439
-7.023847 -2.466107
-6.972951 -2.607019
-6.919141 -2.747127
-6.862417 -2.886380
-6.802781 -3.024729
-6.740235 -3.162124
-6.674780 -3.298515
-6.606419 -3.433848
-6.535154 -3.568073
-6.460989 -3.701136
-6.383928 -3.832983
-6.303973 -3.963559
-6.221131 -4.092810
-6.135405 -4.220677
-6.046802 -4.347106
-5.955328 -4.472036
-5.860990 -4.595409
-5.763797 -4.717166
-5.663756 -4.837245
-5.560878 -4.955584
-5.455173 -5.072121
-5.346652 -5.186791
-5.235329 -5.299530
-5.121216 -5.410272
-5.004329 -5.518950
-4.884684 -5.625495
-4.762299 -5.729839
-4.637192 -5.831911
-4.509384 -5.931641
-4.378896 -6.028955
-4.245754 -6.123782
-4.109982 -6.216046
-3.971607 -6.305673
-3.830658 -6.392585
-3.687168 -6.476707
-3.541169 -6.557959
-3.392697 -6.636262
-3.241790 -6.711537
-3.088488 -6.783704
-2.932835 -6.852679
-2.774876 -6.918382
-2.614659 -6.980728
-2.452235 -7.039636
-2.287659 -7.095020
-2.120989 -7.146797
-1.952283 -7.194881
-1.781607 -7.239189
-1.609028 -7.279633
-1.434616 -7.316131
-1.258446 -7.348596
-1.080595 -7.376944
-0.901147 -7.401091
-0.720186 -7.420953
-0.537803 -7.436446
-0.354092 -7.447490
-0.169152 -7.454002
0.016916 -7.455904
0.204004 -7.453116
0.392000 -7.445563
0.580788 -7.433169
0.770248 -7.415863
0.960255 -7.393574
1.150679 -7.366234
1.341385 -7.333780
1.532235 -7.296150
1.723084 -7.253287
1.913785 -7.205137
2.104185 -7.151649
2.294127 -7.092779
2.483448 -7.028486
2.671984 -6.958734
2.859563 -6.883494
3.046013 -6.802739
3.231155 -6.716453
3.414808 -6.624622
3.596787 -6.527241
3.776903 -6.424312
3.954967 -6.315843
4.130783 -6.201850
4.304158 -6.082357
4.474892 -5.957396
4.642787 -5.827009
4.807641 -5.691243
4.969255 -5.550158
5.127426 -5.403820
5.281953 -5.252305
5.432635 -5.095700
5.579273 -4.934099
5.721670 -4.767607
5.859629 -4.596338
5.992958 -4.420417
6.121468 -4.239977
6.244973 -4.055162
6.363292 -3.866123
6.476250 -3.673024
6.583676 -3.476036
6.685407 -3.275338
6.781285 -3.071120
6.871161 -2.863579
6.954893 -2.652921
7.032349 -2.439357
7.103403 -2.223109
7.167940 -2.004403
7.225857 -1.783472
7.277057 -1.560556
7.321457 -1.335897
7.358984 -1.109745
7.389575 -0.882352
7.413181 -0.653973
7.429763 -0.424866
7.439293 -0.195292
7.441758 0.034489
7.437154 0.264214
7.425491 0.493623
7.406789 0.722456
7.381084 0.950452
7.348418 1.177356
7.308849 1.402914
7.262445 1.626876
7.209285 1.848997
7.149458 2.069036
7.083065 2.286757
7.010215 2.501932
6.931029 2.714338
6.845635 2.923759
6.754170 3.129986
6.656780 3.332821
6.553618 3.532069
6.444844 3.727549
6.330623 3.919084
6.211130 4.106510
6.086540 4.289670
5.957036 4.468416
5.822806 4.642611
5.684038 4.812127
5.540925 4.976846
5.393664 5.136659
5.242451 5.291465
5.087486 5.441176
4.928967 5.585711
4.767095 5.724999
4.602070 5.858976
4.434091 5.987591
4.263355 6.110798
4.090061 6.228560
3.914402 6.340850
3.736573 6.447648
3.556764 6.548940
3.375163 6.644721
3.191954 6.734993
3.007320 6.819764
2.821438 6.899049
2.634482 6.972869
2.446624 7.041250
2.258030 7.104224
2.068862 7.161829
1.879277 7.214107
1.689431 7.261103
1.499472 7.302869
1.309545 7.339459
1.119790 7.370931
0.930342 7.397347
0.741334 7.418771
0.552891 7.435271
0.365135 7.446916
0.178184 7.453778
-0.007848 7.455931
-0.192854 7.453452
-0.376729 7.446417
-0.559373 7.434906
-0.740690 7.418998
-0.920588 7.398775
-1.098980 7.374318
-1.275783 7.345710
-1.450915 7.313033
-1.624301 7.276372
-1.795869 7.235808
-1.965549 7.191427
-2.133276 7.143310
-2.298987 7.091543
-2.462624 7.036207
-2.624130 6.977385
-2.783453 6.915160
-2.940542 6.849614
-3.095350 6.780827
-3.247832 6.708880
-3.397947 6.633853
-3.545654 6.555825
-3.690917 6.474875
-3.833699 6.391078
-3.973969 6.304513
-4.111694 6.215255
-4.246848 6.123377
-4.379401 6.028955
-4.509330 5.932060
-4.636609 5.832764
-4.761219 5.731138
-4.883137 5.627251
-5.002345 5.521172
-5.118825 5.412970
-5.232561 5.302709
-5.343538 5.190457
-5.451741 5.076277
-5.557158 4.960233
-5.659777 4.842388
-5.759587 4.722803
-5.856578 4.601539
-5.950740 4.478656
-6.042066 4.354212
-6.130546 4.228266
-6.216176 4.100875
-6.298947 3.972094
-6.378855 3.841979
-6.455894 3.710586
-6.530059 3.577966
-6.601345 3.444174
-6.669751 3.309262
-6.735270 3.173281
-6.797902 3.036282
-6.857642 2.898315
-6.914488 2.759431
-6.968439 2.619677
-7.019491 2.479103
-7.067644 2.337756
-7.112896 2.195684
-7.155245 2.052933
-7.194690 1.909550
-7.231231 1.765582
-7.264865 1.621073
-7.295592 1.476069
-7.323411 1.330615
-7.348322 1.184756
-7.370324 1.038536
-7.389415 0.891999
-7.405596 0.745190
-7.418866 0.598151
-7.429225 0.450928
-7.436671 0.303562
-7.441204 0.156099
-7.442823 0.008580
-7.441529 -0.138949
-7.437321 -0.286447
-7.430197 -0.433869
-7.420158 -0.581172
-7.407203 -0.728312
-7.391332 -0.875246
-7.372544 -1.021929
-7.350839 -1.168317
-7.326216 -1.314366
-7.298676 -1.460030
-7.268217 -1.605266
-7.234840 -1.750027
-7.198544 -1.894269
-7.159331 -2.037944
-7.117199 -2.181006
-7.072149 -2.323408
-7.024181 -2.465104
-6.973297 -2.606044
-6.919496 -2.746181
-6.862781 -2.885464
-6.803152 -3.023845
-6.740611 -3.161274
-6.675159 -3.297698
-6.606800 -3.433067
-6.535536 -3.567328
-6.461369 -3.700427
-6.384303 -3.832312
-6.304343 -3.962926
-6.221492 -4.092215
-6.135757 -4.220122
-6.047141 -4.346590
-5.955653 -4.471560
-5.861299 -4.594974
-5.764086 -4.716771
-5.664025 -4.836890
-5.561123 -4.955270
-5.455392 -5.071847
-5.346842 -5.186557
-5.235488 -5.299336
-5.121342 -5.410117
-5.004419 -5.518832
-4.884736 -5.625415
-4.762309 -5.729796
-4.637159 -5.831904
-4.509305 -5.931669
-4.378769 -6.029017
-4.245576 -6.123876
-4.109750 -6.216171
-3.971319 -6.305826
-3.830312 -6.392766
-3.686761 -6.476913
-3.540699 -6.558188
-3.392161 -6.636513
-3.241186 -6.711807
-3.087815 -6.783989
-2.932089 -6.852978
-2.774056 -6.918691
-2.613763 -6.981046
-2.451261 -7.039958
-2.286606 -7.095344
-2.119853 -7.147119
-1.951065 -7.195198
-1.780305 -7.239496
-1.607640 -7.279929
-1.433142 -7.316410
-1.256884 -7.348854
-1.078945 -7.377178
-0.899407 -7.401296
-0.718357 -7.421124
-0.535885 -7.436580
-0.352084 -7.447581
-0.167054 -7.454047
0.019102 -7.455897
0.206278 -7.453053
0.394361 -7.445439
0.583235 -7.432979
0.772780 -7.415602
0.962870 -7.393237
1.153375 -7.365817
1.344160 -7.333278
1.535085 -7.295558
1.726008 -7.252600
1.916779 -7.204349
2.107246 -7.150757
2.297251 -7.091778
2.486631 -7.027372
2.675222 -6.957502
2.862852 -6.882140
3.049347 -6.801260
3.234529 -6.714843
3.418216 -6.622879
3.600224 -6.525362
3.780364 -6.422293
3.958444 -6.313682
4.134271 -6.199544
4.307649 -6.079904
4.478379 -5.954795
4.646263 -5.824257
4.811100 -5.688340
4.972689 -5.547103
5.130827 -5.400612
5.285313 -5.248946
5.435948 -5.092189
5.582530 -4.930437
5.724863 -4.763796
5.862750 -4.592380
5.996000 -4.416315
6.124423 -4.235733
6.247833 -4.050779
6.366050 -3.861606
6.478898 -3.668377
6.586207 -3.471263
6.687815 -3.270446
6.783563 -3.066113
6.873302 -2.858464
6.956892 -2.647703
7.034199 -2.434044
7.105100 -2.217708
7.169479 -1.998922
7.227232 -1.777919
7.278266 -1.554938
7.322495 -1.330224
7.359849 -1.104025
7.390264 -0.876593
7.413692 -0.648185
7.430094 -0.419058
7.439445 -0.189473
7.441729 0.040309
7.436944 0.270027
7.425102 0.499419
7.406222 0.728226
7.380340 0.956187
7.347500 1.183047
7.307760 1.408552
7.261188 1.632453
7.207863 1.854505
7.147877 2.074466
7.081329 2.292103
7.008329 2.507185
6.928999 2.719492
6.843466 2.928806
6.751869 3.134922
6.654353 3.337638
6.551072 3.536764
6.442186 3.732115
6.327861 3.923518
6.208270 4.110807
6.083590 4.293827
5.954005 4.472430
5.819700 4.646480
5.680865 4.815848
5.537694 4.980418
5.390382 5.140080
5.239126 5.294735
5.084125 5.444295
4.925578 5.588678
4.763686 5.727815
4.598647 5.861643
4.430661 5.990109
4.259927 6.113169
4.086640 6.230787
3.910995 6.342935
3.733187 6.449592
3.553404 6.550747
3.371835 6.646395
3.188663 6.736536
3.004072 6.821181
2.818237 6.900343
2.631334 6.974045
2.443533 7.042311
2.254999 7.105176
2.065896 7.162675
1.876380 7.214852
1.686605 7.261752
1.496720 7.303426
1.306869 7.339929
1.117193 7.371320
0.927827 7.397658
0.738902 7.419010
0.550543 7.435442
0.362873 7.447025
0.176009 7.453829
-0.009935 7.455929
-0.194853 7.453402
-0.378640 7.446323
-0.561195 7.434773
-0.742424 7.418830
-0.922234 7.398576
-1.100539 7.374093
-1.277254 7.345463
-1.452300 7.312768
-1.625601 7.276092
-1.797085 7.235518
-1.966683 7.191129
-2.134328 7.143010
-2.299960 7.091242
-2.463519 7.035909
-2.624949 6.977094
-2.784198 6.914878
-2.941215 6.849344
-3.095953 6.780572
-3.248367 6.708643
-3.398416 6.633636
-3.546060 6.555630
-3.691261 6.474703
-3.833985 6.390933
-3.974198 6.304396
-4.111870 6.215167
-4.246972 6.123320
-4.379476 6.028930
-4.509358 5.932069
-4.636594 5.832808
-4.761162 5.731218
-4.883041 5.627368
-5.002212 5.521328
-5.118659 5.413163
-5.232363 5.302942
-5.343311 5.190729
-5.451488 5.076588
-5.556881 4.960584
-5.659478 4.842779
-5.759268 4.723234
-5.856241 4.602010
-5.950388 4.479166
-6.041701 4.354762
-6.130171 4.228855
-6.215792 4.101502
-6.298557 3.972759
-6.378460 3.842682
-6.455496 3.711325
-6.529661 3.578741
-6.600949 3.444984
-6.669357 3.310106
-6.734881 3.174158
-6.797519 3.037191
-6.857267 2.899255
-6.914122 2.760400
-6.968084 2.620675
-7.019148 2.480128
-7.067315 2.338806
-7.112581 2.196758
-7.154946 2.054031
-7.194408 1.910669
-7.230966 1.766721
-7.264619 1.622230
-7.295366 1.477244
-7.323206 1.331805
-7.348138 1.185960
-7.370161 1.039752
-7.389275 0.893225
-7.405478 0.746425
-7.418771 0.599393
-7.429153 0.452175
-7.436622 0.304813
-7.441179 0.157351
-7.442823 0.009833
-7.441552 -0.137698
-7.437367 -0.285199
-7.430267 -0.432626
-7.420251 -0.579936
-7.407319 -0.727085
-7.391470 -0.874028
-7.372704 -1.020723
-7.351020 -1.167124
-7.326418 -1.313188
-7.298898 -1.458870
-7.268458 -1.604123
-7.235099 -1.748905
-7.198821 -1.893167
-7.159623 -2.036865
-7.117506 -2.179951
-7.072470 -2.322380
-7.024515 -2.464102
-6.973642 -2.605070
-6.919851 -2.745236
-6.863144 -2.884551
-6.803522 -3.022964
-6.740986 -3.160425
-6.675538 -3.296884
-6.607180 -3.432288
-6.535916 -3.566584
-6.461747 -3.699720
-6.384677 -3.831642
-6.304711 -3.962295
-6.221852 -4.091623
-6.136107 -4.219569
-6.047479 -4.346076
-5.955976 -4.471087
-5.861605 -4.594541
-5.764374 -4.716378
-5.664291 -4.836538
-5.561365 -4.954958
-5.455608 -5.071575
-5.347030 -5.186326
-5.235645 -5.299144
-5.121465 -5.409964
-5.004506 -5.518718
-4.884784 -5.625339
-4.762317 -5.729757
-4.637123 -5.831901
-4.509222 -5.931700
-4.378638 -6.029082
-4.245393 -6.123973
-4.109514 -6.216298
-3.971027 -6.305983
-3.829961 -6.392950
-3.686349 -6.477122
-3.540223 -6.558420
-3.391620 -6.636766
-3.240577 -6.712078
-3.087136 -6.784277
-2.931338 -6.853279
-2.773230 -6.919003
-2.612861 -6.981365
-2.450281 -7.040282
-2.285545 -7.095670
-2.118712 -7.147443
-1.949841 -7.195516
-1.778996 -7.239806
-1.606245 -7.280225
-1.431660 -7.316689
-1.255314 -7.349113
-1.077287 -7.377412
-0.897661 -7.401501
-0.716521 -7.421296
-0.533959 -7.436714
-0.350069 -7.447673
-0.164950 -7.454091
0.021296 -7.455890
0.208560 -7.452989
0.396730 -7.445314
0.585691 -7.432788
0.775320 -7.415340
0.965493 -7.392899
1.156078 -7.365398
