cos() sin()
6.407846 0.000000
6.408112 0.007534
6.408908 0.015035
6.410231 0.022468
6.412077 0.029800
6.414439 0.036998
6.417310 0.044029
6.420679 0.050861
6.424535 0.057463
6.428864 0.063804
6.433651 0.069854
6.438880 0.075584
6.444532 0.080967
6.450589 0.085975
6.457029 0.090583
6.463829 0.094767
6.470967 0.098504
6.478417 0.101773
6.486155 0.104554
6.494152 0.106829
6.502382 0.108581
6.510816 0.109795
6.519426 0.110458
6.528180 0.110559
6.537050 0.110087
6.546005 0.109037
6.555013 0.107400
6.564044 0.105175
6.573068 0.102357
6.582052 0.098948
6.590966 0.094948
6.599779 0.090361
6.608461 0.085193
6.616983 0.079450
6.625315 0.073142
6.633429 0.066278
6.641296 0.058871
6.648891 0.050936
6.656186 0.042488
6.663158 0.033543
6.669782 0.024121
6.676036 0.014242
6.681898 0.003926
6.687348 -0.006804
6.692368 -0.017924
6.696941 -0.029408
6.701051 -0.041232
6.704685 -0.053369
6.707829 -0.065791
6.710473 -0.078469
6.712607 -0.091375
6.714226 -0.104480
6.715323 -0.117754
6.715894 -0.131166
6.715937 -0.144687
6.715452 -0.158285
6.714440 -0.171930
6.712905 -0.185593
6.710851 -0.199242
6.708286 -0.212849
6.705218 -0.226383
6.701656 -0.239815
6.697612 -0.253118
6.693100 -0.266263
6.688134 -0.279224
6.682731 -0.291975
6.676909 -0.304490
6.670686 -0.316746
6.664083 -0.328719
6.657121 -0.340387
6.649823 -0.351731
6.642213 -0.362731
6.634317 -0.373369
6.626158 -0.383628
6.617765 -0.393494
6.609164 -0.402953
6.600383 -0.411994
6.591451 -0.420605
6.582397 -0.428778
6.573250 -0.436507
6.564039 -0.443785
6.554795 -0.450609
6.545546 -0.456977
6.536323 -0.462888
6.527155 -0.468345
6.518072 -0.473348
6.509103 -0.477904
6.500276 -0.482018
6.491619 -0.485698
6.483160 -0.488954
6.474925 -0.491796
6.466942 -0.494237
6.459234 -0.496290
6.451825 -0.497970
6.444740 -0.499295
6.438000 -0.500281
6.431626 -0.500947
6.425638 -0.501315
6.420054 -0.501404
6.414890 -0.501237
6.410163 -0.500837
6.405886 -0.500228
6.402073 -0.499434
6.398733 -0.498481
6.395877 -0.497394
6.393512 -0.496199
6.391645 -0.494924
6.390279 -0.493595
6.389418 -0.492239
6.389063 -0.490884
6.389214 -0.489556
6.389867 -0.488284
6.391020 -0.487093
6.392666 -0.486010
6.394798 -0.485062
6.397408 -0.484275
6.400485 -0.483674
6.404017 -0.483283
6.407990 -0.483127
6.412390 -0.483228
6.417200 -0.483609
6.422402 -0.484291
6.427977 -0.485293
6.433905 -0.486636
6.440164 -0.488337
6.446732 -0.490412
6.453585 -0.492877
6.460697 -0.495746
6.468045 -0.499031
6.475600 -0.502743
6.483337 -0.506892
6.491228 -0.511485
6.499243 -0.516529
6.507356 -0.522028
6.515536 -0.527987
6.523754 -0.534405
6.531981 -0.541283
6.540188 -0.548619
6.548345 -0.556409
6.556423 -0.564648
6.564392 -0.573330
6.572225 -0.582445
6.579892 -0.591983
6.587367 -0.601933
6.594621 -0.612282
6.601629 -0.623013
6.608365 -0.634112
6.614803 -0.645561
6.620922 -0.657340
6.626697 -0.669428
6.632107 -0.681805
6.637131 -0.694447
6.641752 -0.707331
6.645950 -0.720431
6.649710 -0.733721
6.653016 -0.747175
6.655856 -0.760764
6.658217 -0.774461
6.660090 -0.788237
6.661465 -0.802062
6.662335 -0.815906
6.662697 -0.829739
6.662546 -0.843530
6.661880 -0.857250
6.660699 -0.870867
6.659006 -0.884351
6.656803 -0.897671
6.654097 -0.910799
6.650893 -0.923704
6.647202 -0.936357
6.643032 -0.948729
6.638396 -0.960794
6.633309 -0.972523
6.627784 -0.983891
6.621839 -0.994872
6.615492 -1.005443
6.608762 -1.015581
6.601671 -1.025263
6.594240 -1.034470
6.586494 -1.043183
6.578456 -1.051384
6.570153 -1.059056
6.561610 -1.066187
6.552855 -1.072762
6.543917 -1.078771
6.534824 -1.084205
6.525605 -1.089055
6.516291 -1.093316
6.506912 -1.096985
6.497498 -1.100058
6.488080 -1.102536
6.478688 -1.104420
6.469354 -1.105715
6.460108 -1.106424
6.450981 -1.106556
6.442002 -1.106119
6.433200 -1.105125
6.424605 -1.103585
6.416245 -1.101515
6.408147 -1.098931
6.400338 -1.095850
6.392844 -1.092291
6.385688 -1.088276
6.378895 -1.083826
6.372486 -1.078966
6.366483 -1.073722
6.360905 -1.068118
6.355769 -1.062182
6.351093 -1.055944
6.346892 -1.049433
6.343178 -1.042679
6.339964 -1.035713
6.337259 -1.028568
6.335072 -1.021276
6.333408 -1.013870
6.332273 -1.006382
6.331669 -0.998848
6.331598 -0.991300
6.332057 -0.983773
6.333045 -0.976299
6.334557 -0.968913
6.336587 -0.961647
6.339125 -0.954535
6.342163 -0.947609
6.345688 -0.940900
6.349688 -0.934439
6.354147 -0.928256
6.359048 -0.922381
6.364373 -0.916842
6.370103 -0.911665
6.376217 -0.906876
6.382692 -0.902501
6.389504 -0.898561
6.396630 -0.895079
6.404042 -0.892075
6.411714 -0.889568
6.419618 -0.887574
6.427725 -0.886109
6.436007 -0.885187
6.444433 -0.884819
6.452973 -0.885015
6.461596 -0.885785
6.470271 -0.887133
6.478967 -0.889065
6.487652 -0.891582
6.496294 -0.894687
6.504864 -0.898378
6.513329 -0.902651
6.521659 -0.907502
6.529824 -0.912925
6.537795 -0.918911
6.545542 -0.925449
6.553037 -0.932529
6.560253 -0.940136
6.567164 -0.948255
6.573744 -0.956869
6.579968 -0.965961
6.585815 -0.975511
6.591262 -0.985497
6.596289 -0.995898
6.600876 -1.006691
6.605006 -1.017850
6.608664 -1.029350
6.611834 -1.041164
6.614504 -1.053266
6.616663 -1.065627
6.618302 -1.078219
6.619412 -1.091013
6.619987 -1.103978
6.620025 -1.117085
6.619521 -1.130303
6.618476 -1.143603
6.616890 -1.156954
6.614767 -1.170326
6.612111 -1.183688
6.608929 -1.197010
6.605228 -1.210264
6.601019 -1.223421
6.596314 -1.236452
6.591124 -1.249328
6.585466 -1.262025
6.579354 -1.274514
6.572807 -1.286772
6.565844 -1.298774
6.558484 -1.310497
6.550750 -1.321919
6.542664 -1.333020
6.534250 -1.343780
6.525533 -1.354180
6.516539 -1.364206
6.507294 -1.373841
6.497825 -1.383072
6.488162 -1.391887
6.478331 -1.400276
6.468364 -1.408229
6.458288 -1.415739
6.448134 -1.422802
6.437931 -1.429412
6.427711 -1.435568
6.417501 -1.441270
6.407334 -1.446518
6.397238 -1.451315
6.387242 -1.455666
6.377376 -1.459576
6.367668 -1.463054
6.358146 -1.466108
6.348837 -1.468750
6.339767 -1.470991
6.330963 -1.472846
6.322449 -1.474329
6.314247 -1.475457
6.306382 -1.476247
6.298874 -1.476719
6.291743 -1.476892
6.285009 -1.476787
6.278688 -1.476426
6.272797 -1.475834
6.267350 -1.475032
6.262360 -1.474046
6.257840 -1.472902
6.253799 -1.471624
6.250244 -1.470239
6.247184 -1.468774
6.244623 -1.467256
6.242564 -1.465712
6.241010 -1.464170
6.239959 -1.462655
6.239411 -1.461197
6.239362 -1.459821
6.239807 -1.458555
6.240740 -1.457425
6.242151 -1.456457
6.244032 -1.455676
6.246370 -1.455107
6.249154 -1.454774
6.252367 -1.454700
6.255995 -1.454908
6.260021 -1.455419
6.264424 -1.456253
6.269187 -1.457430
6.274287 -1.458968
6.279702 -1.460882
6.285410 -1.463190
6.291386 -1.465904
6.297604 -1.469038
6.304040 -1.472602
6.310666 -1.476607
6.317456 -1.481060
6.324380 -1.485968
6.331412 -1.491337
6.338522 -1.497168
6.345681 -1.503464
6.352861 -1.510225
6.360033 -1.517449
6.367166 -1.525133
6.374233 -1.533272
6.381204 -1.541858
6.388051 -1.550885
6.394746 -1.560340
6.401261 -1.570214
6.407570 -1.580493
6.413646 -1.591162
6.419463 -1.602206
6.424998 -1.613605
6.430226 -1.625343
6.435125 -1.637398
6.439673 -1.649749
6.443850 -1.662372
6.447637 -1.675245
6.451016 -1.688343
6.453971 -1.701638
6.456487 -1.715106
6.458550 -1.728717
6.460148 -1.742444
6.461272 -1.756258
6.461912 -1.770130
6.462062 -1.784028
6.461715 -1.797924
6.460869 -1.811787
6.459522 -1.825586
6.457673 -1.839291
6.455324 -1.852870
6.452478 -1.866294
6.449140 -1.879533
6.445317 -1.892556
6.441018 -1.905335
6.436252 -1.917840
6.431031 -1.930044
6.425369 -1.941919
6.419280 -1.953439
6.412781 -1.964579
6.405890 -1.975315
6.398626 -1.985622
6.391010 -1.995478
6.383063 -2.004864
6.374808 -2.013760
6.366271 -2.022148
6.357475 -2.030011
6.348448 -2.037334
6.339217 -2.044104
6.329808 -2.050310
6.320252 -2.055942
6.310576 -2.060992
6.300811 -2.065453
6.290987 -2.069320
6.281133 -2.072592
6.271281 -2.075267
6.261460 -2.077347
6.251702 -2.078834
6.242036 -2.079733
6.232493 -2.080050
6.223103 -2.079796
6.213894 -2.078978
6.204896 -2.077611
6.196137 -2.075707
6.187643 -2.073282
6.179442 -2.070353
6.171558 -2.066940
6.164017 -2.063062
6.156842 -2.058742
6.150054 -2.054002
6.143675 -2.048868
6.137724 -2.043365
6.132218 -2.037521
6.127176 -2.031363
6.122610 -2.024921
6.118536 -2.018225
6.114964 -2.011306
6.111904 -2.004195
6.109364 -1.996926
6.107352 -1.989529
6.105871 -1.982039
6.104924 -1.974490
6.104513 -1.966913
6.104636 -1.959345
6.105290 -1.951817
6.106471 -1.944363
6.108173 -1.937017
6.110387 -1.929811
6.113104 -1.922777
6.116311 -1.915948
6.119995 -1.909354
6.124141 -1.903026
6.128733 -1.896992
6.133752 -1.891281
6.139178 -1.885921
6.144990 -1.880936
6.151166 -1.876353
6.157682 -1.872195
6.164513 -1.868482
6.171633 -1.865237
6.179015 -1.862478
6.186630 -1.860222
6.194451 -1.858485
6.202446 -1.857281
6.210587 -1.856623
6.218843 -1.856520
6.227182 -1.856981
6.235573 -1.858014
6.243984 -1.859622
6.252384 -1.861810
6.260740 -1.864578
6.269022 -1.867925
6.277198 -1.871849
6.285237 -1.876346
6.293108 -1.881410
6.300782 -1.887032
6.308228 -1.893203
6.315419 -1.899910
6.322326 -1.907142
6.328923 -1.914883
6.335184 -1.923118
6.341083 -1.931827
6.346599 -1.940992
6.351707 -1.950592
6.356388 -1.960606
6.360622 -1.971010
6.364391 -1.981780
6.367678 -1.992890
6.370468 -2.004315
6.372749 -2.016027
6.374508 -2.027999
6.375735 -2.040202
6.376424 -2.052608
6.376566 -2.065185
6.376158 -2.077906
6.375196 -2.090739
6.373681 -2.103655
6.371611 -2.116623
6.368991 -2.129613
6.365824 -2.142594
6.362116 -2.155539
6.357876 -2.168416
6.353113 -2.181196
6.347838 -2.193853
6.342063 -2.206357
6.335805 -2.218682
6.329077 -2.230802
6.321898 -2.242691
6.314287 -2.254326
6.306264 -2.265683
6.297849 -2.276741
6.289067 -2.287478
6.279941 -2.297875
6.270495 -2.307915
6.260755 -2.317580
6.250749 -2.326855
6.240503 -2.335727
6.230046 -2.344183
6.219406 -2.352214
6.208612 -2.359809
6.197695 -2.366962
6.186684 -2.373667
6.175609 -2.379921
6.164501 -2.385720
6.153389 -2.391064
6.142305 -2.395955
6.131277 -2.400394
6.120336 -2.404387
6.109511 -2.407939
6.098831 -2.411058
6.088323 -2.413753
6.078016 -2.416035
6.067936 -2.417916
6.058110 -2.419409
6.048561 -2.420531
6.039315 -2.421296
6.030395 -2.421723
6.021821 -2.421830
6.013616 -2.421638
6.005797 -2.421168
5.998384 -2.420442
5.991392 -2.419482
5.984836 -2.418313
5.978731 -2.416960
5.973089 -2.415447
5.967919 -2.413800
5.963231 -2.412047
5.959032 -2.410213
5.955327 -2.408326
5.952121 -2.406412
5.949416 -2.404500
5.947212 -2.402617
5.945508 -2.400790
5.944302 -2.399046
5.943588 -2.397412
5.943362 -2.395916
5.943614 -2.394582
5.944336 -2.393436
5.945517 -2.392504
5.947144 -2.391810
5.949203 -2.391376
5.951680 -2.391227
5.954556 -2.391382
5.957815 -2.391863
5.961437 -2.392690
5.965401 -2.393879
5.969685 -2.395449
5.974267 -2.397416
5.979124 -2.399792
5.984230 -2.402592
5.989559 -2.405827
5.995087 -2.409507
6.000785 -2.413639
6.006627 -2.418232
6.012585 -2.423290
6.018630 -2.428816
6.024734 -2.434813
6.030868 -2.441280
6.037003 -2.448217
6.043111 -2.455620
6.049162 -2.463485
6.055129 -2.471804
6.060983 -2.480571
6.066696 -2.489774
6.072242 -2.499403
6.077592 -2.509446
6.082722 -2.519887
6.087606 -2.530710
6.092219 -2.541899
6.096538 -2.553434
6.100541 -2.565295
6.104205 -2.577462
6.107512 -2.589911
6.110441 -2.602619
6.112975 -2.615561
6.115097 -2.628711
6.116793 -2.642043
6.118050 -2.655529
6.118855 -2.669141
6.119197 -2.682849
6.119069 -2.696626
6.118463 -2.710440
6.117373 -2.724262
6.115796 -2.738060
6.113730 -2.751806
6.111174 -2.765467
6.108130 -2.779013
6.104601 -2.792413
6.100592 -2.805638
6.096109 -2.818657
6.091160 -2.831442
6.085755 -2.843962
6.079907 -2.856190
6.073627 -2.868099
6.066931 -2.879661
6.059834 -2.890852
6.052355 -2.901645
6.044512 -2.912018
6.036326 -2.921949
6.027818 -2.931415
6.019011 -2.940398
6.009930 -2.948879
6.000599 -2.956841
5.991043 -2.964269
5.981291 -2.971148
5.971369 -2.977468
5.961306 -2.983217
5.951130 -2.988388
5.940872 -2.992972
5.930561 -2.996965
5.920226 -3.000364
5.909899 -3.003168
5.899609 -3.005377
5.889387 -3.006993
5.879264 -3.008020
5.869268 -3.008465
5.859430 -3.008335
5.849779 -3.007641
5.840343 -3.006393
5.831150 -3.004606
5.822229 -3.002293
5.813604 -2.999472
5.805301 -2.996160
5.797346 -2.992379
5.789760 -2.988148
5.782567 -2.983492
5.775787 -2.978433
5.769439 -2.972998
5.763542 -2.967213
5.758111 -2.961105
5.753163 -2.954704
5.748710 -2.948040
5.744764 -2.941142
5.741335 -2.934042
5.738431 -2.926772
5.736059 -2.919365
5.734223 -2.911853
5.732926 -2.904269
5.732169 -2.896647
5.731951 -2.889021
5.732270 -2.881423
5.733121 -2.873887
5.734498 -2.866446
5.736391 -2.859133
5.738792 -2.851980
5.741689 -2.845018
5.745068 -2.838280
5.748914 -2.831794
5.753210 -2.825590
5.757939 -2.819697
5.763079 -2.814142
5.768611 -2.808952
5.774511 -2.804150
5.780755 -2.799761
5.787319 -2.795808
5.794176 -2.792310
5.801299 -2.789286
5.808659 -2.786756
5.816228 -2.784734
5.823976 -2.783235
5.831873 -2.782271
5.839886 -2.781854
5.847986 -2.781991
5.856140 -2.782691
5.864316 -2.783959
5.872482 -2.785797
5.880606 -2.788208
5.888657 -2.791191
5.896601 -2.794744
5.904409 -2.798863
5.912048 -2.803543
5.919489 -2.808774
5.926701 -2.814549
5.933655 -2.820856
5.940324 -2.827682
5.946679 -2.835013
5.952695 -2.842833
5.958345 -2.851123
5.963607 -2.859866
5.968457 -2.869041
5.972874 -2.878626
5.976837 -2.888599
5.980329 -2.898935
5.983332 -2.909609
5.985831 -2.920596
5.987811 -2.931868
5.989261 -2.943398
5.990171 -2.955158
5.990532 -2.967118
5.990336 -2.979250
5.989579 -2.991523
5.988258 -3.003908
5.986370 -3.016374
5.983917 -3.028892
5.980901 -3.041431
5.977325 -3.053961
5.973195 -3.066453
5.968519 -3.078877
5.963306 -3.091204
5.957566 -3.103406
5.951313 -3.115454
5.944561 -3.127323
5.937324 -3.138986
5.929621 -3.150418
5.921470 -3.161594
5.912891 -3.172491
5.903906 -3.183088
5.894536 -3.193363
5.884806 -3.203297
5.874741 -3.212873
5.864365 -3.222072
5.853707 -3.230880
5.842792 -3.239283
5.831650 -3.247269
5.820309 -3.254827
5.808799 -3.261949
5.797149 -3.268626
5.785389 -3.274853
5.773549 -3.280627
5.761661 -3.285944
5.749754 -3.290804
5.737859 -3.295208
5.726006 -3.299159
5.714225 -3.302660
5.702545 -3.305719
5.690996 -3.308342
5.679606 -3.310538
5.668403 -3.312319
5.657414 -3.313697
5.646666 -3.314684
5.636184 -3.315297
5.625992 -3.315551
5.616114 -3.315465
5.606572 -3.315056
5.597387 -3.314346
5.588579 -3.313356
5.580166 -3.312107
5.572165 -3.310622
5.564593 -3.308927
5.557462 -3.307044
5.550786 -3.305001
5.544575 -3.302822
5.538839 -3.300534
5.533586 -3.298165
5.528821 -3.295741
5.524550 -3.293290
5.520775 -3.290839
5.517496 -3.288416
5.514714 -3.286049
5.512427 -3.283765
5.510629 -3.281590
5.509316 -3.279553
5.508480 -3.277679
5.508113 -3.275994
5.508204 -3.274523
5.508741 -3.273290
5.509711 -3.272320
5.511099 -3.271635
5.512888 -3.271258
5.515062 -3.271208
5.517600 -3.271505
5.520484 -3.272169
5.523692 -3.273216
5.527201 -3.274663
5.530988 -3.276523
5.535030 -3.278811
5.539300 -3.281538
5.543774 -3.284714
5.548425 -3.288348
5.553225 -3.292447
5.558148 -3.297017
5.563165 -3.302061
5.568249 -3.307582
5.573370 -3.313580
5.578501 -3.320055
5.583613 -3.327002
5.588677 -3.334418
5.593666 -3.342298
5.598551 -3.350632
5.603304 -3.359411
5.607900 -3.368625
5.612311 -3.378261
5.616511 -3.388305
5.620476 -3.398740
5.624180 -3.409551
5.627602 -3.420718
5.630717 -3.432222
5.633505 -3.444041
5.635946 -3.456154
5.638021 -3.468536
5.639712 -3.481164
5.641003 -3.494011
5.641879 -3.507051
5.642326 -3.520256
5.642332 -3.533600
5.641888 -3.547052
5.640984 -3.560583
5.639613 -3.574165
5.637770 -3.587766
5.635451 -3.601356
5.632653 -3.614905
5.629376 -3.628381
5.625621 -3.641755
5.621392 -3.654995
5.616693 -3.668071
5.611530 -3.680954
5.605912 -3.693613
5.599848 -3.706020
5.593349 -3.718146
5.586429 -3.729963
5.579101 -3.741445
5.571382 -3.752566
5.563289 -3.763300
5.554841 -3.773624
5.546059 -3.783515
5.536963 -3.792951
5.527576 -3.801913
5.517922 -3.810381
5.508025 -3.818339
5.497912 -3.825770
5.487609 -3.832660
5.477144 -3.838997
5.466544 -3.844770
5.455839 -3.849970
5.445057 -3.854590
5.434229 -3.858623
5.423383 -3.862066
5.412551 -3.864917
5.401762 -3.867176
5.391047 -3.868845
5.380436 -3.869927
5.369958 -3.870428
5.359643 -3.870356
5.349521 -3.869718
5.339619 -3.868527
5.329967 -3.866794
5.320590 -3.864535
5.311515 -3.861765
5.302768 -3.858502
5.294373 -3.854765
5.286354 -3.850576
5.278732 -3.845955
5.271529 -3.840927
5.264763 -3.835517
5.258454 -3.829750
5.252617 -3.823655
5.247267 -3.817259
5.242419 -3.810592
5.238084 -3.803683
5.234271 -3.796563
5.230989 -3.789265
5.228246 -3.781820
5.226045 -3.774261
5.224389 -3.766619
5.223279 -3.758930
5.222716 -3.751225
5.222695 -3.743538
5.223213 -3.735902
5.224263 -3.728350
5.225837 -3.720914
5.227925 -3.713627
5.230516 -3.706520
5.233596 -3.699624
5.237150 -3.692970
5.241161 -3.686586
5.245611 -3.680501
5.250481 -3.674742
5.255748 -3.669336
5.261390 -3.664308
5.267383 -3.659682
5.273702 -3.655479
5.280321 -3.651720
5.287211 -3.648426
5.294346 -3.645614
5.301695 -3.643300
5.309228 -3.641499
5.316915 -3.640223
5.324725 -3.639483
5.332626 -3.639289
5.340585 -3.639648
5.348571 -3.640566
5.356551 -3.642046
5.364492 -3.644091
5.372362 -3.646699
5.380130 -3.649870
5.387762 -3.653600
5.395229 -3.657882
5.402498 -3.662710
5.409539 -3.668075
5.416323 -3.673965
5.422820 -3.680369
5.429004 -3.687272
5.434847 -3.694658
5.440323 -3.702510
5.445408 -3.710809
5.450079 -3.719536
5.454313 -3.728669
5.458089 -3.738184
5.461389 -3.748060
5.464195 -3.758269
5.466491 -3.768788
5.468263 -3.779588
5.469498 -3.790643
5.470184 -3.801924
5.470314 -3.813403
5.469879 -3.825050
5.468873 -3.836836
5.467294 -3.848731
5.465139 -3.860704
5.462407 -3.872726
5.459101 -3.884767
5.455224 -3.896795
5.450781 -3.908783
5.445780 -3.920700
5.440229 -3.932518
5.434138 -3.944207
5.427521 -3.955741
5.420390 -3.967092
5.412761 -3.978234
5.404651 -3.989142
5.396079 -3.999791
5.387064 -4.010159
5.377627 -4.020222
5.367791 -4.029961
5.357579 -4.039356
5.347016 -4.048387
5.336127 -4.057040
5.324940 -4.065297
5.313480 -4.073146
5.301778 -4.080574
5.289860 -4.087570
5.277758 -4.094125
5.265500 -4.100232
5.253116 -4.105885
5.240637 -4.111080
5.228094 -4.115814
5.215517 -4.120087
5.202936 -4.123899
5.190383 -4.127253
5.177886 -4.130154
5.165477 -4.132607
5.153183 -4.134620
5.141035 -4.136203
5.129060 -4.137364
5.117286 -4.138118
5.105739 -4.138477
5.094445 -4.138457
5.083429 -4.138075
5.072715 -4.137347
5.062326 -4.136292
5.052282 -4.134932
5.042603 -4.133287
5.033310 -4.131380
5.024419 -4.129233
5.015945 -4.126872
5.007905 -4.124320
5.000310 -4.121603
4.993173 -4.118747
4.986502 -4.115780
4.980307 -4.112728
4.974594 -4.109618
4.969367 -4.106479
4.964631 -4.103338
4.960386 -4.100223
4.956632 -4.097161
4.953368 -4.094181
4.950590 -4.091309
4.948293 -4.088573
4.946471 -4.086000
4.945114 -4.083615
4.944213 -4.081444
4.943757 -4.079512
4.943733 -4.077843
4.944126 -4.076459
4.944920 -4.075384
4.946099 -4.074637
4.947643 -4.074241
4.949534 -4.074212
4.951750 -4.074569
4.954270 -4.075329
4.957070 -4.076505
4.960128 -4.078113
4.963418 -4.080163
4.966915 -4.082667
4.970592 -4.085633
4.974425 -4.089070
4.978384 -4.092982
4.982443 -4.097375
4.986573 -4.102251
4.990747 -4.107610
4.994937 -4.113453
4.999115 -4.119776
5.003251 -4.126576
5.007319 -4.133846
5.011291 -4.141579
5.015139 -4.149767
5.018837 -4.158399
5.022357 -4.167461
5.025676 -4.176942
5.028767 -4.186824
5.031606 -4.197092
5.034171 -4.207727
5.036439 -4.218709
5.038389 -4.230019
5.040000 -4.241633
5.041255 -4.253529
5.042135 -4.265682
5.042624 -4.278067
5.042707 -4.290657
5.042371 -4.303426
5.041603 -4.316345
5.040395 -4.329386
5.038736 -4.342520
5.036619 -4.355717
5.034039 -4.368947
5.030992 -4.382180
5.027476 -4.395385
5.023490 -4.408531
5.019035 -4.421587
5.014115 -4.434524
5.008733 -4.447311
5.002896 -4.459918
4.996612 -4.472314
4.989891 -4.484472
4.982743 -4.496361
4.975181 -4.507955
4.967221 -4.519227
4.958876 -4.530150
4.950166 -4.540699
4.941108 -4.550849
4.931722 -4.560578
4.922030 -4.569865
4.912054 -4.578688
4.901818 -4.587028
4.891346 -4.594868
4.880665 -4.602192
4.869799 -4.608984
4.858777 -4.615233
4.847627 -4.620926
4.836378 -4.626054
4.825058 -4.630609
4.813696 -4.634585
4.802324 -4.637978
4.790970 -4.640785
4.779665 -4.643006
4.768440 -4.644641
4.757323 -4.645694
4.746346 -4.646170
4.735537 -4.646075
4.724925 -4.645418
4.714540 -4.644209
4.704408 -4.642460
4.694558 -4.640185
4.685016 -4.637400
4.675807 -4.634121
4.666955 -4.630368
4.658485 -4.626159
4.650418 -4.621518
4.642774 -4.616467
4.635575 -4.611030
4.628838 -4.605233
4.622580 -4.599103
4.616815 -4.592667
4.611558 -4.585954
4.606820 -4.578994
4.602612 -4.571817
4.598941 -4.564454
4.595816 -4.556937
4.593240 -4.549298
4.591217 -4.541570
4.589748 -4.533785
4.588832 -4.525975
4.588467 -4.518175
4.588648 -4.510416
4.589370 -4.502732
4.590623 -4.495155
4.592400 -4.487716
4.594687 -4.480447
4.597471 -4.473380
4.600738 -4.466543
4.604471 -4.459966
4.608652 -4.453678
4.613260 -4.447707
4.618274 -4.442077
4.623672 -4.436814
4.629430 -4.431943
4.635522 -4.427485
4.641922 -4.423461
4.648602 -4.419892
4.655535 -4.416794
4.662689 -4.414185
4.670036 -4.412078
4.677544 -4.410487
4.685183 -4.409423
4.692919 -4.408896
4.700720 -4.408913
4.708555 -4.409480
4.716390 -4.410600
4.724192 -4.412276
4.731929 -4.414509
4.739567 -4.417296
4.747076 -4.420633
4.754422 -4.424516
4.761575 -4.428938
4.768504 -4.433890
4.775177 -4.439360
4.781567 -4.445337
4.787645 -4.451807
4.793383 -4.458754
4.798755 -4.466162
4.803736 -4.474011
4.808301 -4.482282
4.812429 -4.490953
4.816098 -4.500003
4.819289 -4.509406
4.821982 -4.519140
4.824163 -4.529177
4.825814 -4.539492
4.826924 -4.550056
4.827481 -4.560843
4.827475 -4.571823
4.826898 -4.582966
4.825744 -4.594244
4.824008 -4.605627
4.821688 -4.617084
4.818783 -4.628586
4.815295 -4.640101
4.811227 -4.651601
4.806582 -4.663055
4.801368 -4.674434
4.795594 -4.685709
4.789269 -4.696852
4.782405 -4.707835
4.775015 -4.718630
4.767115 -4.729211
4.758721 -4.739553
4.749851 -4.749632
4.740525 -4.759424
4.730764 -4.768906
4.720589 -4.778059
4.710024 -4.786862
4.699093 -4.795297
4.687822 -4.803347
4.676237 -4.810996
4.664366 -4.818231
4.652237 -4.825038
4.639878 -4.831408
4.627318 -4.837332
4.614588 -4.842800
4.601718 -4.847808
4.588737 -4.852352
4.575677 -4.856428
4.562568 -4.860037
4.549441 -4.863178
4.536326 -4.865855
4.523254 -4.868072
4.510254 -4.869834
4.497357 -4.871150
4.484591 -4.872027
4.471984 -4.872478
4.459565 -4.872514
4.447360 -4.872149
4.435395 -4.871398
4.423695 -4.870278
4.412286 -4.868806
4.401188 -4.867002
4.390424 -4.864885
4.380016 -4.862477
4.369981 -4.859801
4.360337 -4.856880
4.351102 -4.853737
4.342290 -4.850399
4.333914 -4.846891
4.325987 -4.843239
4.318518 -4.839470
4.311516 -4.835612
4.304988 -4.831691
4.298940 -4.827737
4.293376 -4.823776
4.288296 -4.819838
4.283702 -4.815950
4.279592 -4.812140
4.275964 -4.808437
4.272811 -4.804866
4.270129 -4.801455
4.267910 -4.798231
4.266143 -4.795220
4.264817 -4.792446
4.263922 -4.789934
4.263441 -4.787707
4.263360 -4.785789
4.263662 -4.784200
4.264330 -4.782961
4.265344 -4.782091
4.266683 -4.781609
4.268326 -4.781531
4.270251 -4.781872
4.272435 -4.782647
4.274852 -4.783868
4.277478 -4.785546
4.280288 -4.787691
4.283255 -4.790310
4.286351 -4.793410
4.289551 -4.796996
4.292827 -4.801070
4.296150 -4.805635
4.299493 -4.810688
4.302827 -4.816230
4.306126 -4.822255
4.309362 -4.828759
4.312506 -4.835735
4.315533 -4.843173
4.318415 -4.851065
4.321125 -4.859396
4.323640 -4.868156
4.325934 -4.877327
4.327982 -4.886895
4.329763 -4.896841
4.331253 -4.907146
4.332432 -4.917789
4.333280 -4.928749
4.333778 -4.940003
4.333908 -4.951527
4.333655 -4.963295
4.333003 -4.975282
4.331939 -4.987461
4.330452 -4.999804
4.328530 -5.012283
4.326165 -5.024868
4.323349 -5.037531
4.320078 -5.050241
4.316347 -5.062968
4.312154 -5.075682
4.307498 -5.088352
4.302380 -5.100948
4.296803 -5.113438
4.290772 -5.125793
4.284293 -5.137982
4.277374 -5.149977
4.270023 -5.161747
4.262253 -5.173264
4.254075 -5.184500
4.245504 -5.195427
4.236556 -5.206020
4.227247 -5.216254
4.217597 -5.226102
4.207625 -5.235544
4.197352 -5.244555
4.186800 -5.253116
4.175994 -5.261208
4.164957 -5.268811
4.153716 -5.275910
4.142296 -5.282490
4.130724 -5.288536
4.119029 -5.294039
4.107240 -5.298986
4.095384 -5.303371
4.083492 -5.307186
4.071594 -5.310426
4.059719 -5.313089
4.047897 -5.315174
4.036160 -5.316681
4.024535 -5.317612
4.013055 -5.317972
4.001747 -5.317767
3.990642 -5.317005
3.979768 -5.315696
3.969152 -5.313850
3.958823 -5.311482
3.948806 -5.308606
3.939128 -5.305239
3.929812 -5.301398
3.920883 -5.297103
3.912362 -5.292376
3.904272 -5.287239
3.896631 -5.281714
3.889458 -5.275829
3.882770 -5.269608
3.876582 -5.263079
3.870908 -5.256270
3.865760 -5.249210
3.861149 -5.241930
3.857083 -5.234459
3.853570 -5.226829
3.850613 -5.219072
3.848217 -5.211219
3.846383 -5.203303
3.845111 -5.195357
3.844398 -5.187413
3.844240 -5.179504
3.844631 -5.171661
3.845564 -5.163917
3.847028 -5.156305
3.849013 -5.148854
3.851504 -5.141595
3.854488 -5.134559
3.857947 -5.127775
3.861864 -5.121270
3.866218 -5.115073
3.870989 -5.109209
3.876153 -5.103703
3.881688 -5.098579
3.887566 -5.093859
3.893763 -5.089565
3.900250 -5.085716
3.906998 -5.082330
3.913979 -5.079423
3.921162 -5.077010
3.928516 -5.075104
3.936009 -5.073717
3.943609 -5.072858
3.951284 -5.072535
3.959000 -5.072753
3.966725 -5.073518
3.974425 -5.074830
3.982067 -5.076691
3.989619 -5.079098
3.997048 -5.082049
4.004321 -5.085539
4.011406 -5.089560
4.018273 -5.094104
4.024890 -5.099160
4.031228 -5.104717
4.037258 -5.110760
4.042952 -5.117274
4.048283 -5.124242
4.053225 -5.131646
4.057755 -5.139466
4.061847 -5.147680
4.065482 -5.156268
4.068639 -5.165204
4.071298 -5.174464
4.073443 -5.184023
4.075058 -5.193854
4.076129 -5.203929
4.076644 -5.214222
4.076592 -5.224702
4.075966 -5.235341
4.074758 -5.246109
4.072963 -5.256977
4.070578 -5.267913
4.067603 -5.278889
4.064037 -5.289874
4.059883 -5.300837
4.055145 -5.311749
4.049830 -5.322580
4.043945 -5.333302
4.037500 -5.343885
4.030506 -5.354303
4.022976 -5.364526
4.014925 -5.374530
4.006370 -5.384288
3.997327 -5.393776
3.987816 -5.402971
3.977857 -5.411850
3.967473 -5.420392
3.956685 -5.428577
3.945520 -5.436387
3.934001 -5.443804
3.922155 -5.450813
3.910009 -5.457401
3.897591 -5.463553
3.884930 -5.469260
3.872054 -5.474511
3.858994 -5.479300
3.845780 -5.483621
3.832441 -5.487468
3.819009 -5.490840
3.805515 -5.493735
3.791988 -5.496154
3.778460 -5.498101
3.764961 -5.499578
3.751521 -5.500592
3.738169 -5.501151
3.724936 -5.501263
3.711849 -5.500939
3.698937 -5.500192
3.686226 -5.499035
3.673743 -5.497483
3.661513 -5.495553
3.649561 -5.493263
3.637909 -5.490632
3.626580 -5.487681
3.615595 -5.484430
3.604973 -5.480903
3.594732 -5.477122
3.584889 -5.473113
3.575459 -5.468900
3.566457 -5.464510
3.557893 -5.459969
3.549780 -5.455305
3.542125 -5.450543
3.534937 -5.445714
3.528220 -5.440844
3.521980 -5.435963
3.516218 -5.431098
3.510936 -5.426278
3.506131 -5.421532
3.501802 -5.416886
3.497944 -5.412370
3.494552 -5.408010
3.491618 -5.403832
3.489132 -5.399865
3.487084 -5.396132
3.485463 -5.392658
3.484253 -5.389469
3.483441 -5.386585
3.483011 -5.384030
3.482943 -5.381825
3.483220 -5.379989
3.483822 -5.378540
3.484727 -5.377496
3.485914 -5.376873
3.487358 -5.376684
3.489037 -5.376944
3.490926 -5.377664
3.492999 -5.378853
3.495230 -5.380521
3.497592 -5.382673
3.500060 -5.385315
3.502605 -5.388451
3.505200 -5.392082
3.507818 -5.396208
3.510430 -5.400828
3.513010 -5.405940
3.515529 -5.411536
3.517961 -5.417613
3.520279 -5.424160
3.522455 -5.431169
3.524465 -5.438627
3.526283 -5.446522
3.527884 -5.454840
3.529245 -5.463564
3.530342 -5.472677
3.531153 -5.482160
3.531659 -5.491993
3.531838 -5.502155
3.531671 -5.512622
3.531143 -5.523373
3.530235 -5.534381
3.528935 -5.545621
3.527227 -5.557066
3.525101 -5.568689
3.522546 -5.580462
3.519552 -5.592357
3.516114 -5.604343
3.512225 -5.616391
3.507880 -5.628472
3.503079 -5.640554
3.497820 -5.652608
3.492105 -5.664603
3.485935 -5.676508
3.479316 -5.688293
3.472253 -5.699929
3.464754 -5.711385
3.456828 -5.722632
3.448488 -5.733642
3.439744 -5.744387
3.430611 -5.754839
3.421105 -5.764972
3.411243 -5.774760
3.401043 -5.784178
3.390525 -5.793205
3.379710 -5.801816
3.368620 -5.809991
3.357279 -5.817711
3.345710 -5.824957
3.333941 -5.831712
3.321996 -5.837962
3.309903 -5.843691
3.297690 -5.848888
3.285386 -5.853543
3.273019 -5.857647
3.260618 -5.861192
3.248214 -5.864174
3.235837 -5.866589
3.223516 -5.868436
3.211283 -5.869714
3.199166 -5.870425
3.187196 -5.870574
3.175403 -5.870165
3.163816 -5.869206
3.152462 -5.867707
3.141372 -5.865678
3.130572 -5.863132
3.120088 -5.860083
3.109946 -5.856548
3.100172 -5.852542
3.090789 -5.848086
3.081820 -5.843200
3.073285 -5.837906
3.065205 -5.832227
3.057598 -5.826188
3.050482 -5.819813
3.043872 -5.813131
3.037782 -5.806168
3.032225 -5.798953
3.027212 -5.791515
3.022750 -5.783886
3.018848 -5.776094
3.015511 -5.768172
3.012742 -5.760152
3.010544 -5.752064
3.008915 -5.743942
3.007854 -5.735818
3.007358 -5.727723
3.007420 -5.719690
3.008032 -5.711750
3.009186 -5.703935
3.010871 -5.696276
3.013072 -5.688803
3.015776 -5.681546
3.018966 -5.674534
3.022625 -5.667795
3.026731 -5.661356
3.031266 -5.655244
3.036205 -5.649482
3.041525 -5.644095
3.047201 -5.639105
3.053206 -5.634533
3.059513 -5.630398
3.066093 -5.626720
3.072916 -5.623513
3.079953 -5.620793
3.087171 -5.618572
3.094540 -5.616864
3.102027 -5.615676
3.109599 -5.615016
3.117223 -5.614891
3.124866 -5.615306
3.132495 -5.616261
3.140075 -5.617758
3.147574 -5.619795
3.154959 -5.622370
3.162197 -5.625476
3.169256 -5.629108
3.176104 -5.633257
3.182710 -5.637911
3.189044 -5.643060
3.195077 -5.648690
3.200779 -5.654785
3.206124 -5.661328
3.211085 -5.668302
3.215638 -5.675686
3.219758 -5.683459
3.223423 -5.691599
3.226613 -5.700083
3.229308 -5.708885
3.231489 -5.717981
3.233142 -5.727343
3.234252 -5.736945
3.234804 -5.746758
3.234790 -5.756753
3.234199 -5.766901
3.233025 -5.777174
3.231261 -5.787539
3.228904 -5.797969
3.225952 -5.808431
3.222405 -5.818896
3.218266 -5.829333
3.213537 -5.839714
3.208225 -5.850007
3.202336 -5.860184
3.195880 -5.870216
3.188868 -5.880075
3.181312 -5.889733
3.173226 -5.899164
3.164626 -5.908342
3.155530 -5.917243
3.145956 -5.925842
3.135925 -5.934118
3.125457 -5.942048
3.114576 -5.949613
3.103306 -5.956794
3.091671 -5.963574
3.079697 -5.969937
3.067412 -5.975868
3.054843 -5.981356
3.042019 -5.986388
3.028968 -5.990956
3.015720 -5.995051
3.002306 -5.998668
2.988755 -6.001801
2.975098 -6.004449
2.961366 -6.006609
2.947590 -6.008284
2.933799 -6.009475
2.920025 -6.010186
2.906298 -6.010424
2.892647 -6.010195
2.879103 -6.009509
2.865692 -6.008377
2.852444 -6.006810
2.839386 -6.004823
2.826544 -6.002430
2.813944 -5.999649
2.801611 -5.996497
2.789567 -5.992993
2.777835 -5.989159
2.766437 -5.985015
2.755391 -5.980584
2.744717 -5.975890
2.734431 -5.970958
2.724549 -5.965813
2.715085 -5.960481
2.706051 -5.954989
2.697459 -5.949364
2.689318 -5.943634
2.681636 -5.937827
2.674417 -5.931972
2.667668 -5.926097
2.661391 -5.920232
2.655586 -5.914404
2.650253 -5.908643
2.645390 -5.902976
2.640993 -5.897432
2.637056 -5.892039
2.633572 -5.886824
2.630532 -5.881813
2.627927 -5.877032
2.625743 -5.872507
2.623969 -5.868262
2.622589 -5.864320
2.621587 -5.860704
2.620946 -5.857435
2.620647 -5.854534
2.620671 -5.852018
2.620997 -5.849907
2.621603 -5.848216
2.622466 -5.846960
2.623562 -5.846153
2.624868 -5.845807
2.626358 -5.845932
2.628005 -5.846538
2.629785 -5.847631
2.631671 -5.849217
2.633634 -5.851300
2.635649 -5.853883
2.637687 -5.856966
2.639721 -5.860549
2.641724 -5.864628
2.643668 -5.869199
2.645527 -5.874256
2.647273 -5.879791
2.648881 -5.885795
2.650324 -5.892258
2.651578 -5.899166
2.652617 -5.906506
2.653419 -5.914261
2.653959 -5.922416
2.654218 -5.930952
2.654172 -5.939848
2.653803 -5.949085
2.653092 -5.958640
2.652022 -5.968489
2.650576 -5.978608
2.648739 -5.988973
2.646499 -5.999556
2.643843 -6.010331
2.640761 -6.021269
2.637244 -6.032343
2.633285 -6.043524
2.628878 -6.054781
2.624019 -6.066086
2.618706 -6.077408
2.612938 -6.088716
2.606715 -6.099981
2.600042 -6.111173
2.592921 -6.122261
2.585359 -6.133214
2.577364 -6.144005
2.568945 -6.154603
2.560112 -6.164979
2.550878 -6.175107
2.541258 -6.184958
2.531266 -6.194506
2.520920 -6.203725
2.510237 -6.212591
2.499239 -6.221081
2.487945 -6.229171
2.476378 -6.236841
2.464560 -6.244070
2.452518 -6.250841
2.440275 -6.257136
2.427859 -6.262939
2.415296 -6.268237
2.402614 -6.273017
2.389841 -6.277268
2.377008 -6.280981
2.364142 -6.284149
2.351274 -6.286765
2.338434 -6.288827
2.325653 -6.290332
2.312959 -6.291279
2.300385 -6.291671
2.287958 -6.291510
2.275710 -6.290802
2.263670 -6.289552
2.251866 -6.287771
2.240327 -6.285469
2.229081 -6.282657
2.218154 -6.279349
2.207572 -6.275560
2.197360 -6.271308
2.187542 -6.266611
2.178142 -6.261489
2.169180 -6.255963
2.160676 -6.250056
2.152651 -6.243792
2.145121 -6.237196
2.138102 -6.230294
2.131608 -6.223113
2.125653 -6.215681
2.120247 -6.208028
2.115399 -6.200182
2.111118 -6.192175
2.107408 -6.184037
2.104274 -6.175799
2.101718 -6.167492
2.099740 -6.159149
2.098338 -6.150801
2.097509 -6.142481
2.097247 -6.134219
2.097546 -6.126047
2.098396 -6.117996
2.099785 -6.110098
2.101703 -6.102382
2.104133 -6.094877
2.107061 -6.087613
2.110467 -6.080616
2.114334 -6.073916
2.118639 -6.067536
2.123361 -6.061502
2.128476 -6.055837
2.133958 -6.050565
2.139782 -6.045704
2.145920 -6.041276
2.152343 -6.037298
2.159022 -6.033786
2.165927 -6.030756
2.173026 -6.028220
2.180287 -6.026189
2.187679 -6.024674
2.195168 -6.023682
2.202721 -6.023219
2.210304 -6.023290
2.217885 -6.023896
2.225429 -6.025039
2.232903 -6.026717
2.240274 -6.028927
2.247508 -6.031663
2.254573 -6.034920
2.261438 -6.038689
2.268069 -6.042959
2.274438 -6.047718
2.280514 -6.052953
2.286269 -6.058648
2.291673 -6.064787
2.296701 -6.071351
2.301327 -6.078321
2.305527 -6.085675
2.309278 -6.093392
2.312558 -6.101447
2.315348 -6.109816
2.317629 -6.118474
2.319384 -6.127393
2.320599 -6.136546
2.321260 -6.145906
2.321355 -6.155443
2.320874 -6.165128
2.319810 -6.174931
2.318157 -6.184821
2.315910 -6.194770
2.313066 -6.204746
2.309626 -6.214718
2.305591 -6.224657
2.300963 -6.234532
2.295749 -6.244314
2.289953 -6.253972
2.283586 -6.263478
2.276658 -6.272804
2.269180 -6.281922
2.261166 -6.290805
2.252633 -6.299427
2.243595 -6.307763
2.234073 -6.315789
2.224085 -6.323482
2.213653 -6.330822
2.202799 -6.337787
2.191547 -6.344358
2.179921 -6.350519
2.167948 -6.356252
2.155653 -6.361545
2.143065 -6.366382
2.130211 -6.370754
2.117120 -6.374650
2.103823 -6.378063
2.090348 -6.380986
2.076726 -6.383414
2.062988 -6.385345
2.049163 -6.386778
2.035284 -6.387712
2.021379 -6.388150
2.007481 -6.388097
1.993618 -6.387558
1.979821 -6.386540
1.966119 -6.385053
1.952542 -6.383107
1.939116 -6.380714
1.925870 -6.377888
1.912829 -6.374644
1.900021 -6.370999
1.887469 -6.366971
1.875197 -6.362579
1.863227 -6.357844
1.851582 -6.352788
1.840280 -6.347432
1.829340 -6.341802
1.818781 -6.335922
1.808616 -6.329817
1.798862 -6.323514
1.789530 -6.317040
1.780631 -6.310422
1.772177 -6.303688
1.764173 -6.296868
1.756627 -6.289989
1.749543 -6.283081
1.742925 -6.276172
1.736773 -6.269292
1.731088 -6.262470
1.725867 -6.255734
1.721106 -6.249113
1.716801 -6.242635
1.712944 -6.236328
1.709527 -6.230218
1.706540 -6.224332
1.703971 -6.218696
1.701808 -6.213334
1.700036 -6.208271
1.698638 -6.203529
1.697599 -6.199130
1.696900 -6.195095
1.696521 -6.191443
1.696441 -6.188192
1.696640 -6.185360
1.697095 -6.182962
1.697781 -6.181012
1.698676 -6.179522
1.699753 -6.178503
1.700988 -6.177965
1.702354 -6.177917
1.703825 -6.178363
1.705375 -6.179308
1.706975 -6.180756
1.708598 -6.182707
1.710218 -6.185162
1.711807 -6.188117
1.713338 -6.191570
1.714784 -6.195514
1.716118 -6.199943
1.717314 -6.204847
1.718346 -6.210216
1.719190 -6.216039
1.719820 -6.222301
1.720214 -6.228988
1.720348 -6.236083
1.720200 -6.243568
1.719750 -6.251424
1.718978 -6.259631
1.717864 -6.268167
1.716393 -6.277009
1.714547 -6.286133
1.712311 -6.295514
1.709673 -6.305127
1.706621 -6.314944
1.703143 -6.324938
1.699231 -6.335082
1.694878 -6.345346
1.690079 -6.355701
1.684827 -6.366118
1.679123 -6.376567
1.672964 -6.387018
1.666351 -6.397441
1.659288 -6.407806
1.651777 -6.418083
1.643826 -6.428241
1.635442 -6.438253
1.626633 -6.448088
1.617412 -6.457718
1.607789 -6.467115
1.597779 -6.476252
1.587398 -6.485102
1.576661 -6.493641
1.565589 -6.501842
1.554199 -6.509682
1.542513 -6.517140
1.530554 -6.524193
1.518344 -6.530822
1.505907 -6.537008
1.493270 -6.542733
1.480458 -6.547982
1.467498 -6.552741
1.454419 -6.556997
1.441248 -6.560738
1.428016 -6.563956
1.414750 -6.566642
1.401481 -6.568791
1.388240 -6.570398
1.375056 -6.571461
1.361960 -6.571980
1.348982 -6.571954
1.336152 -6.571387
1.323500 -6.570285
1.311056 -6.568652
1.298849 -6.566497
1.286906 -6.563831
1.275257 -6.560664
1.263928 -6.557011
1.252944 -6.552885
1.242333 -6.548304
1.232117 -6.543284
1.222320 -6.537847
1.212963 -6.532012
1.204068 -6.525802
1.195653 -6.519240
1.187737 -6.512350
1.180335 -6.505159
1.173463 -6.497693
1.167133 -6.489980
1.161357 -6.482047
1.156145 -6.473926
1.151504 -6.465644
1.147441 -6.457233
1.143959 -6.448723
1.141063 -6.440145
1.138751 -6.431531
1.137023 -6.422913
1.135876 -6.414321
1.135304 -6.405787
1.135301 -6.397343
1.135859 -6.389018
1.136966 -6.380844
1.138610 -6.372850
1.140778 -6.365066
1.143453 -6.357519
1.146618 -6.350239
1.150254 -6.343251
1.154341 -6.336581
1.158855 -6.330254
1.163775 -6.324293
1.169074 -6.318721
1.174728 -6.313558
1.180707 -6.308824
1.186985 -6.304536
1.193532 -6.300711
1.200317 -6.297364
1.207309 -6.294507
1.214477 -6.292153
1.221788 -6.290310
1.229209 -6.288986
1.236708 -6.288189
1.244250 -6.287921
1.251802 -6.288185
1.259329 -6.288982
1.266800 -6.290310
1.274179 -6.292167
1.281433 -6.294548
1.288531 -6.297445
1.295439 -6.300850
1.302126 -6.304753
1.308560 -6.309142
1.314713 -6.314003
1.320553 -6.319321
1.326053 -6.325079
1.331187 -6.331259
1.335927 -6.337841
1.340249 -6.344804
1.344130 -6.352125
1.347547 -6.359782
1.350481 -6.367748
1.352912 -6.375999
1.354823 -6.384508
1.356199 -6.393247
1.357025 -6.402188
1.357290 -6.411301
1.356983 -6.420558
1.356095 -6.429929
1.354620 -6.439382
1.352553 -6.448888
