cos() sin()
3.304973 0.000000
3.305625 0.035363
3.307581 0.070787
3.310833 0.106334
3.315371 0.142065
3.321180 0.178045
3.328240 0.214342
3.336526 0.251022
3.346007 0.288160
3.356647 0.325832
3.368401 0.364120
3.381218 0.403109
3.395038 0.442893
3.409789 0.483570
3.425389 0.525249
3.441744 0.568045
3.458742 0.612082
3.476256 0.657496
3.494135 0.704432
3.512209 0.753049
3.530275 0.803517
3.548102 0.856021
3.565419 0.910758
3.581911 0.967943
3.597211 1.027804
3.610892 1.090584
3.622458 1.156539
3.631326 1.225941
3.636820 1.299066
3.638151 1.376201
3.634399 1.457628
3.624495 1.543619
3.607196 1.634425
3.581066 1.730254
3.544451 1.831250
3.495460 1.937460
3.431946 2.048798
3.351505 2.164989
3.251487 2.285513
3.129032 2.409528
2.981148 2.535794
2.804843 2.662589
2.597313 2.787640
2.356213 2.908075
2.080000 3.020426
1.768326 3.120721
1.422447 3.204662
1.045553 3.267933
0.642945 3.306601
0.221951 3.317574
-0.208475 3.299023
-0.638441 3.250679
-1.057999 3.173926
-1.458039 3.071643
-1.831038 2.947861
-2.171515 2.807284
-2.476172 2.654804
-2.743743 2.495086
-2.974664 2.332273
-3.170653 2.169820
-3.334280 2.010444
-3.468601 1.856157
-3.576864 1.708347
-3.662295 1.567879
-3.727963 1.435206
-3.776694 1.310461
-3.811033 1.193550
-3.833235 1.084216
-3.845275 0.982095
-3.848861 0.886756
-3.845468 0.797737
-3.836355 0.714561
-3.822601 0.636758
-3.805122 0.563868
-3.784697 0.495455
-3.761988 0.431106
-3.737555 0.370437
-3.711877 0.313091
-3.685355 0.258735
-3.658333 0.207068
-3.631103 0.157809
-3.603910 0.110703
-3.576966 0.065516
-3.550447 0.022034
-3.524507 -0.019937
-3.499272 -0.060576
-3.474854 -0.100046
-3.451343 -0.138497
-3.428818 -0.176064
-3.407347 -0.212873
-3.386982 -0.249039
-3.367773 -0.284669
-3.349755 -0.319861
-3.332961 -0.354705
-3.317415 -0.389287
-3.303138 -0.423685
-3.290141 -0.457975
-3.278437 -0.492226
-3.268028 -0.526507
-3.258916 -0.560881
-3.251099 -0.595412
-3.244567 -0.630159
-3.239312 -0.665183
-3.235316 -0.700542
-3.232560 -0.736298
-3.231019 -0.772508
-3.230665 -0.809234
-3.231463 -0.846539
-3.233371 -0.884487
-3.236344 -0.923146
-3.240327 -0.962584
-3.245256 -1.002877
-3.251060 -1.044102
-3.257658 -1.086342
-3.264954 -1.129683
-3.272840 -1.174220
-3.281192 -1.220051
-3.289870 -1.267282
-3.298709 -1.316025
-3.307525 -1.366402
-3.316101 -1.418537
-3.324193 -1.472568
-3.331515 -1.528634
-3.337743 -1.586884
-3.342498 -1.647474
-3.345345 -1.710561
-3.345784 -1.776305
-3.343232 -1.844866
-3.337020 -1.916397
-3.326371 -1.991040
-3.310390 -2.068914
-3.288045 -2.150109
-3.258147 -2.234667
-3.219332 -2.322564
-3.170043 -2.413685
-3.108512 -2.507796
-3.032748 -2.604499
-2.940539 -2.703192
-2.829461 -2.803010
-2.696919 -2.902765
-2.540213 -3.000881
-2.356658 -3.095333
-2.143759 -3.183599
-1.899447 -3.262647
-1.622392 -3.328968
-1.312360 -3.378692
-0.970590 -3.407800
-0.600121 -3.412435
-0.205976 -3.389309
0.204871 -3.336144
0.623830 -3.252065
1.041318 -3.137859
1.447588 -2.996010
1.833624 -2.830491
2.191904 -2.646344
2.516914 -2.449147
2.805338 -2.244477
3.055939 -2.037466
3.269248 -1.832501
3.447128 -1.633079
3.592334 -1.441788
3.708123 -1.260381
3.797935 -1.089898
3.865172 -0.930805
3.913050 -0.783136
3.944509 -0.646607
3.962180 -0.520724
3.968371 -0.404854
3.965088 -0.298293
3.954052 -0.200304
3.936728 -0.110151
3.914360 -0.027119
3.887999 0.049474
3.858528 0.120270
3.826690 0.185862
3.793105 0.246801
3.758296 0.303589
3.722699 0.356686
3.686678 0.406508
3.650537 0.453436
3.614531 0.497812
3.578873 0.539948
3.543740 0.580125
3.509280 0.618598
3.475614 0.655596
3.442846 0.691329
3.411060 0.725985
3.380324 0.759736
3.350697 0.792736
3.322223 0.825128
3.294941 0.857039
3.268878 0.888589
3.244059 0.919884
3.220498 0.951023
3.198208 0.982099
3.177194 1.013194
3.157458 1.044388
3.138999 1.075754
3.121811 1.107361
3.105884 1.139273
3.091206 1.171554
3.077760 1.204262
3.065525 1.237454
3.054478 1.271188
3.044590 1.305517
3.035828 1.340496
3.028155 1.376180
3.021529 1.412623
3.015899 1.449881
3.011211 1.488010
3.007402 1.527069
3.004401 1.567118
3.002129 1.608218
3.000493 1.650434
2.999393 1.693833
2.998710 1.738487
2.998313 1.784467
2.998053 1.831850
2.997759 1.880715
2.997237 1.931144
2.996267 1.983222
2.994599 2.037035
2.991944 2.092669
2.987976 2.150212
2.982319 2.209745
2.974545 2.271349
2.964162 2.335093
2.950607 2.401033
2.933234 2.469208
2.911302 2.539627
2.883963 2.612264
2.850248 2.687042
2.809048 2.763820
2.759103 2.842368
2.698984 2.922346
2.627084 3.003271
2.541606 3.084480
2.440569 3.165089
2.321818 3.243939
2.183066 3.319548
2.021952 3.390053
1.836149 3.453171
1.623520 3.506165
1.382322 3.545856
1.111488 3.568684
0.810936 3.570841
0.481918 3.548508
0.127311 3.498180
-0.248184 3.417079
-0.638052 3.303591
-1.034231 3.157652
-1.427661 2.980982
-1.809050 2.777087
-2.169722 2.550998
-2.502392 2.308789
-2.801700 2.056970
-3.064440 1.801887
-3.289489 1.549231
-3.477503 1.303716
-3.630492 1.068946
-3.751369 0.847422
-3.843543 0.640659
-3.910593 0.449356
-3.956032 0.273572
-3.983155 0.112904
-3.994954 -0.033368
-3.994077 -0.166160
-3.982831 -0.286496
-3.963193 -0.395440
-3.936843 -0.494047
-3.905195 -0.583337
-3.869434 -0.664274
-3.830544 -0.737755
-3.789343 -0.804606
-3.746507 -0.865582
-3.702593 -0.921368
-3.658059 -0.972584
-3.613282 -1.019789
-3.568570 -1.063486
-3.524174 -1.104124
-3.480299 -1.142109
-3.437111 -1.177803
-3.394747 -1.211533
-3.353313 -1.243588
-3.312897 -1.274232
-3.273568 -1.303700
-3.235379 -1.332202
-3.198372 -1.359929
-3.162579 -1.387052
-3.128022 -1.413726
-3.094716 -1.440091
-3.062671 -1.466273
-3.031892 -1.492388
-3.002378 -1.518540
-2.974124 -1.544824
-2.947124 -1.571328
-2.921366 -1.598133
-2.896836 -1.625314
-2.873517 -1.652938
-2.851389 -1.681070
-2.830430 -1.709771
-2.810613 -1.739097
-2.791911 -1.769102
-2.774290 -1.799838
-2.757714 -1.831355
-2.742144 -1.863699
-2.727534 -1.896919
-2.713835 -1.931061
-2.700992 -1.966170
-2.688943 -2.002292
-2.677619 -2.039471
-2.666945 -2.077755
-2.656833 -2.117189
-2.647188 -2.157818
-2.637903 -2.199692
-2.628857 -2.242855
-2.619915 -2.287357
-2.610923 -2.333245
-2.601710 -2.380564
-2.592082 -2.429362
-2.581820 -2.479681
-2.570674 -2.531561
-2.558365 -2.585039
-2.544573 -2.640141
-2.528937 -2.696886
-2.511045 -2.755280
-2.490429 -2.815309
-2.466559 -2.876939
-2.438830 -2.940102
-2.406553 -3.004694
-2.368948 -3.070558
-2.325126 -3.137474
-2.274085 -3.205141
-2.214691 -3.273155
-2.145670 -3.340985
-2.065601 -3.407940
-1.972910 -3.473139
-1.865877 -3.535466
-1.742650 -3.593524
-1.601282 -3.645594
-1.439786 -3.689590
-1.256232 -3.723022
-1.048880 -3.742988
-0.816362 -3.746196
-0.557920 -3.729043
-0.273677 -3.687767
0.035064 -3.618696
0.365554 -3.518587
0.713420 -3.385043
1.072653 -3.216960
1.435826 -3.014913
1.794568 -2.781386
2.140254 -2.520763
2.464794 -2.239032
2.761373 -1.943249
3.024998 -1.640861
3.252746 -1.339025
3.443724 -1.044059
3.598783 -0.761083
3.720109 -0.493876
3.810764 -0.244910
3.874280 -0.015501
3.914323 0.193977
3.934459 0.383861
3.937997 0.554989
3.927908 0.708526
3.906794 0.845817
3.876891 0.968286
3.840092 1.077360
3.797978 1.174421
3.751862 1.260775
3.702823 1.337634
3.651742 1.406108
3.599334 1.467209
3.546179 1.521845
3.492742 1.570835
3.439396 1.614909
3.386435 1.654721
3.334095 1.690850
3.282558 1.723815
3.231968 1.754075
3.182434 1.782039
3.134039 1.808070
3.086843 1.832493
3.040890 1.855596
2.996210 1.877635
2.952821 1.898840
2.910732 1.919416
2.869946 1.939546
2.830458 1.959395
2.792260 1.979110
2.755339 1.998823
2.719679 2.018655
2.685262 2.038712
2.652067 2.059093
2.620071 2.079885
2.589250 2.101170
2.559577 2.123021
2.531022 2.145505
2.503557 2.168684
2.477149 2.192615
2.451762 2.217351
2.427361 2.242941
2.403904 2.269432
2.381349 2.296866
2.359650 2.325284
2.338755 2.354726
2.318611 2.385228
2.299157 2.416825
2.280326 2.449553
2.262048 2.483442
2.244240 2.518526
2.226816 2.554833
2.209677 2.592392
2.192715 2.631231
2.175808 2.671375
2.158822 2.712846
2.141605 2.755665
2.123990 2.799847
2.105787 2.845405
2.086785 2.892344
2.066745 2.940661
2.045400 2.990345
2.022448 3.041370
1.997551 3.093697
1.970323 3.147265
1.940335 3.201989
1.907096 3.257751
1.870058 3.314396
1.828600 3.371719
1.782020 3.429454
1.729532 3.487260
1.670251 3.544704
1.603190 3.601239
1.527249 3.656179
1.441211 3.708671
1.343745 3.757660
1.233413 3.801851
1.108684 3.839672
0.967971 3.869229
0.809688 3.888273
0.632324 3.894176
0.434568 3.883928
0.215461 3.854171
-0.025403 3.801290
-0.287648 3.721575
-0.569863 3.611474
-0.869380 3.467941
-1.182120 3.288854
-1.502577 3.073472
-1.824007 2.822831
-2.138832 2.539984
-2.439256 2.230003
-2.717977 1.899668
-2.968879 1.556900
-3.187553 1.210018
-3.371553 0.866984
-3.520363 0.534774
-3.635138 0.218972
-3.718295 -0.076403
-3.773068 -0.348850
-3.803098 -0.597204
-3.812104 -0.821374
-3.803650 -1.022074
-3.780997 -1.200564
-3.747028 -1.358440
-3.704232 -1.497473
-3.654706 -1.619482
-3.600195 -1.726253
-3.542127 -1.819491
-3.481658 -1.900779
-3.419716 -1.971571
-3.357035 -2.033185
-3.294195 -2.086804
-3.231646 -2.133485
-3.169733 -2.174169
-3.108719 -2.209688
-3.048800 -2.240779
-2.990118 -2.268094
-2.932776 -2.292205
-2.876839 -2.313620
-2.822349 -2.332786
-2.769329 -2.350097
-2.717784 -2.365903
-2.667708 -2.380512
-2.619086 -2.394196
-2.571895 -2.407198
-2.526110 -2.419732
-2.481699 -2.431989
-2.438628 -2.444138
-2.396863 -2.456330
-2.356368 -2.468701
-2.317104 -2.481371
-2.279035 -2.494448
-2.242122 -2.508028
-2.206326 -2.522199
-2.171608 -2.537039
-2.137929 -2.552619
-2.105249 -2.569002
-2.073527 -2.586246
-2.042721 -2.604403
-2.012788 -2.623522
-1.983683 -2.643646
-1.955361 -2.664814
-1.927771 -2.687062
-1.900862 -2.710424
-1.874580 -2.734930
-1.848864 -2.760607
-1.823653 -2.787480
-1.798877 -2.815571
-1.774463 -2.844901
-1.750329 -2.875486
-1.726387 -2.907342
-1.702540 -2.940480
-1.678681 -2.974908
-1.654692 -3.010631
-1.630442 -3.047648
-1.605788 -3.085955
-1.580567 -3.125539
-1.554603 -3.166380
-1.527695 -3.208451
-1.499623 -3.251710
-1.470137 -3.296104
-1.438962 -3.341562
-1.405788 -3.387991
-1.370267 -3.435276
-1.332012 -3.483268
-1.290589 -3.531782
-1.245510 -3.580587
-1.196233 -3.629396
-1.142149 -3.677854
-1.082582 -3.725523
-1.016781 -3.771866
-0.943913 -3.816226
-0.863063 -3.857799
-0.773232 -3.895610
-0.673342 -3.928481
-0.562244 -3.954994
-0.438740 -3.973455
-0.301614 -3.981862
-0.149685 -3.977873
0.018124 -3.958787
0.202679 -3.921551
0.404510 -3.862801
0.623639 -3.778957
0.859393 -3.666386
1.110202 -3.521656
1.373418 -3.341881
1.645195 -3.125137
1.920491 -2.870923
2.193234 -2.580567
2.456682 -2.257495
2.703963 -1.907246
2.928717 -1.537183
3.125712 -1.155911
3.291332 -0.772494
3.423800 -0.395628
3.523154 -0.032932
3.590981 0.309527
3.630021 0.627439
3.643726 0.918219
3.635859 1.180799
3.610174 1.415329
3.570194 1.622859
3.519076 1.805042
3.459557 1.963885
3.393942 2.101561
3.324127 2.220269
3.251645 2.322141
3.177712 2.409182
3.103275 2.483242
3.029063 2.546001
2.955624 2.598965
2.883363 2.643477
2.812569 2.680726
2.743442 2.711759
2.676112 2.737498
2.610656 2.758749
2.547108 2.776222
2.485472 2.790535
2.425730 2.802231
2.367844 2.811785
2.311767 2.819614
2.257443 2.826083
2.204811 2.831513
2.153806 2.836184
2.104362 2.840346
2.056413 2.844216
2.009892 2.847986
1.964734 2.851827
1.920878 2.855889
1.878260 2.860305
1.836822 2.865193
1.796505 2.870658
1.757253 2.876792
1.719011 2.883680
1.681726 2.891393
1.645346 2.899999
1.609819 2.909555
1.575095 2.920113
1.541122 2.931720
1.507851 2.944417
1.475228 2.958240
1.443203 2.973223
1.411721 2.989392
1.380726 3.006773
1.350160 3.025386
1.319961 3.045250
1.290065 3.066380
1.260403 3.088785
1.230900 3.112474
1.201478 3.137450
1.172048 3.163714
1.142519 3.191261
1.112786 3.220082
1.082740 3.250163
1.052257 3.281482
1.021201 3.314011
0.989426 3.347714
0.956765 3.382543
0.923039 3.418441
0.888046 3.455332
0.851563 3.493128
0.813345 3.531718
0.773116 3.570967
0.730573 3.610712
0.685379 3.650754
0.637159 3.690852
0.585499 3.730715
0.529938 3.769992
0.469969 3.808260
0.405033 3.845007
0.334517 3.879621
0.257751 3.911365
0.174009 3.939355
0.082514 3.962536
-0.017560 3.979652
-0.127068 3.989213
-0.246880 3.989466
-0.377842 3.978360
-0.520733 3.953525
-0.676198 3.912257
-0.844660 3.851530
-1.026211 3.768040
-1.220472 3.658296
-1.426445 3.518785
-1.642354 3.346218
-1.865510 3.137859
-2.092232 2.891938
-2.317870 2.608103
-2.536972 2.287836
-2.743612 1.934746
-2.931875 1.554619
-3.096424 1.155164
-3.233051 0.745446
-3.339095 0.335084
-3.413636 -0.066626
-3.457435 -0.451496
-3.472663 -0.812993
-3.462498 -1.146503
-3.430685 -1.449317
-3.381147 -1.720413
-3.317676 -1.960133
-3.243731 -2.169817
-3.162328 -2.351469
-3.076000 -2.507472
-2.986810 -2.640369
-2.896392 -2.752709
-2.806007 -2.846938
-2.716601 -2.925340
-2.628863 -2.990003
-2.543276 -3.042806
-2.460159 -3.085423
-2.379709 -3.119334
-2.302025 -3.145836
-2.227135 -3.166064
-2.155014 -3.181010
-2.085602 -3.191535
-2.018810 -3.198386
-1.954531 -3.202216
-1.892651 -3.203588
-1.833047 -3.202994
-1.775595 -3.200861
-1.720170 -3.197560
-1.666653 -3.193414
-1.614924 -3.188706
-1.564871 -3.183682
-1.516386 -3.178557
-1.469366 -3.173519
-1.423714 -3.168734
-1.379336 -3.164344
-1.336145 -3.160479
-1.294060 -3.157248
-1.253002 -3.154750
-1.212895 -3.153071
-1.173671 -3.152287
-1.135261 -3.152464
-1.097602 -3.153660
-1.060630 -3.155927
-1.024285 -3.159309
-0.988508 -3.163846
-0.953243 -3.169570
-0.918430 -3.176510
-0.884013 -3.184690
-0.849934 -3.194130
-0.816135 -3.204847
-0.782554 -3.216851
-0.749130 -3.230150
-0.715797 -3.244750
-0.682488 -3.260649
-0.649130 -3.277844
-0.615646 -3.296327
-0.581955 -3.316083
-0.547969 -3.337094
-0.513591 -3.359335
-0.478720 -3.382775
-0.443242 -3.407374
-0.407037 -3.433084
-0.369969 -3.459847
-0.331893 -3.487593
-0.292649 -3.516237
-0.252061 -3.545679
-0.209935 -3.575799
-0.166059 -3.606454
-0.120199 -3.637476
-0.072098 -3.668664
-0.021475 -3.699780
0.031982 -3.730540
0.088611 -3.760610
0.148783 -3.789591
0.212904 -3.817012
0.281411 -3.842313
0.354779 -3.864831
0.433513 -3.883780
0.518152 -3.898231
0.609255 -3.907088
0.707399 -3.909061
0.813156 -3.902640
0.927075 -3.886062
1.049650 -3.857289
1.181269 -3.813985
1.322162 -3.753512
1.472324 -3.672937
1.631416 -3.569080
1.798660 -3.438605
1.972719 -3.278172
2.151579 -3.084672
2.332459 -2.855538
2.511771 -2.589138
2.685174 -2.285214
2.847751 -1.945300
2.994327 -1.573031
3.119911 -1.174236
3.220206 -0.756729
3.292092 -0.329783
3.333982 0.096661
3.345955 0.512896
3.329654 0.910298
3.287985 1.281943
3.224693 1.622934
3.143916 1.930424
3.049797 2.203405
2.946196 2.442362
2.836506 2.648878
2.723575 2.825258
2.609692 2.974214
2.496630 3.098618
2.385704 3.201322
2.277850 3.285050
2.173692 3.352326
2.073612 3.405439
1.977803 3.446436
1.886321 3.477125
1.799120 3.499092
1.716081 3.513717
1.637036 3.522199
1.561789 3.525573
1.490122 3.524733
1.421813 3.520449
1.356635 3.513385
1.294366 3.504113
1.234793 3.493126
1.177707 3.480846
1.122915 3.467642
1.070232 3.453828
1.019484 3.439677
0.970510 3.425427
0.923158 3.411281
0.877288 3.397417
0.832770 3.383989
0.789482 3.371129
0.747310 3.358955
0.706150 3.347565
0.665903 3.337049
0.626478 3.327482
0.587788 3.318928
0.549754 3.311446
0.512299 3.305084
0.475350 3.299884
0.438840 3.295881
0.402701 3.293105
0.366870 3.291581
0.331284 3.291328
0.295883 3.292362
0.260605 3.294693
0.225391 3.298329
0.190179 3.303271
0.154907 3.309518
0.119512 3.317064
0.083927 3.325899
0.048084 3.336008
0.011912 3.347371
-0.024667 3.359962
-0.061732 3.373749
-0.099370 3.388695
-0.137673 3.404753
-0.176741 3.421867
-0.216681 3.439974
-0.257609 3.458998
-0.299650 3.478848
-0.342941 3.499421
-0.387631 3.520594
-0.433881 3.542224
-0.481867 3.564145
-0.531779 3.586162
-0.583824 3.608046
-0.638228 3.629532
-0.695234 3.650307
-0.755104 3.670007
-0.818120 3.688204
-0.884583 3.704397
-0.954813 3.717999
-1.029146 3.728323
-1.107930 3.734563
-1.191520 3.735776
-1.280268 3.730861
-1.374513 3.718536
-1.474561 3.697311
-1.580660 3.665466
-1.692968 3.621030
-1.811515 3.561759
-1.936142 3.485138
-2.066439 3.388393
-2.201664 3.268533
-2.340656 3.122438
-2.481744 2.947001
-2.622661 2.739343
-2.760497 2.497099
-2.891695 2.218789
-3.012141 1.904232
-3.117354 1.554948
-3.202809 1.174484
-3.264356 0.768540
-3.298688 0.344814
-3.303772 -0.087466
-3.279138 -0.518293
-3.225956 -0.937787
-3.146875 -1.337072
-3.045673 -1.708960
-2.926789 -2.048343
-2.794867 -2.352256
-2.654352 -2.619694
-2.509221 -2.851252
-2.362822 -3.048711
-2.217827 -3.214626
-2.076261 -3.351985
-1.939566 -3.463932
-1.808697 -3.553576
-1.684215 -3.623866
-1.566379 -3.677517
-1.455221 -3.716975
-1.350608 -3.744412
-1.252296 -3.761731
-1.159969 -3.770587
-1.073266 -3.772410
-0.991804 -3.768428
-0.915197 -3.759697
-0.843060 -3.747117
-0.775024 -3.731458
-0.710735 -3.713375
-0.649859 -3.693430
-0.592084 -3.672100
-0.537118 -3.649791
-0.484693 -3.626853
-0.434558 -3.603583
-0.386484 -3.580234
-0.340262 -3.557023
-0.295696 -3.534137
-0.252609 -3.511735
-0.210838 -3.489953
-0.170232 -3.468907
-0.130654 -3.448699
-0.091976 -3.429413
-0.054083 -3.411122
-0.016866 -3.393889
0.019774 -3.377765
0.055931 -3.362797
0.091692 -3.349020
0.127136 -3.336465
0.162341 -3.325158
0.197379 -3.315117
0.232318 -3.306357
0.267224 -3.298888
0.302162 -3.292716
0.337193 -3.287842
0.372378 -3.284264
0.407778 -3.281975
0.443453 -3.280963
0.479465 -3.281214
0.515875 -3.282707
0.552747 -3.285418
0.590148 -3.289317
0.628145 -3.294366
0.666811 -3.300524
0.706221 -3.307741
0.746455 -3.315958
0.787597 -3.325108
0.829740 -3.335112
0.872979 -3.345881
0.917418 -3.357312
0.963168 -3.369283
1.010349 -3.381657
1.059089 -3.394275
1.109524 -3.406953
1.161802 -3.419478
1.216079 -3.431605
1.272522 -3.443051
1.331308 -3.453488
1.392624 -3.462534
1.456663 -3.469748
1.523627 -3.474620
1.593720 -3.476554
1.667147 -3.474861
1.744106 -3.468742
1.824780 -3.457269
1.909329 -3.439368
1.997870 -3.413799
2.090464 -3.379135
2.187083 -3.333740
2.287586 -3.275755
2.391671 -3.203081
2.498831 -3.113379
2.608289 -3.004089
2.718939 -2.872469
2.829268 -2.715674
2.937291 -2.530887
3.040497 -2.315511
3.135828 -2.067434
3.219716 -1.785361
3.288195 -1.469193
3.337124 -1.120419
3.362512 -0.742426
3.360929 -0.340659
3.329957 0.077485
3.268578 0.503053
3.177416 0.926236
3.058756 1.337233
2.916323 1.727145
2.754863 2.088699
2.579632 2.416691
2.395884 2.708107
2.208464 2.961961
2.021532 3.178949
1.838433 3.361013
1.661680 3.510914
1.493021 3.631860
1.333549 3.727209
1.183827 3.800267
1.044008 3.854149
0.913948 3.891706
0.793293 3.915487
0.681555 3.927735
0.578162 3.930404
0.482505 3.925175
0.393962 3.913487
0.311919 3.896566
0.235788 3.875451
0.165008 3.851023
0.099056 3.824023
0.037445 3.795081
-0.020274 3.764722
-0.074512 3.733393
-0.125648 3.701469
-0.174024 3.669266
-0.219955 3.637049
-0.263724 3.605043
-0.305592 3.573437
-0.345792 3.542389
-0.384538 3.512034
-0.422025 3.482484
-0.458430 3.453832
-0.493912 3.426160
-0.528618 3.399531
-0.562683 3.374002
-0.596229 3.349617
-0.629367 3.326414
-0.662202 3.304421
-0.694828 3.283662
-0.727334 3.264155
-0.759802 3.245912
-0.792309 3.228941
-0.824927 3.213245
-0.857724 3.198825
-0.890766 3.185675
-0.924114 3.173788
-0.957830 3.163151
-0.991971 3.153749
-1.026596 3.145562
-1.061762 3.138565
-1.097525 3.132730
-1.133945 3.128023
-1.171079 3.124405
-1.208987 3.121830
-1.247732 3.120248
-1.287376 3.119598
-1.327987 3.119813
-1.369634 3.120816
-1.412389 3.122519
-1.456330 3.124822
-1.501538 3.127611
-1.548096 3.130755
-1.596096 3.134107
-1.645630 3.137496
-1.696798 3.140729
-1.749702 3.143586
-1.804450 3.145811
-1.861152 3.147115
-1.919921 3.147164
-1.980868 3.145575
-2.044106 3.141907
-2.109740 3.135655
-2.177868 3.126235
-2.248571 3.112976
-2.321909 3.095108
-2.397910 3.071742
-2.476556 3.041861
-2.557768 3.004297
-2.641386 2.957718
-2.727139 2.900611
-2.814619 2.831264
-2.903238 2.747766
-2.992181 2.648002
-3.080359 2.529670
-3.166344 2.390326
-3.248319 2.227452
-3.324025 2.038572
-3.390727 1.821429
-3.445226 1.574211
-3.483915 1.295852
-3.502926 0.986373
-3.498368 0.647238
-3.466664 0.281652
-3.404972 -0.105274
-3.311622 -0.506574
-3.186484 -0.913766
-3.031186 -1.317472
-2.849081 -1.708234
-2.644972 -2.077376
-2.424624 -2.417752
-2.194188 -2.724229
-1.959629 -2.993851
-1.726284 -3.225710
-1.498576 -3.420617
-1.279903 -3.580663
-1.072651 -3.708777
-0.878306 -3.808335
-0.697607 -3.882854
-0.530705 -3.935770
-0.377326 -3.970304
-0.236898 -3.989374
-0.108658 -3.995574
0.008264 -3.991164
0.114783 -3.978091
0.211820 -3.958014
0.300272 -3.932338
0.380990 -3.902245
0.454775 -3.868726
0.522366 -3.832607
0.584445 -3.794577
0.641631 -3.755209
0.694489 -3.714978
0.743530 -3.674277
0.789216 -3.633433
0.831962 -3.592715
0.872142 -3.552344
0.910096 -3.512505
0.946126 -3.473348
0.980505 -3.434997
1.013480 -3.397552
1.045274 -3.361096
1.076086 -3.325696
1.106097 -3.291404
1.135470 -3.258263
1.164355 -3.226307
1.192885 -3.195559
1.221184 -3.166038
1.249361 -3.137758
1.277520 -3.110724
1.305755 -3.084940
1.334151 -3.060406
1.362788 -3.037116
1.391740 -3.015061
1.421076 -2.994231
1.450862 -2.974611
1.481158 -2.956183
1.512022 -2.938925
1.543512 -2.922813
1.575680 -2.907818
1.608579 -2.893908
1.642260 -2.881047
1.676774 -2.869192
1.712171 -2.858298
1.748502 -2.848312
1.785817 -2.839175
1.824169 -2.830820
1.863609 -2.823174
1.904191 -2.816152
1.945970 -2.809660
1.989001 -2.803591
2.033343 -2.797826
2.079055 -2.792228
2.126196 -2.786645
2.174827 -2.780903
2.225010 -2.774805
2.276805 -2.768128
2.330272 -2.760618
2.385467 -2.751988
2.442441 -2.741908
2.501240 -2.730006
2.561896 -2.715854
2.624430 -2.698966
2.688838 -2.678785
2.755094 -2.654679
2.823132 -2.625921
2.892842 -2.591687
2.964049 -2.551036
3.036504 -2.502899
3.109854 -2.446066
3.183623 -2.379172
3.257175 -2.300691
3.329679 -2.208927
3.400069 -2.102023
3.466990 -1.977974
3.528756 -1.834672
3.583301 -1.669965
3.628138 -1.481764
3.660355 -1.268194
3.676631 -1.027795
3.673323 -0.759781
3.646625 -0.464339
3.592827 -0.142943
3.508667 0.201375
3.391752 0.563858
3.241000 0.938052
3.057012 1.316086
2.842267 1.689208
2.601071 2.048534
2.339240 2.385864
2.063546 2.694412
1.781063 2.969314
1.498535 3.207817
1.221870 3.409193
0.955836 3.574414
0.703948 3.705733
0.468516 3.806227
0.250791 3.879401
0.051169 3.928876
-0.130606 3.958157
-0.295246 3.970500
-0.443763 3.968829
-0.577342 3.955712
-0.697243 3.933365
-0.804740 3.903670
-0.901072 3.868212
-0.987413 3.828313
-1.064861 3.785069
-1.134426 3.739381
-1.197028 3.691991
-1.253502 3.643503
-1.304601 3.594409
-1.351000 3.545110
-1.393304 3.495926
-1.432055 3.447118
-1.467735 3.398895
-1.500778 3.351421
-1.531566 3.304828
-1.560446 3.259219
-1.587724 3.214673
-1.613673 3.171253
-1.638541 3.129004
-1.662547 3.087958
-1.685889 3.048140
-1.708742 3.009563
-1.731268 2.972236
-1.753609 2.936161
-1.775895 2.901335
-1.798244 2.867750
-1.820761 2.835398
-1.843543 2.804265
-1.866679 2.774335
-1.890249 2.745590
-1.914328 2.718009
-1.938983 2.691569
-1.964277 2.666245
-1.990271 2.642010
-2.017018 2.618832
-2.044570 2.596680
-2.072977 2.575516
-2.102285 2.555300
-2.132537 2.535990
-2.163778 2.517537
-2.196049 2.499889
-2.229390 2.482989
-2.263841 2.466770
-2.299440 2.451164
-2.336225 2.436090
-2.374234 2.421461
-2.413503 2.407179
-2.454069 2.393135
-2.495966 2.379208
-2.539229 2.365259
-2.583888 2.351136
-2.629973 2.336668
-2.677509 2.321659
-2.726519 2.305892
-2.777016 2.289122
-2.829008 2.271069
-2.882489 2.251422
-2.937443 2.229824
-2.993833 2.205874
-3.051599 2.179117
-3.110655 2.149038
-3.170874 2.115053
-3.232084 2.076501
-3.294054 2.032634
-3.356478 1.982608
-3.418962 1.925472
-3.480995 1.860157
-3.541929 1.785471
-3.600944 1.700091
-3.657018 1.602564
-3.708882 1.491312
-3.754979 1.364655
-3.793425 1.220844
-3.821965 1.058124
-3.837953 0.874823
-3.838346 0.669485
-3.819745 0.441042
-3.778488 0.189034
-3.710828 -0.086133
-3.613192 -0.382927
-3.482550 -0.698443
-3.316836 -1.028265
-3.115404 -1.366477
-2.879399 -1.705894
-2.611968 -2.038529
-2.318201 -2.356265
-2.004790 -2.651599
-1.679429 -2.918343
-1.350093 -3.152112
-1.024319 -3.350540
-0.708641 -3.513205
-0.408237 -3.641331
-0.126810 -3.737368
0.133354 -3.804549
0.371193 -3.846484
0.586626 -3.866852
0.780300 -3.869172
0.953357 -3.856669
1.107247 -3.832205
1.243575 -3.798256
1.363996 -3.756926
1.470139 -3.709972
1.563560 -3.658849
1.645711 -3.604745
1.717928 -3.548622
1.781426 -3.491257
1.837301 -3.433266
1.886534 -3.375141
1.930003 -3.317267
1.968485 -3.259944
2.002673 -3.203403
2.033180 -3.147822
2.060549 -3.093331
2.085262 -3.040029
2.107743 -2.987982
2.128372 -2.937238
2.147481 -2.887824
2.165369 -2.839756
2.182300 -2.793036
2.198507 -2.747661
2.214200 -2.703619
2.229565 -2.660893
2.244770 -2.619463
2.259962 -2.579306
2.275275 -2.540396
2.290829 -2.502705
2.306732 -2.466205
2.323081 -2.430864
2.339964 -2.396653
2.357460 -2.363538
2.375642 -2.331487
2.394574 -2.300464
2.414318 -2.270434
2.434927 -2.241359
2.456453 -2.213201
2.478942 -2.185918
2.502436 -2.159466
2.526976 -2.133801
2.552598 -2.108872
2.579338 -2.084627
2.607227 -2.061008
2.636295 -2.037953
2.666570 -2.015396
2.698078 -1.993261
2.730842 -1.971469
2.764886 -1.949930
2.800227 -1.928546
2.836882 -1.907209
2.874865 -1.885797
2.914186 -1.864178
2.954850 -1.842203
2.996856 -1.819705
3.040197 -1.796500
3.084860 -1.772380
3.130817 -1.747113
3.178031 -1.720439
3.226448 -1.692068
3.275995 -1.661670
3.326576 -1.628880
3.378062 -1.593283
3.430293 -1.554415
3.483059 -1.511755
3.536098 -1.464716
3.589081 -1.412642
3.641594 -1.354797
3.693125 -1.290362
3.743039 -1.218426
3.790554 -1.137980
3.834711 -1.047922
3.874343 -0.947052
3.908035 -0.834089
3.934090 -0.707688
3.950486 -0.566476
3.954852 -0.409107
3.944443 -0.234346
3.916154 -0.041176
3.866559 0.171048
3.792017 0.402422
3.688852 0.652276
3.553616 0.918959
3.383454 1.199640
3.176535 1.490196
2.932504 1.785222
2.652878 2.078240
2.341264 2.362104
2.003329 2.629594
1.646449 2.874087
1.279095 3.090197
0.910043 3.274234
0.547590 3.424410
0.198904 3.540770
-0.130384 3.624904
-0.436330 3.679532
-0.716610 3.708073
-0.970302 3.714242
-1.197599 3.701747
-1.399509 3.674074
-1.577582 3.634358
-1.733687 3.585333
-1.869838 3.529316
-1.988071 3.468234
-2.090360 3.403659
-2.178565 3.336855
-2.254404 3.268825
-2.319441 3.200353
-2.375082 3.132047
-2.422585 3.064366
-2.463066 2.997656
-2.497513 2.932168
-2.526796 2.868081
-2.551682 2.805516
-2.572846 2.744549
-2.590879 2.685223
-2.606302 2.627553
-2.619573 2.571535
-2.631095 2.517149
-2.641221 2.464366
-2.650264 2.413147
-2.658500 2.363450
-2.666171 2.315226
-2.673493 2.268428
-2.680657 2.223004
-2.687830 2.178904
-2.695164 2.136077
-2.702791 2.094472
-2.710831 2.054041
-2.719389 2.014734
-2.728561 1.976504
-2.738431 1.939303
-2.749075 1.903084
-2.760561 1.867802
-2.772950 1.833409
-2.786298 1.799861
-2.800654 1.767110
-2.816062 1.735110
-2.832562 1.703812
-2.850191 1.673166
-2.868981 1.643120
-2.888961 1.613621
-2.910156 1.584613
-2.932588 1.556033
-2.956278 1.527819
-2.981242 1.499902
-3.007493 1.472206
-3.035041 1.444651
-3.063893 1.417149
-3.094051 1.389605
-3.125515 1.361913
-3.158277 1.333959
-3.192325 1.305613
-3.227642 1.276737
-3.264199 1.247175
-3.301961 1.216754
-3.340880 1.185283
-3.380895 1.152550
-3.421931 1.118319
-3.463889 1.082326
-3.506650 1.044278
-3.550066 1.003849
-3.593953 0.960675
-3.638088 0.914349
-3.682196 0.864422
-3.725941 0.810390
-3.768917 0.751696
-3.810627 0.687723
-3.850471 0.617791
-3.887720 0.541153
-3.921498 0.456995
-3.950749 0.364438
-3.974210 0.262543
-3.990374 0.150329
-3.997461 0.026787
-3.993380 -0.109077
-3.975707 -0.258196
-3.941672 -0.421369
-3.888171 -0.599162
-3.811817 -0.791786
-3.709040 -0.998948
-3.576270 -1.219676
-3.410193 -1.452147
-3.208107 -1.693543
-2.968349 -1.939963
-2.690746 -2.186458
-2.377025 -2.427223
-2.031058 -2.655966
-1.658860 -2.866427
-1.268266 -3.052983
-0.868317 -3.211213
-0.468434 -3.338311
-0.077573 -3.433256
0.296506 -3.496730
0.647717 -3.530827
0.971839 -3.538641
1.266465 -3.523834
1.530759 -3.490248
1.765142 -3.441612
1.970940 -3.381344
2.150075 -3.312446
2.304806 -3.237463
2.437528 -3.158492
2.550633 -3.077217
2.646418 -2.994966
2.727024 -2.912756
2.794415 -2.831353
2.850357 -2.751318
2.896433 -2.673049
2.934039 -2.596813
2.964408 -2.522779
2.988621 -2.451040
3.007625 -2.381632
3.022244 -2.314546
3.033200 -2.249743
3.041120 -2.187164
3.046553 -2.126731
3.049976 -2.068360
3.051807 -2.011957
3.052411 -1.957428
3.052105 -1.904678
3.051170 -1.853613
3.049850 -1.804139
3.048359 -1.756167
3.046887 -1.709611
3.045600 -1.664388
3.044644 -1.620418
3.044148 -1.577626
3.044226 -1.535940
3.044979 -1.495291
3.046497 -1.455612
3.048858 -1.416841
3.052132 -1.378916
3.056381 -1.341779
3.061660 -1.305372
3.068017 -1.269640
3.075495 -1.234528
3.084132 -1.199980
3.093959 -1.165942
3.105005 -1.132359
3.117294 -1.099176
3.130846 -1.066333
3.145679 -1.033773
3.161804 -1.001432
3.179231 -0.969246
3.197965 -0.937147
3.218007 -0.905059
3.239355 -0.872906
3.262001 -0.840603
3.285932 -0.808058
3.311132 -0.775173
3.337574 -0.741840
3.365229 -0.707940
3.394054 -0.673346
3.424001 -0.637915
3.455009 -0.601492
3.487001 -0.563906
3.519889 -0.524968
3.553561 -0.484469
3.587886 -0.442181
3.622705 -0.397849
3.657830 -0.351193
3.693031 -0.301904
3.728037 -0.249639
3.762523 -0.194024
3.796099 -0.134645
3.828301 -0.071048
3.858574 -0.002740
3.886256 0.070817
3.910559 0.150203
3.930546 0.236039
3.945107 0.328979
3.952928 0.429704
3.952462 0.538903
3.941903 0.657252
3.919151 0.785379
3.881796 0.923814
3.827111 1.072927
3.752063 1.232846
3.653367 1.403348
3.527588 1.583741
3.371309 1.772728
3.181378 1.968279
2.955252 2.167522
2.691401 2.366708
2.389763 2.561263
2.052147 2.745987
1.682512 2.915391
1.287002 3.064180
0.873669 3.187779
0.451879 3.282835
0.031490 3.347567
-0.378046 3.381886
-0.768477 3.387278
-1.133306 3.366490
-1.468037 3.323108
-1.770149 3.261124
-2.038855 3.184553
-2.274749 3.097159
-2.479432 3.002282
-2.655150 2.902753
-2.804511 2.800882
-2.930250 2.698489
-3.035082 2.596965
-3.121587 2.497328
-3.192159 2.400302
-3.248971 2.306364
-3.293968 2.215808
-3.328873 2.128784
-3.355201 2.045336
-3.374274 1.965427
-3.387244 1.888968
-3.395110 1.815830
-3.398738 1.745861
-3.398877 1.678893
-3.396175 1.614750
-3.391192 1.553257
-3.384414 1.494238
-3.376260 1.437522
-3.367094 1.382946
-3.357231 1.330353
-3.346946 1.279595
-3.336477 1.230531
-3.326031 1.183030
-3.315788 1.136968
-3.305907 1.092230
-3.296525 1.048707
-3.287761 1.006297
-3.279722 0.964907
-3.272499 0.924447
-3.266172 0.884832
-3.260812 0.845986
-3.256481 0.807832
-3.253230 0.770301
-3.251108 0.733324
-3.250153 0.696836
-3.250400 0.660775
-3.251879 0.625079
-3.254613 0.589689
-3.258621 0.554545
-3.263920 0.519587
-3.270520 0.484756
-3.278429 0.449990
-3.287650 0.415228
-3.298182 0.380405
-3.310018 0.345453
-3.323151 0.310303
-3.337564 0.274879
-3.353237 0.239103
-3.370145 0.202890
-3.388254 0.166149
-3.407525 0.128782
-3.427910 0.090684
-3.449349 0.051739
-3.471774 0.011824
-3.495102 -0.029198
-3.519236 -0.071475
-3.544061 -0.115170
-3.569440 -0.160458
-3.595215 -0.207533
-3.621197 -0.256607
-3.647166 -0.307910
-3.672860 -0.361694
-3.697973 -0.418232
-3.722144 -0.477824
-3.744946 -0.540791
-3.765880 -0.607481
-3.784352 -0.678265
-3.799669 -0.753540
-3.811011 -0.833720
-3.817416 -0.919239
-3.817755 -1.010532
-3.810707 -1.108034
-3.794734 -1.212154
-3.768053 -1.323251
-3.728615 -1.441607
-3.674084 -1.567371
-3.601837 -1.700510
-3.508981 -1.840730
-3.392401 -1.987395
-3.248855 -2.139424
-3.075137 -2.295189
-2.868305 -2.452424
-2.625995 -2.608164
-2.346817 -2.758738
-2.030773 -2.899860
-1.679671 -3.026838
-1.297418 -3.134904
-0.890092 -3.219663
-0.465724 -3.277574
-0.033751 -3.306384
0.395782 -3.305417
0.813137 -3.275635
1.209729 -3.219468
1.578746 -3.140460
1.915462 -3.042821
2.217245 -2.930970
2.483328 -2.809170
2.714444 -2.681256
2.912415 -2.550496
3.079766 -2.419533
3.219399 -2.290410
3.334343 -2.164630
3.427584 -2.043235
3.501945 -1.926893
3.560023 -1.815977
3.604164 -1.710638
3.636449 -1.610861
3.658709 -1.516515
3.672541 -1.427388
3.679327 -1.343216
3.680261 -1.263705
3.676370 -1.188546
3.668538 -1.117427
3.657519 -1.050040
3.643964 -0.986088
3.628427 -0.925285
3.611385 -0.867363
3.593248 -0.812068
3.574366 -0.759164
3.555040 -0.708431
3.535529 -0.659666
3.516058 -0.612680
3.496816 -0.567299
3.477972 -0.523361
3.459666 -0.480719
3.442023 -0.439236
3.425148 -0.398784
3.409135 -0.359249
3.394061 -0.320520
3.379996 -0.282499
3.366997 -0.245090
3.355116 -0.208208
3.344394 -0.171770
3.334867 -0.135700
3.326566 -0.099924
3.319515 -0.064373
3.313734 -0.028979
3.309237 0.006320
3.306034 0.041588
3.304133 0.076886
3.303534 0.112276
3.304236 0.147819
3.306233 0.183575
3.309512 0.219608
3.314061 0.255981
3.319856 0.292761
3.326875 0.330016
3.335084 0.367820
3.344446 0.406248
3.354915 0.445381
3.366440 0.485305
3.378956 0.526113
3.392391 0.567902
3.406660 0.610779
3.421664 0.654859
3.437288 0.700264
3.453399 0.747127
3.469841 0.795592
3.486436 0.845814
3.502973 0.897959
3.519210 0.952208
3.534866 1.008754
3.549611 1.067802
3.563064 1.129572
3.574778 1.194296
3.584235 1.262220
3.590829 1.333594
3.593854 1.408679
3.592489 1.487732
3.585775 1.571006
3.572602 1.658735
3.551678 1.751119
3.521517 1.848307
3.480406 1.950371
3.426394 2.057268
3.357275 2.168802
3.270591 2.284568
3.163644 2.403889
3.033551 2.525745
2.877327 2.648689
2.692035 2.770778
2.474992 2.889507
2.224061 3.001785
1.938008 3.103964
1.616900 3.191964
1.262499 3.261496
0.878559 3.308402
0.470943 3.329083
0.047451 3.320952
-0.382654 3.282818
-0.809405 3.215121
-1.223024 3.119933
-1.614797 3.000726
-1.977748 2.861959
-2.307012 2.708585
-2.599887 2.545566
-2.855629 2.377495
-3.075085 2.208337
-3.260259 2.041316
-3.413902 1.878892
-3.539156 1.722825
-3.639290 1.574268
-3.717502 1.433880
-3.776802 1.301935
-3.819942 1.178422
-3.849386 1.063123
-3.867307 0.955685
-3.875600 0.855663
-3.875902 0.762567
-3.869621 0.675883
-3.857959 0.595096
-3.841942 0.519704
-3.822441 0.449224
-3.800197 0.383202
-3.775837 0.321209
-3.749894 0.262850
-3.722820 0.207758
-3.694996 0.155595
-3.666749 0.106051
-3.638352 0.058844
-3.610040 0.013714
-3.582012 -0.029575
-3.554436 -0.071239
-3.527456 -0.111474
-3.501194 -0.150461
-3.475753 -0.188364
-3.451220 -0.225332
-3.427671 -0.261503
-3.405167 -0.297002
-3.383762 -0.331946
-3.363499 -0.366440
-3.344416 -0.400584
-3.326541 -0.434469
-3.309898 -0.468179
-3.294506 -0.501795
-3.280378 -0.535391
-3.267523 -0.569038
-3.255945 -0.602802
-3.245646 -0.636750
-3.236622 -0.670943
-3.228866 -0.705443
-3.222365 -0.740308
-3.217105 -0.775599
-3.213066 -0.811375
-3.210223 -0.847695
-3.208546 -0.884620
-3.208000 -0.922213
-3.208544 -0.960538
-3.210131 -0.999661
-3.212705 -1.039652
-3.216201 -1.080583
-3.220547 -1.122533
-3.225658 -1.165582
-3.231437 -1.209815
-3.237773 -1.255326
-3.244539 -1.302210
-3.251588 -1.350570
-3.258754 -1.400517
-3.265843 -1.452166
-3.272634 -1.505638
-3.278872 -1.561064
-3.284265 -1.618578
-3.288473 -1.678319
-3.291108 -1.740432
-3.291720 -1.805062
-3.289787 -1.872354
-3.284711 -1.942448
-3.275797 -2.015473
-3.262243 -2.091544
-3.243125 -2.170746
-3.217377 -2.253126
-3.183774 -2.338673
-3.140913 -2.427303
-3.087195 -2.518824
-3.020809 -2.612911
-2.939725 -2.709056
-2.841695 -2.806529
-2.724273 -2.904312
-2.584858 -3.001046
-2.420779 -3.094962
-2.229421 -3.183828
-2.008418 -3.264916
-1.755909 -3.334998
-1.470855 -3.390417
-1.153410 -3.427227
-0.805283 -3.441447
-0.430030 -3.429405
-0.033190 -3.388169
0.377828 -3.315976
0.794156 -3.212601
1.206155 -3.079539
1.604266 -2.919960
1.979887 -2.738414
2.326070 -2.540355
2.637948 -2.331575
2.912835 -2.117684
3.150047 -1.903697
3.350542 -1.693783
3.516482 -1.491168
3.650800 -1.298152
3.756828 -1.116213
3.838011 -0.946141
3.897700 -0.788189
3.939030 -0.642212
3.964845 -0.507781
3.977672 -0.384285
3.979720 -0.271002
3.972898 -0.167156
3.958840 -0.071958
3.938934 0.015372
3.914356 0.095579
3.886095 0.169370
3.854982 0.237401
3.821715 0.300282
3.786878 0.358571
3.750959 0.412777
3.714365 0.463366
3.677437 0.510758
3.640461 0.555335
3.603672 0.597442
3.567269 0.637391
3.531416 0.675465
3.496251 0.711917
3.461887 0.746980
3.428419 0.780860
3.395925 0.813748
3.364469 0.845814
3.334104 0.877213
3.304872 0.908088
3.276806 0.938566
3.249934 0.968766
3.224276 0.998795
3.199846 1.028752
3.176655 1.058729
3.154707 1.088810
3.134004 1.119073
3.114544 1.149591
3.096320 1.180435
3.079322 1.211669
3.063538 1.243354
3.048950 1.275552
3.035538 1.308318
3.023279 1.341710
3.012142 1.375781
3.002097 1.410587
2.993104 1.446182
2.985120 1.482619
2.978097 1.519955
2.971978 1.558245
2.966700 1.597547
2.962191 1.637919
2.958369 1.679423
2.955142 1.722122
2.952406 1.766082
2.950040 1.811370
2.947912 1.858058
2.945867 1.906217
2.943731 1.955925
2.941306 2.007258
2.938365 2.060295
2.934652 2.115115
2.929871 2.171799
2.923686 2.230421
2.915712 2.291054
2.905508 2.353763
2.892569 2.418600
2.876317 2.485601
2.856088 2.554780
2.831123 2.626116
2.800552 2.699548
2.763382 2.774954
2.718478 2.852139
2.664554 2.930813
2.600153 3.010558
2.523643 3.090801
2.433204 3.170773
2.326839 3.249463
2.202394 3.325571
2.057594 3.397449
1.890126 3.463058
1.697749 3.519925
1.478460 3.565127
1.230724 3.595317
0.953750 3.606810
0.647821 3.595751
0.314614 3.558383
-0.042520 3.491407
-0.418416 3.392412
-0.806167 3.260312
-1.197470 3.095694
-1.583233 2.900988
-1.954368 2.680379
-2.302630 2.439466
-2.621326 2.184712
-2.905767 1.922812
-3.153405 1.660102
-3.363691 1.402108
-3.537726 1.153281
-3.677827 0.916910
-3.787078 0.695173
-3.868956 0.489287
-3.927022 0.299684
-3.964720 0.126204
-3.985240 -0.031736
-3.991456 -0.174995
-3.985892 -0.304598
-3.970735 -0.421650
-3.947853 -0.527273
-3.918823 -0.622567
-3.884971 -0.708583
-3.847402 -0.786304
-3.807034 -0.856643
-3.764626 -0.920436
-3.720804 -0.978443
-3.676082 -1.031352
-3.630882 -1.079785
-3.585550 -1.124300
-3.540367 -1.165399
-3.495564 -1.203532
-3.451326 -1.239102
-3.407805 -1.272471
-3.365121 -1.303961
-3.323372 -1.333863
-3.282636 -1.362438
-3.242972 -1.389918
-3.204429 -1.416515
-3.167041 -1.442417
-3.130836 -1.467795
-3.095833 -1.492802
-3.062043 -1.517577
-3.029474 -1.542248
