cos() sin()
6.610780 0.000000
6.610780 -0.000000
6.610780 -0.000002
6.610780 -0.000006
6.610781 -0.000013
6.610782 -0.000026
6.610783 -0.000045
6.610784 -0.000071
6.610785 -0.000106
6.610786 -0.000151
6.610788 -0.000207
6.610789 -0.000276
6.610791 -0.000358
6.610793 -0.000454
6.610795 -0.000567
6.610797 -0.000696
6.610799 -0.000844
6.610802 -0.001010
6.610805 -0.001197
6.610807 -0.001406
6.610810 -0.001637
6.610813 -0.001891
6.610816 -0.002171
6.610819 -0.002475
6.610823 -0.002806
6.610826 -0.003165
6.610829 -0.003552
6.610833 -0.003968
6.610837 -0.004415
6.610840 -0.004892
6.610844 -0.005401
6.610848 -0.005943
6.610851 -0.006519
6.610855 -0.007128
6.610859 -0.007772
6.610862 -0.008452
6.610866 -0.009168
6.610870 -0.009921
6.610873 -0.010711
6.610877 -0.011539
6.610880 -0.012405
6.610883 -0.013310
6.610886 -0.014255
6.610889 -0.015239
6.610891 -0.016263
6.610894 -0.017328
6.610896 -0.018434
6.610898 -0.019580
6.610899 -0.020768
6.610901 -0.021997
6.610902 -0.023268
6.610902 -0.024580
6.610902 -0.025935
6.610902 -0.027331
6.610901 -0.028769
6.610900 -0.030249
6.610898 -0.031770
6.610895 -0.033334
6.610892 -0.034939
6.610889 -0.036585
6.610884 -0.038273
6.610879 -0.040001
6.610873 -0.041771
6.610867 -0.043580
6.610859 -0.045430
6.610851 -0.047320
6.610842 -0.049249
6.610832 -0.051216
6.610821 -0.053223
6.610809 -0.055267
6.610795 -0.057348
6.610781 -0.059466
6.610766 -0.061621
6.610750 -0.063811
6.610732 -0.066036
6.610714 -0.068295
6.610694 -0.070588
6.610672 -0.072913
6.610650 -0.075271
6.610626 -0.077660
6.610601 -0.080079
6.610575 -0.082527
6.610547 -0.085005
6.610518 -0.087510
6.610487 -0.090042
6.610455 -0.092600
6.610421 -0.095183
6.610386 -0.097790
6.610349 -0.100420
6.610311 -0.103072
6.610272 -0.105744
6.610230 -0.108437
6.610188 -0.111149
6.610143 -0.113878
6.610098 -0.116624
6.610050 -0.119385
6.610001 -0.122161
6.609951 -0.124950
6.609899 -0.127751
6.609845 -0.130563
6.609790 -0.133384
6.609733 -0.136215
6.609675 -0.139052
6.609615 -0.141896
6.609554 -0.144745
6.609491 -0.147598
6.609427 -0.150453
6.609361 -0.153310
6.609295 -0.156167
6.609226 -0.159023
6.609157 -0.161876
6.609086 -0.164727
6.609013 -0.167572
6.608940 -0.170412
6.608865 -0.173245
6.608790 -0.176070
6.608713 -0.178885
6.608635 -0.181690
6.608556 -0.184483
6.608476 -0.187264
6.608395 -0.190030
6.608314 -0.192781
6.608231 -0.195516
6.608148 -0.198234
6.608064 -0.200933
6.607980 -0.203613
6.607895 -0.206272
6.607809 -0.208909
6.607723 -0.211524
6.607636 -0.214115
6.607549 -0.216682
6.607462 -0.219223
6.607375 -0.221737
6.607288 -0.224224
6.607200 -0.226683
6.607113 -0.229112
6.607025 -0.231511
6.606938 -0.233880
6.606851 -0.236216
6.606764 -0.238520
6.606677 -0.240791
6.606591 -0.243028
6.606505 -0.245230
6.606420 -0.247397
6.606335 -0.249528
6.606251 -0.251622
6.606168 -0.253679
6.606085 -0.255698
6.606003 -0.257680
6.605922 -0.259622
6.605842 -0.261525
6.605763 -0.263389
6.605685 -0.265213
6.605608 -0.266996
6.605533 -0.268739
6.605458 -0.270441
6.605385 -0.272102
6.605312 -0.273722
6.605242 -0.275300
6.605172 -0.276836
6.605104 -0.278331
6.605037 -0.279784
6.604972 -0.281195
6.604908 -0.282564
6.604846 -0.283891
6.604786 -0.285177
6.604727 -0.286421
6.604669 -0.287623
6.604613 -0.288784
6.604559 -0.289905
6.604506 -0.290984
6.604455 -0.292023
6.604406 -0.293021
6.604359 -0.293980
6.604313 -0.294900
6.604268 -0.295780
6.604226 -0.296622
6.604185 -0.297425
6.604146 -0.298192
6.604108 -0.298921
6.604072 -0.299614
6.604038 -0.300271
6.604005 -0.300893
6.603974 -0.301481
6.603944 -0.302035
6.603916 -0.302556
6.603890 -0.303045
6.603865 -0.303503
6.603842 -0.303930
6.603820 -0.304328
6.603799 -0.304697
6.603780 -0.305038
6.603762 -0.305353
6.603745 -0.305641
6.603730 -0.305905
6.603716 -0.306144
6.603703 -0.306361
6.603691 -0.306556
6.603681 -0.306730
6.603671 -0.306885
6.603663 -0.307021
6.603655 -0.307140
6.603648 -0.307242
6.603642 -0.307329
6.603637 -0.307403
6.603633 -0.307463
6.603629 -0.307512
6.603626 -0.307551
6.603624 -0.307581
6.603622 -0.307602
6.603620 -0.307617
6.603619 -0.307627
6.603618 -0.307632
6.603618 -0.307634
6.603618 -0.307635
6.603618 -0.307635
6.603618 -0.307636
6.603618 -0.307639
6.603618 -0.307645
6.603619 -0.307655
6.603619 -0.307672
6.603619 -0.307695
6.603618 -0.307726
6.603618 -0.307767
6.603617 -0.307819
6.603615 -0.307883
6.603613 -0.307959
6.603611 -0.308050
6.603608 -0.308156
6.603604 -0.308278
6.603600 -0.308419
6.603595 -0.308578
6.603589 -0.308757
6.603583 -0.308957
6.603575 -0.309179
6.603567 -0.309424
6.603557 -0.309693
6.603547 -0.309987
6.603535 -0.310308
6.603522 -0.310655
6.603508 -0.311031
6.603493 -0.311435
6.603476 -0.311869
6.603458 -0.312334
6.603439 -0.312831
6.603418 -0.313359
6.603395 -0.313921
6.603371 -0.314517
6.603346 -0.315147
6.603318 -0.315812
6.603289 -0.316513
6.603258 -0.317251
6.603226 -0.318026
6.603192 -0.318838
6.603155 -0.319689
6.603117 -0.320578
6.603077 -0.321506
6.603035 -0.322474
6.602991 -0.323482
6.602944 -0.324529
6.602896 -0.325618
6.602845 -0.326747
6.602792 -0.327918
6.602737 -0.329129
6.602680 -0.330383
6.602620 -0.331677
6.602558 -0.333014
6.602494 -0.334392
6.602427 -0.335812
6.602358 -0.337274
6.602286 -0.338778
6.602212 -0.340323
6.602135 -0.341910
6.602056 -0.343539
6.601974 -0.345208
6.601889 -0.346919
6.601802 -0.348670
6.601712 -0.350462
6.601620 -0.352294
6.601525 -0.354165
6.601427 -0.356077
6.601326 -0.358027
6.601223 -0.360015
6.601117 -0.362042
6.601008 -0.364106
6.600897 -0.366207
6.600782 -0.368344
6.600665 -0.370517
6.600545 -0.372726
6.600422 -0.374968
6.600297 -0.377245
6.600169 -0.379554
6.600037 -0.381896
6.599904 -0.384269
6.599767 -0.386672
6.599628 -0.389106
6.599486 -0.391568
6.599341 -0.394058
6.599194 -0.396576
6.599043 -0.399120
6.598891 -0.401689
6.598735 -0.404282
6.598577 -0.406898
6.598417 -0.409537
6.598254 -0.412197
6.598088 -0.414878
6.597920 -0.417577
6.597750 -0.420294
6.597577 -0.423029
6.597402 -0.425779
6.597225 -0.428544
6.597046 -0.431323
6.596864 -0.434114
6.596681 -0.436916
6.596495 -0.439728
6.596307 -0.442550
6.596118 -0.445379
6.595926 -0.448215
6.595733 -0.451056
6.595539 -0.453901
6.595342 -0.456750
6.595144 -0.459600
6.594945 -0.462451
6.594745 -0.465301
6.594543 -0.468149
6.594340 -0.470995
6.594135 -0.473836
6.593930 -0.476672
6.593724 -0.479501
6.593517 -0.482323
6.593310 -0.485135
6.593102 -0.487938
6.592893 -0.490729
6.592684 -0.493507
6.592475 -0.496273
6.592265 -0.499023
6.592056 -0.501758
6.591846 -0.504475
6.591637 -0.507175
6.591427 -0.509856
6.591218 -0.512516
6.591010 -0.515155
6.590802 -0.517772
6.590595 -0.520366
6.590388 -0.522936
6.590183 -0.525480
6.589978 -0.527998
6.589774 -0.530489
6.589572 -0.532952
6.589371 -0.535386
6.589171 -0.537790
6.588973 -0.540164
6.588777 -0.542507
6.588582 -0.544817
6.588389 -0.547094
6.588198 -0.549338
6.588009 -0.551547
6.587822 -0.553722
6.587638 -0.555860
6.587455 -0.557963
6.587275 -0.560028
6.587098 -0.562056
6.586923 -0.564047
6.586751 -0.565998
6.586581 -0.567911
6.586414 -0.569785
6.586250 -0.571618
6.586089 -0.573412
6.585931 -0.575165
6.585776 -0.576878
6.585625 -0.578550
6.585476 -0.580180
6.585330 -0.581770
6.585188 -0.583317
6.585049 -0.584823
6.584914 -0.586288
6.584782 -0.587711
6.584653 -0.589092
6.584528 -0.590431
6.584406 -0.591728
6.584288 -0.592985
6.584173 -0.594199
6.584062 -0.595373
6.583954 -0.596505
6.583850 -0.597597
6.583749 -0.598648
6.583652 -0.599658
6.583559 -0.600629
6.583469 -0.601561
6.583382 -0.602453
6.583299 -0.603307
6.583220 -0.604123
6.583143 -0.604901
6.583071 -0.605642
6.583001 -0.606347
6.582935 -0.607015
6.582872 -0.607649
6.582812 -0.608248
6.582756 -0.608813
6.582703 -0.609345
6.582652 -0.609845
6.582605 -0.610313
6.582560 -0.610750
6.582519 -0.611158
6.582480 -0.611537
6.582444 -0.611887
6.582410 -0.612211
6.582379 -0.612508
6.582351 -0.612780
6.582325 -0.613028
6.582301 -0.613253
6.582279 -0.613456
6.582260 -0.613637
6.582242 -0.613799
6.582227 -0.613941
6.582213 -0.614066
6.582201 -0.614174
6.582190 -0.614267
6.582181 -0.614345
6.582173 -0.614410
6.582167 -0.614464
6.582162 -0.614506
6.582158 -0.614539
6.582154 -0.614563
6.582152 -0.614581
6.582150 -0.614592
6.582149 -0.614599
6.582148 -0.614602
6.582148 -0.614603
6.582148 -0.614603
6.582148 -0.614603
6.582148 -0.614605
6.582148 -0.614610
6.582148 -0.614619
6.582147 -0.614633
6.582146 -0.614653
6.582145 -0.614681
6.582143 -0.614718
6.582139 -0.614766
6.582136 -0.614824
6.582131 -0.614895
6.582124 -0.614980
6.582117 -0.615080
6.582108 -0.615195
6.582098 -0.615328
6.582086 -0.615480
6.582073 -0.615650
6.582058 -0.615841
6.582041 -0.616054
6.582022 -0.616289
6.582001 -0.616548
6.581977 -0.616832
6.581951 -0.617141
6.581923 -0.617477
6.581893 -0.617841
6.581860 -0.618233
6.581824 -0.618654
6.581785 -0.619105
6.581744 -0.619588
6.581700 -0.620103
6.581652 -0.620650
6.581602 -0.621230
6.581548 -0.621845
6.581491 -0.622495
6.581431 -0.623180
6.581367 -0.623901
6.581300 -0.624659
6.581229 -0.625454
6.581155 -0.626287
6.581077 -0.627158
6.580995 -0.628068
6.580909 -0.629018
6.580820 -0.630007
6.580726 -0.631036
6.580629 -0.632105
6.580527 -0.633215
6.580422 -0.634365
6.580312 -0.635557
6.580198 -0.636790
6.580080 -0.638065
6.579957 -0.639380
6.579831 -0.640738
6.579699 -0.642137
6.579564 -0.643578
6.579424 -0.645061
6.579280 -0.646585
6.579131 -0.648150
6.578978 -0.649757
6.578820 -0.651405
6.578658 -0.653094
6.578491 -0.654823
6.578320 -0.656593
6.578144 -0.658403
6.577963 -0.660253
6.577779 -0.662142
6.577589 -0.664071
6.577395 -0.666037
6.577197 -0.668042
6.576994 -0.670084
6.576786 -0.672164
6.576574 -0.674279
6.576358 -0.676431
6.576137 -0.678617
6.575912 -0.680839
6.575682 -0.683094
6.575448 -0.685382
6.575210 -0.687702
6.574967 -0.690054
6.574721 -0.692437
6.574470 -0.694850
6.574215 -0.697292
6.573956 -0.699762
6.573693 -0.702260
6.573426 -0.704784
6.573156 -0.707333
6.572881 -0.709907
6.572603 -0.712505
6.572321 -0.715125
6.572036 -0.717766
6.571747 -0.720428
6.571455 -0.723109
6.571160 -0.725809
6.570861 -0.728526
6.570560 -0.731259
6.570255 -0.734007
6.569948 -0.736769
6.569638 -0.739544
6.569325 -0.742331
6.569009 -0.745128
6.568692 -0.747934
6.568371 -0.750749
6.568049 -0.753570
6.567725 -0.756397
6.567399 -0.759229
6.567071 -0.762064
6.566741 -0.764901
6.566410 -0.767740
6.566077 -0.770578
6.565744 -0.773415
6.565409 -0.776249
6.565073 -0.779079
6.564736 -0.781905
6.564399 -0.784724
6.564061 -0.787536
6.563723 -0.790340
6.563385 -0.793134
6.563047 -0.795917
6.562708 -0.798688
6.562370 -0.801445
6.562033 -0.804189
6.561696 -0.806917
6.561360 -0.809629
6.561024 -0.812323
6.560690 -0.814999
6.560357 -0.817654
6.560026 -0.820289
6.559695 -0.822903
6.559367 -0.825493
6.559040 -0.828060
6.558716 -0.830602
6.558393 -0.833118
6.558073 -0.835607
6.557755 -0.838069
6.557440 -0.840503
6.557128 -0.842907
6.556818 -0.845281
6.556512 -0.847624
6.556209 -0.849935
6.555909 -0.852214
6.555612 -0.854460
6.555319 -0.856671
6.555030 -0.858848
6.554744 -0.860990
6.554463 -0.863096
6.554185 -0.865165
6.553912 -0.867197
6.553643 -0.869192
6.553378 -0.871148
6.553118 -0.873066
6.552862 -0.874945
6.552611 -0.876785
6.552365 -0.878585
6.552124 -0.880345
6.551887 -0.882064
6.551656 -0.883743
6.551430 -0.885381
6.551208 -0.886978
6.550992 -0.888533
6.550781 -0.890048
6.550576 -0.891520
6.550376 -0.892952
6.550181 -0.894341
6.549991 -0.895689
6.549807 -0.896996
6.549628 -0.898261
6.549455 -0.899485
6.549287 -0.900668
6.549125 -0.901810
6.548968 -0.902912
6.548816 -0.903973
6.548670 -0.904994
6.548529 -0.905975
6.548394 -0.906916
6.548264 -0.907819
6.548139 -0.908683
6.548020 -0.909509
6.547905 -0.910297
6.547796 -0.911048
6.547692 -0.911763
6.547593 -0.912441
6.547499 -0.913085
6.547409 -0.913694
6.547325 -0.914269
6.547245 -0.914810
6.547170 -0.915320
6.547099 -0.915797
6.547032 -0.916244
6.546970 -0.916661
6.546912 -0.917049
6.546858 -0.917408
6.546808 -0.917740
6.546762 -0.918046
6.546720 -0.918326
6.546681 -0.918581
6.546645 -0.918814
6.546613 -0.919024
6.546584 -0.919212
6.546558 -0.919380
6.546534 -0.919529
6.546514 -0.919660
6.546496 -0.919774
6.546480 -0.919872
6.546466 -0.919955
6.546455 -0.920025
6.546445 -0.920082
6.546437 -0.920128
6.546431 -0.920164
6.546426 -0.920192
6.546423 -0.920211
6.546420 -0.920225
6.546418 -0.920233
6.546417 -0.920238
6.546417 -0.920239
6.546416 -0.920240
6.546416 -0.920240
6.546416 -0.920241
6.546416 -0.920244
6.546416 -0.920251
6.546415 -0.920263
6.546413 -0.920281
6.546411 -0.920306
6.546407 -0.920339
6.546403 -0.920382
6.546396 -0.920436
6.546389 -0.920501
6.546380 -0.920580
6.546368 -0.920674
6.546355 -0.920783
6.546340 -0.920908
6.546322 -0.921051
6.546302 -0.921214
6.546279 -0.921396
6.546253 -0.921599
6.546224 -0.921824
6.546192 -0.922072
6.546157 -0.922345
6.546118 -0.922643
6.546076 -0.922966
6.546030 -0.923317
6.545980 -0.923696
6.545926 -0.924104
6.545868 -0.924541
6.545806 -0.925009
6.545740 -0.925509
6.545669 -0.926040
6.545593 -0.926605
6.545513 -0.927203
6.545428 -0.927836
6.545338 -0.928503
6.545242 -0.929207
6.545142 -0.929946
6.545036 -0.930723
6.544926 -0.931537
6.544809 -0.932388
6.544687 -0.933279
6.544560 -0.934208
6.544426 -0.935176
6.544287 -0.936184
6.544143 -0.937232
6.543992 -0.938320
6.543835 -0.939449
6.543672 -0.940618
6.543504 -0.941828
6.543329 -0.943080
6.543148 -0.944373
6.542960 -0.945707
6.542767 -0.947082
6.542567 -0.948499
6.542360 -0.949957
6.542148 -0.951457
6.541929 -0.952997
6.541703 -0.954579
6.541472 -0.956202
6.541234 -0.957866
6.540989 -0.959570
6.540738 -0.961314
6.540481 -0.963099
6.540217 -0.964923
6.539947 -0.966786
6.539670 -0.968688
6.539387 -0.970629
6.539098 -0.972608
6.538803 -0.974624
6.538501 -0.976677
6.538193 -0.978767
6.537879 -0.980892
6.537559 -0.983052
6.537233 -0.985247
6.536901 -0.987476
6.536563 -0.989738
6.536220 -0.992033
6.535870 -0.994359
6.535515 -0.996716
6.535155 -0.999103
6.534788 -1.001519
6.534417 -1.003964
6.534040 -1.006436
6.533658 -1.008935
6.533271 -1.011459
6.532879 -1.014008
6.532482 -1.016581
6.532081 -1.019176
6.531675 -1.021793
6.531264 -1.024431
6.530849 -1.027088
6.530430 -1.029765
6.530007 -1.032458
6.529580 -1.035168
6.529149 -1.037894
6.528715 -1.040633
6.528277 -1.043386
6.527836 -1.046150
6.527392 -1.048926
6.526945 -1.051711
6.526495 -1.054504
6.526043 -1.057305
6.525589 -1.060112
6.525132 -1.062924
6.524673 -1.065740
6.524212 -1.068558
6.523750 -1.071377
6.523286 -1.074197
6.522821 -1.077016
6.522355 -1.079833
6.521888 -1.082646
6.521421 -1.085455
6.520953 -1.088258
6.520485 -1.091055
6.520016 -1.093843
6.519548 -1.096622
6.519081 -1.099390
6.518613 -1.102147
6.518147 -1.104892
6.517682 -1.107622
6.517218 -1.110338
6.516755 -1.113038
6.516294 -1.115720
6.515835 -1.118385
6.515378 -1.121030
6.514923 -1.123655
6.514471 -1.126259
6.514021 -1.128840
6.513574 -1.131398
6.513130 -1.133932
6.512690 -1.136440
6.512253 -1.138922
6.511819 -1.141378
6.511390 -1.143805
6.510964 -1.146204
6.510543 -1.148573
6.510126 -1.150911
6.509714 -1.153218
6.509306 -1.155493
6.508903 -1.157735
6.508506 -1.159944
6.508113 -1.162119
6.507726 -1.164259
6.507345 -1.166363
6.506969 -1.168431
6.506599 -1.170463
6.506235 -1.172458
6.505877 -1.174415
6.505526 -1.176334
6.505180 -1.178214
6.504842 -1.180055
6.504509 -1.181857
6.504184 -1.183619
6.503865 -1.185342
6.503553 -1.187024
6.503248 -1.188665
6.502950 -1.190266
6.502659 -1.191826
6.502375 -1.193344
6.502098 -1.194822
6.501829 -1.196259
6.501566 -1.197654
6.501311 -1.199008
6.501064 -1.200321
6.500824 -1.201592
6.500591 -1.202823
6.500365 -1.204013
6.500147 -1.205162
6.499936 -1.206270
6.499732 -1.207339
6.499536 -1.208367
6.499347 -1.209356
6.499165 -1.210305
6.498991 -1.211216
6.498823 -1.212088
6.498662 -1.212922
6.498509 -1.213719
6.498362 -1.214478
6.498222 -1.215201
6.498089 -1.215889
6.497962 -1.216541
6.497842 -1.217158
6.497729 -1.217741
6.497621 -1.218292
6.497520 -1.218809
6.497425 -1.219295
6.497335 -1.219750
6.497252 -1.220175
6.497174 -1.220571
6.497101 -1.220938
6.497033 -1.221278
6.496971 -1.221591
6.496914 -1.221879
6.496861 -1.222142
6.496813 -1.222381
6.496769 -1.222598
6.496730 -1.222793
6.496694 -1.222968
6.496663 -1.223123
6.496635 -1.223259
6.496610 -1.223378
6.496589 -1.223482
6.496570 -1.223570
6.496554 -1.223644
6.496541 -1.223705
6.496530 -1.223755
6.496522 -1.223795
6.496515 -1.223825
6.496510 -1.223848
6.496506 -1.223863
6.496503 -1.223873
6.496502 -1.223879
6.496501 -1.223882
6.496501 -1.223882
6.496501 -1.223882
6.496501 -1.223883
6.496501 -1.223885
6.496500 -1.223891
6.496499 -1.223900
6.496497 -1.223916
6.496494 -1.223937
6.496489 -1.223967
6.496483 -1.224006
6.496475 -1.224055
6.496465 -1.224116
6.496453 -1.224189
6.496439 -1.224276
6.496422 -1.224378
6.496402 -1.224496
6.496378 -1.224631
6.496352 -1.224785
6.496322 -1.224958
6.496288 -1.225151
6.496250 -1.225366
6.496209 -1.225604
6.496163 -1.225865
6.496112 -1.226150
6.496057 -1.226462
6.495996 -1.226799
6.495931 -1.227165
6.495860 -1.227558
6.495784 -1.227981
6.495703 -1.228433
6.495615 -1.228917
6.495522 -1.229432
6.495423 -1.229980
6.495317 -1.230560
6.495205 -1.231175
6.495087 -1.231824
6.494961 -1.232508
6.494829 -1.233228
6.494690 -1.233985
6.494545 -1.234778
6.494391 -1.235609
6.494231 -1.236477
6.494063 -1.237384
6.493888 -1.238330
6.493705 -1.239315
6.493515 -1.240340
6.493317 -1.241404
6.493111 -1.242508
6.492897 -1.243653
6.492675 -1.244838
6.492445 -1.246064
6.492207 -1.247331
6.491961 -1.248639
6.491707 -1.249988
6.491445 -1.251378
6.491174 -1.252809
6.490895 -1.254281
6.490608 -1.255794
6.490312 -1.257348
6.490009 -1.258942
6.489697 -1.260577
6.489376 -1.262253
6.489047 -1.263968
6.488711 -1.265723
6.488365 -1.267518
6.488012 -1.269351
6.487650 -1.271224
6.487281 -1.273134
6.486903 -1.275083
6.486517 -1.277068
6.486123 -1.279091
6.485722 -1.281150
6.485312 -1.283244
6.484895 -1.285374
6.484470 -1.287538
6.484038 -1.289736
6.483598 -1.291967
6.483151 -1.294231
6.482696 -1.296526
6.482235 -1.298852
6.481766 -1.301208
6.481290 -1.303594
6.480808 -1.306008
6.480319 -1.308449
6.479824 -1.310917
6.479322 -1.313411
6.478814 -1.315929
6.478300 -1.318472
6.477781 -1.321037
6.477255 -1.323624
6.476725 -1.326232
6.476189 -1.328860
6.475647 -1.331507
6.475101 -1.334171
6.474550 -1.336852
6.473995 -1.339549
6.473435 -1.342260
6.472872 -1.344984
6.472304 -1.347721
6.471733 -1.350468
6.471158 -1.353226
6.470580 -1.355992
6.469999 -1.358767
6.469415 -1.361547
6.468829 -1.364333
6.468240 -1.367123
6.467650 -1.369916
6.467057 -1.372711
6.466463 -1.375506
6.465868 -1.378301
6.465272 -1.381094
6.464675 -1.383884
6.464077 -1.386670
6.463479 -1.389450
6.462881 -1.392225
6.462284 -1.394991
6.461686 -1.397749
6.461090 -1.400497
6.460495 -1.403234
6.459901 -1.405959
6.459308 -1.408670
6.458717 -1.411367
6.458129 -1.414049
6.457543 -1.416714
6.456959 -1.419361
6.456378 -1.421990
6.455800 -1.424599
6.455226 -1.427187
6.454655 -1.429753
6.454088 -1.432297
6.453525 -1.434817
6.452966 -1.437312
6.452413 -1.439782
6.451863 -1.442225
6.451319 -1.444640
6.450780 -1.447028
6.450247 -1.449386
6.449720 -1.451714
6.449198 -1.454012
6.448682 -1.456278
6.448173 -1.458512
6.447671 -1.460713
6.447175 -1.462880
6.446686 -1.465013
6.446204 -1.467112
6.445730 -1.469174
6.445263 -1.471201
6.444803 -1.473191
6.444351 -1.475144
6.443908 -1.477059
6.443472 -1.478936
6.443045 -1.480775
6.442626 -1.482574
6.442215 -1.484335
6.441813 -1.486056
6.441420 -1.487737
6.441035 -1.489378
6.440659 -1.490979
6.440293 -1.492540
6.439935 -1.494060
6.439586 -1.495539
6.439247 -1.496977
6.438916 -1.498374
6.438595 -1.499731
6.438283 -1.501047
6.437980 -1.502322
6.437687 -1.503556
6.437402 -1.504750
6.437127 -1.505903
6.436861 -1.507016
6.436605 -1.508090
6.436357 -1.509123
6.436119 -1.510117
6.435889 -1.511073
6.435669 -1.511989
6.435458 -1.512867
6.435255 -1.513708
6.435061 -1.514511
6.434876 -1.515277
6.434699 -1.516007
6.434531 -1.516701
6.434371 -1.517360
6.434219 -1.517984
6.434075 -1.518575
6.433939 -1.519132
6.433811 -1.519657
6.433690 -1.520150
6.433577 -1.520612
6.433471 -1.521045
6.433372 -1.521447
6.433280 -1.521822
6.433194 -1.522169
6.433115 -1.522489
6.433042 -1.522783
6.432975 -1.523053
6.432913 -1.523299
6.432857 -1.523522
6.432807 -1.523723
6.432762 -1.523903
6.432721 -1.524064
6.432685 -1.524206
6.432653 -1.524331
6.432625 -1.524439
6.432601 -1.524532
6.432581 -1.524610
6.432564 -1.524676
6.432549 -1.524730
6.432538 -1.524773
6.432529 -1.524806
6.432522 -1.524831
6.432517 -1.524849
6.432513 -1.524861
6.432511 -1.524868
6.432510 -1.524872
6.432509 -1.524873
6.432509 -1.524873
6.432509 -1.524873
6.432509 -1.524875
6.432508 -1.524879
6.432507 -1.524887
6.432505 -1.524900
6.432501 -1.524919
6.432496 -1.524945
6.432489 -1.524980
6.432480 -1.525024
6.432468 -1.525080
6.432454 -1.525147
6.432436 -1.525228
6.432416 -1.525323
6.432392 -1.525434
6.432364 -1.525561
6.432332 -1.525706
6.432296 -1.525870
6.432255 -1.526053
6.432209 -1.526258
6.432158 -1.526484
6.432102 -1.526734
6.432041 -1.527007
6.431973 -1.527306
6.431900 -1.527630
6.431820 -1.527981
6.431734 -1.528360
6.431641 -1.528767
6.431541 -1.529204
6.431434 -1.529670
6.431320 -1.530168
6.431198 -1.530698
6.431068 -1.531260
6.430931 -1.531856
6.430786 -1.532485
6.430632 -1.533149
6.430470 -1.533849
6.430299 -1.534584
6.430120 -1.535355
6.429932 -1.536163
6.429735 -1.537009
6.429529 -1.537892
6.429314 -1.538814
6.429089 -1.539774
6.428855 -1.540773
6.428611 -1.541812
6.428358 -1.542890
6.428094 -1.544008
6.427822 -1.545166
6.427539 -1.546364
6.427246 -1.547603
6.426943 -1.548882
6.426630 -1.550201
6.426308 -1.551562
6.425975 -1.552963
6.425631 -1.554405
6.425278 -1.555887
6.424915 -1.557409
6.424541 -1.558972
6.424157 -1.560575
6.423763 -1.562218
6.423359 -1.563901
6.422945 -1.565623
6.422520 -1.567385
6.422086 -1.569185
6.421641 -1.571023
6.421187 -1.572900
6.420723 -1.574814
6.420249 -1.576765
6.419765 -1.578753
6.419272 -1.580777
6.418769 -1.582837
6.418257 -1.584931
6.417735 -1.587060
6.417205 -1.589223
6.416665 -1.591418
6.416116 -1.593646
6.415559 -1.595906
6.414993 -1.598196
6.414418 -1.600516
6.413835 -1.602866
6.413244 -1.605244
6.412645 -1.607649
6.412039 -1.610081
6.411424 -1.612539
6.410803 -1.615022
6.410174 -1.617529
6.409538 -1.620058
6.408896 -1.622610
6.408246 -1.625182
6.407591 -1.627775
6.406930 -1.630386
6.406262 -1.633016
6.405589 -1.635662
6.404911 -1.638324
6.404228 -1.641001
6.403540 -1.643691
6.402847 -1.646393
6.402150 -1.649107
6.401449 -1.651832
6.400744 -1.654565
6.400036 -1.657306
6.399325 -1.660054
6.398610 -1.662808
6.397894 -1.665566
6.397174 -1.668327
6.396453 -1.671091
6.395731 -1.673856
6.395006 -1.676620
6.394281 -1.679383
6.393555 -1.682144
6.392829 -1.684901
6.392102 -1.687653
6.391375 -1.690399
6.390649 -1.693138
6.389924 -1.695868
6.389200 -1.698590
6.388477 -1.701300
6.387756 -1.703999
6.387038 -1.706686
6.386321 -1.709358
6.385607 -1.712015
6.384896 -1.714657
6.384188 -1.717281
6.383484 -1.719887
6.382784 -1.722474
6.382088 -1.725041
6.381397 -1.727586
6.380710 -1.730110
6.380028 -1.732610
6.379352 -1.735086
6.378682 -1.737537
6.378017 -1.739963
6.377359 -1.742361
6.376707 -1.744732
6.376061 -1.747074
6.375423 -1.749387
6.374792 -1.751670
6.374169 -1.753922
6.373553 -1.756142
6.372946 -1.758330
6.372346 -1.760485
6.371755 -1.762606
6.371173 -1.764693
6.370599 -1.766745
6.370035 -1.768762
6.369480 -1.770743
6.368934 -1.772687
6.368398 -1.774594
6.367872 -1.776463
6.367355 -1.778295
6.366849 -1.780088
6.366353 -1.781843
6.365867 -1.783559
6.365392 -1.785235
6.364927 -1.786872
6.364473 -1.788470
6.364030 -1.790027
6.363597 -1.791544
6.363176 -1.793021
6.362766 -1.794458
6.362366 -1.795854
6.361978 -1.797210
6.361600 -1.798526
6.361234 -1.799801
6.360879 -1.801036
6.360535 -1.802231
6.360203 -1.803386
6.359881 -1.804501
6.359570 -1.805576
6.359271 -1.806612
6.358982 -1.807610
6.358704 -1.808568
6.358437 -1.809488
6.358181 -1.810370
6.357936 -1.811215
6.357700 -1.812022
6.357476 -1.812793
6.357261 -1.813528
6.357057 -1.814227
6.356863 -1.814892
6.356678 -1.815521
6.356503 -1.816118
6.356338 -1.816681
6.356182 -1.817212
6.356035 -1.817711
6.355897 -1.818179
6.355767 -1.818617
6.355646 -1.819026
6.355533 -1.819407
6.355429 -1.819760
6.355332 -1.820086
6.355242 -1.820387
6.355160 -1.820662
6.355084 -1.820914
6.355016 -1.821143
6.354954 -1.821350
6.354897 -1.821536
6.354847 -1.821702
6.354802 -1.821849
6.354763 -1.821979
6.354728 -1.822092
6.354698 -1.822189
6.354673 -1.822272
6.354651 -1.822342
6.354633 -1.822399
6.354618 -1.822446
6.354606 -1.822482
6.354597 -1.822510
6.354591 -1.822530
6.354586 -1.822544
6.354583 -1.822553
6.354581 -1.822558
6.354580 -1.822560
6.354580 -1.822560
6.354580 -1.822560
6.354580 -1.822561
6.354579 -1.822564
6.354578 -1.822570
6.354576 -1.822581
6.354572 -1.822597
6.354566 -1.822620
6.354558 -1.822651
6.354548 -1.822691
6.354535 -1.822742
6.354519 -1.822804
6.354499 -1.822878
6.354476 -1.822967
6.354449 -1.823070
6.354417 -1.823189
6.354380 -1.823326
6.354338 -1.823480
6.354291 -1.823654
6.354238 -1.823848
6.354179 -1.824063
6.354114 -1.824301
6.354042 -1.824562
6.353964 -1.824847
6.353878 -1.825157
6.353785 -1.825494
6.353685 -1.825857
6.353576 -1.826249
6.353459 -1.826669
6.353334 -1.827118
6.353200 -1.827599
6.353057 -1.828110
6.352905 -1.828653
6.352744 -1.829228
6.352573 -1.829837
6.352393 -1.830480
6.352202 -1.831157
6.352002 -1.831870
6.351791 -1.832618
6.351570 -1.833402
6.351338 -1.834223
6.351095 -1.835081
6.350841 -1.835977
6.350576 -1.836911
6.350300 -1.837883
6.350013 -1.838894
6.349714 -1.839944
6.349404 -1.841033
6.349082 -1.842161
6.348748 -1.843329
6.348403 -1.844538
6.348046 -1.845786
6.347676 -1.847074
6.347295 -1.848402
6.346902 -1.849770
6.346497 -1.851179
6.346080 -1.852627
6.345650 -1.854116
6.345209 -1.855644
6.344756 -1.857212
6.344290 -1.858820
6.343813 -1.860467
6.343324 -1.862153
6.342822 -1.863877
6.342309 -1.865640
6.341784 -1.867441
6.341248 -1.869280
6.340700 -1.871156
6.340140 -1.873069
6.339569 -1.875018
6.338986 -1.877003
6.338392 -1.879024
6.337787 -1.881079
6.337172 -1.883168
6.336545 -1.885290
6.335908 -1.887446
6.335260 -1.889633
6.334602 -1.891852
6.333934 -1.894102
6.333256 -1.896382
6.332568 -1.898690
6.331871 -1.901027
6.331164 -1.903392
6.330448 -1.905783
6.329724 -1.908200
6.328991 -1.910642
6.328249 -1.913107
6.327499 -1.915596
6.326742 -1.918106
6.325976 -1.920638
6.325204 -1.923190
6.324424 -1.925760
6.323638 -1.928349
6.322845 -1.930955
6.322046 -1.933576
6.321241 -1.936213
6.320430 -1.938863
6.319615 -1.941526
6.318794 -1.944200
6.317969 -1.946885
6.317139 -1.949579
6.316306 -1.952282
6.315468 -1.954991
6.314628 -1.957707
6.313785 -1.960427
6.312939 -1.963151
6.312091 -1.965877
6.311241 -1.968605
6.310389 -1.971333
6.309536 -1.974060
6.308683 -1.976785
6.307829 -1.979506
6.306975 -1.982224
6.306121 -1.984936
6.305268 -1.987641
6.304416 -1.990338
6.303565 -1.993026
6.302717 -1.995705
6.301870 -1.998372
6.301026 -2.001027
6.300184 -2.003668
6.299346 -2.006296
6.298512 -2.008907
6.297681 -2.011503
6.296855 -2.014080
6.296033 -2.016639
6.295216 -2.019179
6.294405 -2.021698
6.293599 -2.024195
6.292799 -2.026670
6.292006 -2.029121
6.291220 -2.031549
6.290440 -2.033950
6.289668 -2.036326
6.288903 -2.038675
6.288146 -2.040995
6.287398 -2.043287
6.286658 -2.045550
6.285927 -2.047783
6.285205 -2.049984
6.284493 -2.052154
6.283790 -2.054292
6.283097 -2.056396
6.282414 -2.058467
6.281741 -2.060504
6.281079 -2.062506
6.280428 -2.064472
6.279788 -2.066403
6.279160 -2.068297
6.278542 -2.070155
6.277937 -2.071975
6.277343 -2.073758
6.276761 -2.075502
6.276191 -2.077209
6.275634 -2.078877
6.275088 -2.080505
6.274556 -2.082095
6.274035 -2.083646
6.273528 -2.085156
6.273033 -2.086628
6.272551 -2.088059
6.272082 -2.089451
6.271626 -2.090803
6.271183 -2.092115
6.270753 -2.093387
6.270336 -2.094620
6.269932 -2.095813
6.269540 -2.096967
6.269162 -2.098081
6.268797 -2.099156
6.268444 -2.100192
6.268105 -2.101190
6.267777 -2.102149
6.267463 -2.103070
6.267161 -2.103954
6.266872 -2.104801
6.266595 -2.105611
6.266330 -2.106384
6.266077 -2.107122
6.265835 -2.107825
6.265606 -2.108493
6.265388 -2.109126
6.265181 -2.109727
6.264985 -2.110294
6.264800 -2.110830
6.264626 -2.111333
6.264463 -2.111807
6.264309 -2.112250
6.264165 -2.112664
6.264031 -2.113050
6.263907 -2.113408
6.263791 -2.113739
6.263684 -2.114045
6.263586 -2.114326
6.263496 -2.114583
6.263414 -2.114817
6.263339 -2.115030
6.263272 -2.115221
6.263211 -2.115392
6.263157 -2.115544
6.263109 -2.115678
6.263067 -2.115796
6.263031 -2.115898
6.262999 -2.115985
6.262973 -2.116058
6.262950 -2.116119
6.262932 -2.116169
6.262917 -2.116208
6.262906 -2.116239
6.262897 -2.116262
6.262891 -2.116278
6.262887 -2.116288
6.262884 -2.116294
6.262883 -2.116297
6.262882 -2.116298
6.262882 -2.116298
6.262882 -2.116298
6.262882 -2.116300
6.262881 -2.116305
6.262878 -2.116314
6.262874 -2.116328
6.262869 -2.116347
6.262860 -2.116375
6.262850 -2.116411
6.262836 -2.116457
6.262818 -2.116513
6.262797 -2.116582
6.262771 -2.116664
6.262740 -2.116760
6.262705 -2.116871
6.262664 -2.116999
6.262618 -2.117144
6.262565 -2.117308
6.262506 -2.117492
6.262440 -2.117696
6.262366 -2.117921
6.262286 -2.118169
6.262197 -2.118441
6.262101 -2.118737
6.261995 -2.119059
6.261881 -2.119407
6.261758 -2.119782
6.261626 -2.120185
6.261484 -2.120617
6.261331 -2.121078
6.261169 -2.121570
6.260996 -2.122093
6.260813 -2.122648
6.260618 -2.123236
6.260412 -2.123856
6.260195 -2.124510
6.259966 -2.125199
6.259726 -2.125923
6.259473 -2.126682
6.259208 -2.127477
6.258930 -2.128309
6.258640 -2.129177
6.258337 -2.130083
6.258021 -2.131026
6.257692 -2.132008
6.257350 -2.133028
6.256995 -2.134086
6.256626 -2.135183
6.256243 -2.136319
6.255847 -2.137495
6.255438 -2.138710
6.255014 -2.139964
6.254577 -2.141257
6.254126 -2.142590
6.253661 -2.143963
6.253183 -2.145375
6.252690 -2.146827
6.252183 -2.148318
6.251663 -2.149848
6.251129 -2.151417
6.250581 -2.153024
6.250019 -2.154671
6.249443 -2.156355
6.248854 -2.158078
6.248251 -2.159838
6.247635 -2.161636
6.247005 -2.163470
6.246362 -2.165340
6.245706 -2.167247
6.245036 -2.169189
6.244354 -2.171166
6.243659 -2.173178
6.242952 -2.175223
6.242232 -2.177301
6.241500 -2.179412
6.240756 -2.181555
6.240000 -2.183729
6.239232 -2.185933
6.238453 -2.188167
6.237663 -2.190431
6.236862 -2.192722
6.236050 -2.195040
6.235228 -2.197386
6.234395 -2.199756
6.233553 -2.202152
6.232701 -2.204571
6.231840 -2.207014
6.230970 -2.209478
6.230091 -2.211963
6.229204 -2.214469
6.228308 -2.216993
6.227405 -2.219536
6.226495 -2.222095
6.225577 -2.224671
6.224653 -2.227261
6.223722 -2.229866
6.222786 -2.232483
6.221844 -2.235112
6.220896 -2.237752
6.219944 -2.240401
6.218987 -2.243059
6.218026 -2.245724
6.217062 -2.248395
6.216094 -2.251071
6.215123 -2.253752
6.214150 -2.256435
6.213175 -2.259120
6.212198 -2.261805
6.211219 -2.264490
6.210240 -2.267173
6.209261 -2.269854
6.208281 -2.272530
6.207302 -2.275201
6.206323 -2.277867
6.205346 -2.280525
6.204371 -2.283174
6.203397 -2.285814
6.202426 -2.288443
6.201458 -2.291061
6.200493 -2.293666
6.199532 -2.296257
6.198575 -2.298833
6.197623 -2.301393
6.196675 -2.303937
6.195733 -2.306462
6.194797 -2.308968
6.193867 -2.311455
6.192943 -2.313921
6.192026 -2.316364
6.191117 -2.318785
6.190215 -2.321183
6.189321 -2.323555
6.188436 -2.325903
6.187559 -2.328223
6.186692 -2.330517
6.185834 -2.332783
6.184985 -2.335020
6.184147 -2.337228
6.183320 -2.339406
6.182502 -2.341552
6.181696 -2.343667
6.180902 -2.345750
6.180119 -2.347800
6.179347 -2.349817
6.178588 -2.351799
6.177842 -2.353747
6.177108 -2.355659
6.176386 -2.357536
6.175678 -2.359377
6.174983 -2.361182
6.174302 -2.362950
6.173634 -2.364680
6.172980 -2.366373
6.172340 -2.368027
6.171714 -2.369644
6.171102 -2.371222
6.170505 -2.372762
6.169922 -2.374263
6.169353 -2.375725
6.168800 -2.377148
6.168260 -2.378531
6.167736 -2.379876
6.167227 -2.381181
6.166732 -2.382447
6.166252 -2.383675
6.165787 -2.384863
6.165337 -2.386012
6.164901 -2.387122
6.164481 -2.388194
6.164075 -2.389228
6.163683 -2.390223
6.163306 -2.391181
6.162944 -2.392101
6.162596 -2.392985
6.162261 -2.393831
6.161941 -2.394641
6.161635 -2.395415
6.161343 -2.396154
6.161064 -2.396858
6.160799 -2.397528
6.160546 -2.398164
6.160307 -2.398767
6.160080 -2.399337
6.159866 -2.399876
6.159663 -2.400383
6.159473 -2.400860
6.159295 -2.401307
6.159128 -2.401725
6.158972 -2.402114
6.158826 -2.402477
6.158691 -2.402813
6.158567 -2.403123
6.158452 -2.403409
6.158346 -2.403670
6.158250 -2.403909
6.158162 -2.404126
6.158083 -2.404322
6.158011 -2.404497
6.157947 -2.404654
6.157890 -2.404793
6.157841 -2.404914
6.157797 -2.405020
6.157759 -2.405111
6.157727 -2.405189
6.157700 -2.405253
6.157678 -2.405306
6.157660 -2.405349
6.157646 -2.405382
6.157635 -2.405407
6.157627 -2.405425
6.157621 -2.405437
6.157618 -2.405445
6.157616 -2.405449
6.157615 -2.405450
6.157615 -2.405451
6.157615 -2.405451
6.157614 -2.405452
6.157613 -2.405455
6.157611 -2.405462
6.157607 -2.405474
6.157602 -2.405491
6.157593 -2.405515
6.157582 -2.405547
6.157567 -2.405588
6.157549 -2.405640
6.157526 -2.405702
6.157499 -2.405778
6.157466 -2.405867
6.157428 -2.405970
6.157383 -2.406090
6.157333 -2.406226
6.157275 -2.406380
6.157210 -2.406552
6.157138 -2.406745
6.157058 -2.406959
6.156969 -2.407194
6.156871 -2.407452
6.156765 -2.407734
6.156648 -2.408041
6.156522 -2.408373
6.156386 -2.408731
6.156239 -2.409117
6.156081 -2.409531
6.155912 -2.409973
6.155732 -2.410445
6.155539 -2.410947
6.155335 -2.411481
6.155118 -2.412046
6.154889 -2.412643
6.154647 -2.413274
6.154391 -2.413938
6.154122 -2.414636
6.153840 -2.415369
6.153543 -2.416137
6.153233 -2.416941
6.152908 -2.417781
6.152569 -2.418657
6.152215 -2.419570
6.151847 -2.420521
6.151464 -2.421509
6.151065 -2.422535
6.150652 -2.423599
6.150223 -2.424701
6.149779 -2.425841
6.149319 -2.427021
6.148844 -2.428239
6.148353 -2.429495
6.147847 -2.430791
6.147324 -2.432125
6.146787 -2.433499
6.146233 -2.434910
6.145664 -2.436361
6.145079 -2.437850
6.144478 -2.439378
6.143862 -2.440943
6.143230 -2.442547
6.142583 -2.444188
6.141920 -2.445867
6.141242 -2.447583
6.140549 -2.449335
6.139840 -2.451124
6.139116 -2.452949
6.138378 -2.454810
6.137625 -2.456705
6.136857 -2.458635
6.136075 -2.460598
6.135278 -2.462596
6.134468 -2.464626
6.133644 -2.466688
6.132806 -2.468781
6.131955 -2.470906
6.131090 -2.473061
6.130213 -2.475245
6.129324 -2.477458
6.128421 -2.479699
6.127507 -2.481967
6.126581 -2.484261
6.125644 -2.486581
6.124695 -2.488925
6.123736 -2.491293
6.122766 -2.493684
6.121786 -2.496097
6.120796 -2.498531
6.119797 -2.500985
6.118788 -2.503457
6.117771 -2.505948
6.116746 -2.508456
6.115712 -2.510981
6.114671 -2.513520
6.113623 -2.516073
6.112568 -2.518639
6.111507 -2.521217
6.110440 -2.523806
6.109368 -2.526404
6.108290 -2.529012
6.107208 -2.531626
6.106122 -2.534248
6.105032 -2.536874
6.103939 -2.539505
6.102842 -2.542139
6.101744 -2.544775
6.100644 -2.547412
6.099542 -2.550049
6.098439 -2.552685
6.097336 -2.555318
6.096233 -2.557947
6.095130 -2.560572
6.094028 -2.563192
6.092928 -2.565804
6.091829 -2.568409
6.090733 -2.571004
6.089639 -2.573590
6.088549 -2.576164
6.087462 -2.578726
6.086380 -2.581275
6.085302 -2.583810
6.084230 -2.586330
6.083163 -2.588833
6.082101 -2.591318
6.081047 -2.593786
6.079999 -2.596234
6.078959 -2.598662
6.077926 -2.601069
6.076902 -2.603454
6.075886 -2.605816
6.074879 -2.608154
6.073882 -2.610468
6.072894 -2.612755
6.071917 -2.615017
6.070950 -2.617251
6.069994 -2.619458
6.069049 -2.621635
6.068117 -2.623784
6.067196 -2.625902
6.066287 -2.627989
6.065392 -2.630045
6.064509 -2.632069
6.063639 -2.634061
6.062783 -2.636019
6.061941 -2.637943
6.061113 -2.639833
6.060300 -2.641688
6.059501 -2.643508
6.058717 -2.645292
6.057948 -2.647040
6.057194 -2.648752
6.056456 -2.650427
6.055734 -2.652065
6.055027 -2.653665
6.054336 -2.655228
6.053661 -2.656753
6.053003 -2.658240
6.052361 -2.659689
6.051735 -2.661099
6.051126 -2.662471
6.050533 -2.663805
6.049957 -2.665100
6.049397 -2.666357
6.048854 -2.667576
6.048328 -2.668756
6.047818 -2.669898
6.047325 -2.671001
6.046849 -2.672067
6.046388 -2.673096
6.045945 -2.674086
6.045517 -2.675040
6.045106 -2.675957
6.044711 -2.676837
6.044332 -2.677681
6.043968 -2.678489
6.043620 -2.679262
6.043288 -2.680000
6.042971 -2.680704
6.042668 -2.681373
6.042381 -2.682010
6.042108 -2.682613
6.041850 -2.683185
6.041605 -2.683725
6.041374 -2.684234
6.041157 -2.684713
6.040953 -2.685162
6.040761 -2.685583
6.040583 -2.685976
6.040416 -2.686342
6.040261 -2.686681
6.040118 -2.686995
6.039985 -2.687284
6.039864 -2.687550
6.039752 -2.687792
6.039651 -2.688013
6.039559 -2.688213
6.039476 -2.688393
6.039401 -2.688553
6.039335 -2.688696
6.039277 -2.688822
6.039226 -2.688931
6.039181 -2.689026
6.039143 -2.689107
6.039111 -2.689175
6.039084 -2.689231
6.039063 -2.689276
6.039045 -2.689312
6.039032 -2.689340
6.039022 -2.689360
6.039014 -2.689374
6.039010 -2.689383
6.039007 -2.689388
6.039006 -2.689391
6.039005 -2.689391
6.039005 -2.689391
6.039005 -2.689392
6.039004 -2.689394
6.039002 -2.689400
6.038999 -2.689409
6.038993 -2.689424
6.038985 -2.689444
6.038974 -2.689473
6.038959 -2.689509
6.038940 -2.689556
6.038916 -2.689613
6.038887 -2.689682
6.038852 -2.689764
6.038812 -2.689860
6.038765 -2.689971
6.038711 -2.690098
6.038649 -2.690242
6.038580 -2.690405
6.038502 -2.690586
6.038415 -2.690788
6.038319 -2.691010
6.038214 -2.691255
6.038098 -2.691522
6.037972 -2.691813
6.037835 -2.692129
6.037686 -2.692471
6.037526 -2.692839
6.037354 -2.693234
6.037170 -2.693657
6.036973 -2.694108
6.036762 -2.694590
6.036539 -2.695101
6.036301 -2.695643
6.036050 -2.696217
6.035784 -2.696823
6.035504 -2.697461
6.035209 -2.698133
6.034898 -2.698839
6.034572 -2.699579
6.034231 -2.700353
6.033874 -2.701163
6.033501 -2.702009
6.033111 -2.702890
6.032705 -2.703808
6.032283 -2.704763
6.031844 -2.705755
6.031388 -2.706784
6.030915 -2.707850
6.030425 -2.708954
6.029918 -2.710096
6.029393 -2.711276
6.028851 -2.712493
6.028292 -2.713749
6.027715 -2.715043
6.027121 -2.716375
6.026509 -2.717745
6.025879 -2.719152
6.025233 -2.720598
6.024568 -2.722081
6.023887 -2.723602
6.023188 -2.725160
6.022471 -2.726755
6.021738 -2.728387
6.020987 -2.730055
6.020220 -2.731759
6.019435 -2.733500
6.018634 -2.735275
6.017816 -2.737086
6.016982 -2.738930
6.016132 -2.740809
