1.200000 0.000009 0.000000 1.000000
1.199973 0.004605 0.000000 0.999993
1.199891 0.009201 0.000000 0.999971
1.199754 0.013797 0.000000 0.999934
1.199563 0.018392 0.000000 0.999882
1.199318 0.022986 0.000000 0.999816
1.199017 0.027579 0.000000 0.999736
1.198663 0.032171 0.000000 0.999640
1.198253 0.036761 0.000000 0.999530
1.197789 0.041350 0.000000 0.999405
1.197271 0.045936 0.000000 0.999265
1.196697 0.050521 0.000000 0.999110
1.196069 0.055103 0.000000 0.998940
1.195387 0.059683 0.000000 0.998756
1.194649 0.064260 0.000000 0.998556
1.193857 0.068834 0.000000 0.998342
1.193010 0.073405 0.000000 0.998112
1.192108 0.077973 0.000000 0.997868
1.191151 0.082537 0.000000 0.997608
1.190139 0.087097 0.000000 0.997333
1.189072 0.091653 0.000000 0.997043
1.187951 0.096205 0.000000 0.996737
1.186773 0.100753 0.000000 0.996416
1.185541 0.105295 0.000000 0.996079
1.184254 0.109833 0.000000 0.995727
1.182911 0.114366 0.000000 0.995359
1.181513 0.118893 0.000000 0.994975
1.180060 0.123415 0.000000 0.994576
1.178551 0.127931 0.000000 0.994160
1.176986 0.132441 0.000000 0.993728
1.175366 0.136945 0.000000 0.993281
1.173690 0.141442 0.000000 0.992817
1.171959 0.145933 0.000000 0.992336
1.170171 0.150416 0.000000 0.991839
1.168328 0.154892 0.000000 0.991326
1.166428 0.159361 0.000000 0.990796
1.164472 0.163823 0.000000 0.990249
1.162460 0.168276 0.000000 0.989684
1.160392 0.172721 0.000000 0.989103
1.158267 0.177158 0.000000 0.988504
1.156086 0.181586 0.000000 0.987888
1.153848 0.186005 0.000000 0.987254
1.151553 0.190415 0.000000 0.986603
1.149202 0.194816 0.000000 0.985933
1.146793 0.199207 0.000000 0.985246
1.144328 0.203588 0.000000 0.984540
1.141805 0.207959 0.000000 0.983816
1.139224 0.212320 0.000000 0.983072
1.136587 0.216669 0.000000 0.982311
1.133891 0.221008 0.000000 0.981529
1.131138 0.225336 0.000000 0.980729
1.128327 0.229651 0.000000 0.979909
1.125458 0.233956 0.000000 0.979070
1.122531 0.238248 0.000000 0.978210
1.119545 0.242527 0.000000 0.977330
1.116501 0.246794 0.000000 0.976430
1.113398 0.251048 0.000000 0.975509
1.110236 0.255289 0.000000 0.974568
1.107016 0.259516 0.000000 0.973605
1.103736 0.263730 0.000000 0.972620
1.100397 0.267929 0.000000 0.971614
1.096998 0.272114 0.000000 0.970586
1.093540 0.276283 0.000000 0.969535
1.090022 0.280438 0.000000 0.968461
1.086444 0.284577 0.000000 0.967365
1.082806 0.288701 0.000000 0.966245
1.079107 0.292808 0.000000 0.965102
1.075347 0.296899 0.000000 0.963935
1.071527 0.300974 0.000000 0.962743
1.067646 0.305031 0.000000 0.961527
1.063703 0.309070 0.000000 0.960285
1.059699 0.313092 0.000000 0.959018
1.055634 0.317095 0.000000 0.957725
1.051506 0.321080 0.000000 0.956406
1.047316 0.325046 0.000000 0.955060
1.043064 0.328992 0.000000 0.953687
1.038749 0.332919 0.000000 0.952286
1.034372 0.336826 0.000000 0.950857
1.029931 0.340712 0.000000 0.949399
1.025427 0.344577 0.000000 0.947913
1.020859 0.348421 0.000000 0.946397
1.016228 0.352243 0.000000 0.944850
1.011532 0.356042 0.000000 0.943274
1.006772 0.359819 0.000000 0.941665
1.001947 0.363573 0.000000 0.940026
0.997057 0.367303 0.000000 0.938353
0.992102 0.371010 0.000000 0.936648
0.987081 0.374691 0.000000 0.934909
0.981995 0.378348 0.000000 0.933136
0.976842 0.381979 0.000000 0.931328
0.971623 0.385585 0.000000 0.929484
0.966337 0.389163 0.000000 0.927604
0.960983 0.392715 0.000000 0.925687
0.955563 0.396239 0.000000 0.923732
0.950074 0.399735 0.000000 0.921738
0.944518 0.403202 0.000000 0.919705
0.938893 0.406640 0.000000 0.917632
0.933199 0.410049 0.000000 0.915517
0.927436 0.413427 0.000000 0.913360
0.921603 0.416773 0.000000 0.911161
0.915701 0.420089 0.000000 0.908917
0.909728 0.423372 0.000000 0.906629
0.903684 0.426622 0.000000 0.904294
0.897569 0.429838 0.000000 0.901913
0.891383 0.433020 0.000000 0.899483
0.885125 0.436168 0.000000 0.897004
0.878794 0.439279 0.000000 0.894475
0.872391 0.442354 0.000000 0.891894
0.865914 0.445392 0.000000 0.889261
0.859364 0.448393 0.000000 0.886573
0.852739 0.451354 0.000000 0.883829
0.846040 0.454276 0.000000 0.881029
0.839266 0.457158 0.000000 0.878170
0.832417 0.459999 0.000000 0.875251
0.825491 0.462797 0.000000 0.872271
0.818490 0.465553 0.000000 0.869227
0.811411 0.468265 0.000000 0.866119
0.804254 0.470932 0.000000 0.862945
0.797020 0.473554 0.000000 0.859702
0.789706 0.476129 0.000000 0.856388
0.782314 0.478656 0.000000 0.853003
0.774842 0.481134 0.000000 0.849543
0.767290 0.483563 0.000000 0.846007
0.759658 0.485941 0.000000 0.842392
0.751944 0.488266 0.000000 0.838697
0.744147 0.490539 0.000000 0.834918
0.736269 0.492757 0.000000 0.831053
0.728307 0.494919 0.000000 0.827101
0.720261 0.497025 0.000000 0.823056
0.712131 0.499072 0.000000 0.818919
0.703916 0.501059 0.000000 0.814684
0.695616 0.502986 0.000000 0.810349
0.687228 0.504850 0.000000 0.805911
0.678754 0.506650 0.000000 0.801367
0.670192 0.508385 0.000000 0.796712
0.661542 0.510053 0.000000 0.791944
0.652803 0.511651 0.000000 0.787059
0.643973 0.513180 0.000000 0.782051
0.635053 0.514636 0.000000 0.776919
0.626042 0.516018 0.000000 0.771655
0.616939 0.517325 0.000000 0.766258
0.607743 0.518553 0.000000 0.760720
0.598453 0.519702 0.000000 0.755038
0.589069 0.520768 0.000000 0.749205
0.579589 0.521751 0.000000 0.743217
0.570014 0.522647 0.000000 0.737068
0.560342 0.523454 0.000000 0.730751
0.550572 0.524170 0.000000 0.724259
0.540704 0.524793 0.000000 0.717586
0.530737 0.525319 0.000000 0.710725
0.520669 0.525746 0.000000 0.703668
0.510501 0.526071 0.000000 0.696407
0.500231 0.526291 0.000000 0.688933
0.489858 0.526403 0.000000 0.681238
0.479382 0.526404 0.000000 0.673313
0.468801 0.526291 0.000000 0.665146
0.458115 0.526059 0.000000 0.656728
0.447323 0.525705 0.000000 0.648047
0.436425 0.525226 0.000000 0.639091
0.425418 0.524618 0.000000 0.629849
0.414304 0.523876 0.000000 0.620306
0.403080 0.522995 0.000000 0.610449
0.391746 0.521972 0.000000 0.600262
0.380302 0.520802 0.000000 0.589729
0.368746 0.519479 0.000000 0.578834
0.357078 0.517998 0.000000 0.567558
0.345297 0.516354 0.000000 0.555883
0.333404 0.514540 0.000000 0.543787
0.321396 0.512551 0.000000 0.531249
0.309275 0.510380 0.000000 0.518245
0.297040 0.508021 0.000000 0.504751
0.284690 0.505466 0.000000 0.490739
0.272225 0.502708 0.000000 0.476182
0.259646 0.499738 0.000000 0.461049
0.246953 0.496548 0.000000 0.445307
0.234146 0.493130 0.000000 0.428922
0.221227 0.489473 0.000000 0.411856
0.208195 0.485569 0.000000 0.394070
0.195052 0.481406 0.000000 0.375519
0.181800 0.476973 0.000000 0.356160
0.168441 0.472258 0.000000 0.335943
0.154977 0.467249 0.000000 0.314814
0.141411 0.461932 0.000000 0.292720
0.127746 0.456294 0.000000 0.269598
0.113987 0.450318 0.000000 0.245387
0.100139 0.443990 0.000000 0.220017
0.086208 0.437292 0.000000 0.193417
0.072200 0.430205 0.000000 0.165512
0.058124 0.422712 0.000000 0.136221
0.043989 0.414791 0.000000 0.105461
0.029807 0.406422 0.000000 0.073145
0.015591 0.397580 0.000000 0.039184
0.001355 0.388243 0.000000 0.003491
-0.012882 0.378384 0.000000 -0.034025
-0.027100 0.367978 0.000000 -0.073448
-0.041276 0.356997 0.000000 -0.114855
-0.055381 0.345411 0.000000 -0.158313
-0.069385 0.333192 0.000000 -0.203869
-0.083250 0.320309 0.000000 -0.251547
-0.096934 0.306732 0.000000 -0.301331
-0.110388 0.292432 0.000000 -0.353160
-0.123558 0.277379 0.000000 -0.406905
-0.136381 0.261550 0.000000 -0.462355
-0.148786 0.244920 0.000000 -0.519195
-0.160694 0.227473 0.000000 -0.576982
-0.172017 0.209200 0.000000 -0.635122
-0.182659 0.190102 0.000000 -0.692850
-0.192518 0.170190 0.000000 -0.749218
-0.201486 0.149491 0.000000 -0.803094
-0.209451 0.128051 0.000000 -0.853186
-0.216306 0.105933 0.000000 -0.898084
-0.221945 0.083221 0.000000 -0.936341
-0.226277 0.060019 0.000000 -0.966576
-0.229226 0.036452 0.000000 -0.987591
-0.230737 0.012657 0.000000 -0.998499
-0.230781 -0.011219 0.000000 -0.998820
-0.229359 -0.035024 0.000000 -0.988541
-0.226497 -0.058609 0.000000 -0.968114
-0.222247 -0.081836 0.000000 -0.938404
-0.216685 -0.104580 0.000000 -0.900594
-0.209901 -0.126737 0.000000 -0.856057
-0.202000 -0.148220 0.000000 -0.806240
-0.193090 -0.168964 0.000000 -0.752556
-0.183282 -0.188925 0.000000 -0.696307
-0.172684 -0.208072 0.000000 -0.638635
-0.161400 -0.226394 0.000000 -0.580498
-0.149525 -0.243890 0.000000 -0.522673
-0.137147 -0.260568 0.000000 -0.465763
-0.124347 -0.276445 0.000000 -0.410220
-0.111196 -0.291542 0.000000 -0.356365
-0.097756 -0.305886 0.000000 -0.304416
-0.084084 -0.319504 0.000000 -0.254505
-0.070229 -0.332427 0.000000 -0.206699
-0.056232 -0.344684 0.000000 -0.161012
-0.042131 -0.356305 0.000000 -0.117427
-0.027958 -0.367320 0.000000 -0.075895
-0.013741 -0.377758 0.000000 -0.036352
0.000496 -0.387647 0.000000 0.001279
0.014733 -0.397013 0.000000 0.037084
0.028951 -0.405881 0.000000 0.071149
0.043136 -0.414276 0.000000 0.103565
0.057275 -0.422221 0.000000 0.134420
0.071355 -0.429737 0.000000 0.163801
0.085368 -0.436844 0.000000 0.191791
0.099304 -0.443563 0.000000 0.218471
0.113158 -0.449910 0.000000 0.243916
0.126923 -0.455903 0.000000 0.268199
0.140594 -0.461558 0.000000 0.291388
0.154166 -0.466891 0.000000 0.313547
0.167637 -0.471915 0.000000 0.334735
0.181003 -0.476643 0.000000 0.355009
0.194262 -0.481090 0.000000 0.374422
0.207411 -0.485265 0.000000 0.393023
0.220450 -0.489181 0.000000 0.410858
0.233376 -0.492849 0.000000 0.427969
0.246190 -0.496277 0.000000 0.444397
0.258890 -0.499477 0.000000 0.460180
0.271476 -0.502456 0.000000 0.475352
0.283947 -0.505223 0.000000 0.489945
0.296303 -0.507786 0.000000 0.503992
0.308546 -0.510153 0.000000 0.517519
0.320673 -0.512331 0.000000 0.530554
0.332687 -0.514326 0.000000 0.543122
0.344587 -0.516146 0.000000 0.555247
0.356374 -0.517796 0.000000 0.566950
0.368048 -0.519282 0.000000 0.578251
0.379610 -0.520610 0.000000 0.589171
0.391061 -0.521785 0.000000 0.599727
0.402401 -0.522813 0.000000 0.609936
0.413630 -0.523697 0.000000 0.619815
0.424751 -0.524443 0.000000 0.629379
0.435763 -0.525055 0.000000 0.638641
0.446667 -0.525537 0.000000 0.647615
0.457464 -0.525893 0.000000 0.656314
0.468155 -0.526128 0.000000 0.664749
0.478741 -0.526244 0.000000 0.672933
0.489223 -0.526245 0.000000 0.680875
0.499601 -0.526135 0.000000 0.688585
0.509876 -0.525916 0.000000 0.696073
0.520049 -0.525592 0.000000 0.703348
0.530121 -0.525167 0.000000 0.710419
0.540093 -0.524642 0.000000 0.717293
0.549966 -0.524020 0.000000 0.723978
0.559740 -0.523305 0.000000 0.730481
0.569416 -0.522498 0.000000 0.736810
0.578995 -0.521602 0.000000 0.742971
0.588479 -0.520620 0.000000 0.748970
0.597867 -0.519553 0.000000 0.754812
0.607160 -0.518405 0.000000 0.760505
0.616360 -0.517176 0.000000 0.766052
0.625467 -0.515869 0.000000 0.771459
0.634482 -0.514486 0.000000 0.776731
0.643405 -0.513030 0.000000 0.781872
0.652238 -0.511500 0.000000 0.786888
0.660981 -0.509901 0.000000 0.791782
0.669634 -0.508232 0.000000 0.796557
0.678199 -0.506496 0.000000 0.801219
0.686676 -0.504695 0.000000 0.805771
0.695066 -0.502829 0.000000 0.810216
0.703369 -0.500901 0.000000 0.814557
0.711587 -0.498912 0.000000 0.818799
0.719720 -0.496863 0.000000 0.822943
0.727768 -0.494756 0.000000 0.826993
0.735732 -0.492592 0.000000 0.830952
0.743613 -0.490372 0.000000 0.834822
0.751411 -0.488098 0.000000 0.838606
0.759127 -0.485770 0.000000 0.842307
0.766762 -0.483390 0.000000 0.845927
0.774316 -0.480959 0.000000 0.849468
0.781789 -0.478479 0.000000 0.852933
0.789183 -0.475949 0.000000 0.856323
0.796498 -0.473372 0.000000 0.859641
0.803734 -0.470748 0.000000 0.862888
0.810892 -0.468078 0.000000 0.866067
0.817972 -0.465364 0.000000 0.869180
0.824975 -0.462605 0.000000 0.872227
0.831902 -0.459804 0.000000 0.875211
0.838753 -0.456960 0.000000 0.878134
0.845528 -0.454076 0.000000 0.880996
0.852227 -0.451151 0.000000 0.883800
0.858853 -0.448186 0.000000 0.886547
0.865404 -0.445183 0.000000 0.889238
0.871881 -0.442142 0.000000 0.891875
0.878285 -0.439064 0.000000 0.894459
0.884616 -0.435949 0.000000 0.896991
0.890875 -0.432799 0.000000 0.899473
0.897061 -0.429613 0.000000 0.901906
0.903176 -0.426394 0.000000 0.904290
0.909220 -0.423140 0.000000 0.906627
0.915193 -0.419854 0.000000 0.908918
0.921096 -0.416536 0.000000 0.911164
0.926928 -0.413185 0.000000 0.913366
0.932691 -0.409804 0.000000 0.915525
0.938385 -0.406392 0.000000 0.917642
0.944010 -0.402951 0.000000 0.919717
0.949566 -0.399480 0.000000 0.921752
0.955054 -0.395980 0.000000 0.923748
0.960474 -0.392453 0.000000 0.925705
0.965826 -0.388897 0.000000 0.927624
0.971112 -0.385315 0.000000 0.929506
0.976330 -0.381706 0.000000 0.931352
0.981482 -0.378071 0.000000 0.933161
0.986568 -0.374411 0.000000 0.934936
0.991587 -0.370725 0.000000 0.936677
0.996541 -0.367015 0.000000 0.938383
1.001430 -0.363281 0.000000 0.940057
1.006254 -0.359524 0.000000 0.941698
1.011013 -0.355743 0.000000 0.943308
1.015707 -0.351939 0.000000 0.944886
1.020337 -0.348114 0.000000 0.946433
1.024903 -0.344266 0.000000 0.947951
1.029406 -0.340397 0.000000 0.949438
1.033845 -0.336507 0.000000 0.950897
1.038221 -0.332597 0.000000 0.952327
1.042534 -0.328666 0.000000 0.953728
1.046784 -0.324715 0.000000 0.955102
1.050972 -0.320746 0.000000 0.956449
1.055097 -0.316757 0.000000 0.957769
1.059161 -0.312749 0.000000 0.959063
1.063163 -0.308724 0.000000 0.960331
1.067103 -0.304680 0.000000 0.961573
1.070982 -0.300619 0.000000 0.962790
1.074800 -0.296541 0.000000 0.963982
1.078557 -0.292446 0.000000 0.965150
1.082253 -0.288335 0.000000 0.966294
1.085889 -0.284207 0.000000 0.967414
1.089464 -0.280064 0.000000 0.968511
1.092980 -0.275905 0.000000 0.969585
1.096435 -0.271731 0.000000 0.970636
1.099831 -0.267542 0.000000 0.971664
1.103167 -0.263339 0.000000 0.972671
1.106443 -0.259122 0.000000 0.973656
1.109661 -0.254890 0.000000 0.974619
1.112819 -0.250646 0.000000 0.975561
1.115919 -0.246387 0.000000 0.976482
1.118960 -0.242116 0.000000 0.977382
1.121942 -0.237833 0.000000 0.978262
1.124866 -0.233536 0.000000 0.979121
1.127731 -0.229228 0.000000 0.979961
1.130539 -0.224908 0.000000 0.980780
1.133288 -0.220577 0.000000 0.981580
1.135980 -0.216234 0.000000 0.982361
1.138614 -0.211880 0.000000 0.983123
1.141190 -0.207516 0.000000 0.983866
1.143709 -0.203141 0.000000 0.984590
1.146171 -0.198755 0.000000 0.985296
1.148575 -0.194360 0.000000 0.985983
1.150923 -0.189956 0.000000 0.986652
1.153213 -0.185542 0.000000 0.987303
1.155447 -0.181118 0.000000 0.987936
1.157624 -0.176686 0.000000 0.988552
1.159744 -0.172245 0.000000 0.989150
1.161808 -0.167796 0.000000 0.989731
1.163815 -0.163339 0.000000 0.990294
1.165766 -0.158874 0.000000 0.990841
1.167661 -0.154401 0.000000 0.991371
1.169499 -0.149920 0.000000 0.991883
1.171282 -0.145433 0.000000 0.992379
1.173009 -0.140938 0.000000 0.992859
1.174680 -0.136437 0.000000 0.993322
1.176295 -0.131930 0.000000 0.993769
1.177854 -0.127416 0.000000 0.994200
1.179358 -0.122896 0.000000 0.994614
1.180806 -0.118370 0.000000 0.995013
1.182198 -0.113839 0.000000 0.995396
1.183536 -0.109302 0.000000 0.995763
1.184818 -0.104760 0.000000 0.996114
1.186044 -0.100214 0.000000 0.996449
1.187215 -0.095663 0.000000 0.996769
1.188332 -0.091107 0.000000 0.997074
1.189393 -0.086547 0.000000 0.997363
1.190398 -0.081983 0.000000 0.997637
1.191349 -0.077415 0.000000 0.997895
1.192245 -0.072844 0.000000 0.998139
1.193086 -0.068269 0.000000 0.998367
1.193872 -0.063691 0.000000 0.998580
1.194603 -0.059111 0.000000 0.998778
1.195280 -0.054527 0.000000 0.998961
1.195901 -0.049941 0.000000 0.999129
1.196468 -0.045353 0.000000 0.999282
1.196980 -0.040763 0.000000 0.999421
1.197437 -0.036171 0.000000 0.999544
1.197840 -0.031577 0.000000 0.999653
1.198188 -0.026981 0.000000 0.999747
1.198481 -0.022385 0.000000 0.999826
1.198720 -0.017787 0.000000 0.999890
1.198904 -0.013189 0.000000 0.999939
1.199033 -0.008590 0.000000 0.999974
1.199108 -0.003991 0.000000 0.999994
1.199128 0.000609 0.000000 1.000000
1.199093 0.005208 0.000000 0.999991
1.199004 0.009807 0.000000 0.999967
1.198860 0.014406 0.000000 0.999928
1.198662 0.019004 0.000000 0.999874
1.198409 0.023602 0.000000 0.999806
1.198101 0.028198 0.000000 0.999723
1.197739 0.032793 0.000000 0.999625
1.197322 0.037386 0.000000 0.999513
1.196850 0.041978 0.000000 0.999385
1.196323 0.046568 0.000000 0.999243
1.195742 0.051155 0.000000 0.999086
1.195106 0.055741 0.000000 0.998914
1.194415 0.060323 0.000000 0.998727
1.193670 0.064903 0.000000 0.998525
1.192869 0.069480 0.000000 0.998308
1.192013 0.074054 0.000000 0.998076
1.191103 0.078625 0.000000 0.997828
1.190138 0.083191 0.000000 0.997566
1.189117 0.087754 0.000000 0.997288
1.188041 0.092313 0.000000 0.996995
1.186911 0.096868 0.000000 0.996686
1.185725 0.101418 0.000000 0.996362
1.184484 0.105963 0.000000 0.996022
1.183187 0.110503 0.000000 0.995667
1.181835 0.115039 0.000000 0.995296
1.180428 0.119568 0.000000 0.994909
1.178965 0.124093 0.000000 0.994506
1.177447 0.128611 0.000000 0.994087
1.175873 0.133123 0.000000 0.993652
1.174243 0.137629 0.000000 0.993201
1.172557 0.142129 0.000000 0.992734
1.170816 0.146621 0.000000 0.992250
1.169018 0.151107 0.000000 0.991749
1.167165 0.155585 0.000000 0.991232
1.165255 0.160056 0.000000 0.990698
1.163289 0.164519 0.000000 0.990147
1.161267 0.168975 0.000000 0.989579
1.159188 0.173422 0.000000 0.988993
1.157053 0.177860 0.000000 0.988391
1.154861 0.182290 0.000000 0.987770
1.152613 0.186711 0.000000 0.987132
1.150307 0.191122 0.000000 0.986477
1.147945 0.195525 0.000000 0.985803
1.145525 0.199917 0.000000 0.985111
1.143048 0.204300 0.000000 0.984400
1.140514 0.208672 0.000000 0.983671
1.137923 0.213033 0.000000 0.982923
1.135273 0.217384 0.000000 0.982157
1.132566 0.221724 0.000000 0.981371
1.129802 0.226053 0.000000 0.980565
1.126979 0.230370 0.000000 0.979740
1.124098 0.234675 0.000000 0.978896
1.121159 0.238968 0.000000 0.978031
1.118161 0.243248 0.000000 0.977146
1.115104 0.247516 0.000000 0.976240
1.111989 0.251770 0.000000 0.975313
1.108815 0.256012 0.000000 0.974366
1.105582 0.260239 0.000000 0.973397
1.102290 0.264453 0.000000 0.972407
1.098938 0.268652 0.000000 0.971394
1.095527 0.272837 0.000000 0.970360
1.092055 0.277007 0.000000 0.969303
1.088524 0.281162 0.000000 0.968223
1.084933 0.285301 0.000000 0.967120
1.081281 0.289425 0.000000 0.965994
1.077569 0.293532 0.000000 0.964844
1.073796 0.297622 0.000000 0.963669
1.069962 0.301696 0.000000 0.962470
1.066067 0.305752 0.000000 0.961247
1.062110 0.309791 0.000000 0.959998
1.058092 0.313812 0.000000 0.958723
1.054012 0.317815 0.000000 0.957423
1.049870 0.321798 0.000000 0.956095
1.045666 0.325763 0.000000 0.954741
1.041399 0.329708 0.000000 0.953360
1.037069 0.333634 0.000000 0.951951
1.032677 0.337539 0.000000 0.950514
1.028221 0.341423 0.000000 0.949047
1.023702 0.345287 0.000000 0.947552
1.019119 0.349129 0.000000 0.946027
1.014472 0.352948 0.000000 0.944471
1.009760 0.356746 0.000000 0.942885
1.004984 0.360521 0.000000 0.941267
1.000144 0.364272 0.000000 0.939617
0.995238 0.368000 0.000000 0.937935
0.990266 0.371703 0.000000 0.936219
0.985229 0.375382 0.000000 0.934470
0.980126 0.379036 0.000000 0.932686
0.974957 0.382664 0.000000 0.930867
0.969721 0.386266 0.000000 0.929012
0.964418 0.389841 0.000000 0.927120
0.959047 0.393389 0.000000 0.925191
0.953609 0.396910 0.000000 0.923224
0.948104 0.400402 0.000000 0.921218
0.942529 0.403865 0.000000 0.919172
0.936886 0.407299 0.000000 0.917086
0.931175 0.410702 0.000000 0.914958
0.925393 0.414075 0.000000 0.912787
0.919542 0.417417 0.000000 0.910574
0.913621 0.420728 0.000000 0.908316
0.907629 0.424005 0.000000 0.906013
0.901567 0.427250 0.000000 0.903664
0.895433 0.430460 0.000000 0.901267
0.889227 0.433637 0.000000 0.898821
0.882950 0.436778 0.000000 0.896326
0.876599 0.439883 0.000000 0.893781
0.870176 0.442951 0.000000 0.891183
0.863680 0.445983 0.000000 0.888532
0.857109 0.448976 0.000000 0.885826
0.850464 0.451930 0.000000 0.883064
0.843745 0.454844 0.000000 0.880245
0.836950 0.457718 0.000000 0.877366
0.830079 0.460550 0.000000 0.874428
0.823132 0.463340 0.000000 0.871427
0.816109 0.466087 0.000000 0.868363
0.809008 0.468790 0.000000 0.865233
0.801830 0.471448 0.000000 0.862036
0.794573 0.474060 0.000000 0.858770
0.787238 0.476624 0.000000 0.855433
0.779823 0.479141 0.000000 0.852024
0.772328 0.481609 0.000000 0.848539
0.764753 0.484026 0.000000 0.844978
0.757097 0.486393 0.000000 0.841337
0.749359 0.488706 0.000000 0.837614
0.741539 0.490967 0.000000 0.833807
0.733637 0.493172 0.000000 0.829914
0.725651 0.495321 0.000000 0.825931
0.717580 0.497413 0.000000 0.821856
0.709426 0.499446 0.000000 0.817687
0.701185 0.501419 0.000000 0.813419
0.692859 0.503331 0.000000 0.809051
0.684447 0.505180 0.000000 0.804578
0.675946 0.506964 0.000000 0.799998
0.667358 0.508682 0.000000 0.795306
0.658682 0.510333 0.000000 0.790499
0.649915 0.511914 0.000000 0.785574
0.641059 0.513425 0.000000 0.780526
0.632112 0.514862 0.000000 0.775350
0.623073 0.516225 0.000000 0.770043
0.613942 0.517512 0.000000 0.764599
0.604717 0.518719 0.000000 0.759014
0.595399 0.519847 0.000000 0.753283
0.585986 0.520891 0.000000 0.747400
0.576477 0.521851 0.000000 0.741359
0.566873 0.522724 0.000000 0.735155
0.557171 0.523507 0.000000 0.728780
0.547371 0.524198 0.000000 0.722229
0.537472 0.524794 0.000000 0.715495
0.527474 0.525293 0.000000 0.708570
0.517376 0.525692 0.000000 0.701446
0.507176 0.525989 0.000000 0.694116
0.496874 0.526179 0.000000 0.686570
0.486469 0.526260 0.000000 0.678800
0.475960 0.526229 0.000000 0.670795
0.465347 0.526083 0.000000 0.662547
0.454628 0.525817 0.000000 0.654043
0.443803 0.525428 0.000000 0.645273
0.432871 0.524912 0.000000 0.636224
0.421831 0.524265 0.000000 0.626884
0.410682 0.523484 0.000000 0.617239
0.399423 0.522562 0.000000 0.607274
0.388055 0.521496 0.000000 0.596975
0.376575 0.520282 0.000000 0.586325
0.364984 0.518913 0.000000 0.575307
0.353280 0.517384 0.000000 0.563902
0.341464 0.515690 0.000000 0.552090
0.329534 0.513825 0.000000 0.539851
0.317491 0.511782 0.000000 0.527163
0.305333 0.509555 0.000000 0.514000
0.293061 0.507138 0.000000 0.500339
0.280675 0.504522 0.000000 0.486152
0.268174 0.501700 0.000000 0.471409
0.255558 0.498664 0.000000 0.456080
0.242829 0.495406 0.000000 0.440132
0.229986 0.491916 0.000000 0.423528
0.217030 0.488184 0.000000 0.406231
0.203962 0.484201 0.000000 0.388199
0.190784 0.479956 0.000000 0.369390
0.177498 0.475437 0.000000 0.349756
0.164104 0.470632 0.000000 0.329247
0.150607 0.465529 0.000000 0.307810
0.137009 0.460114 0.000000 0.285388
0.123313 0.454372 0.000000 0.261918
0.109525 0.448288 0.000000 0.237338
0.095649 0.441845 0.000000 0.211576
0.081693 0.435027 0.000000 0.184561
0.067662 0.427815 0.000000 0.156215
0.053566 0.420190 0.000000 0.126457
0.039415 0.412130 0.000000 0.095202
0.025220 0.403613 0.000000 0.062364
0.010996 0.394618 0.000000 0.027853
-0.003243 0.385119 0.000000 -0.008420
-0.017476 0.375090 0.000000 -0.046542
-0.031684 0.364504 0.000000 -0.086596
-0.045840 0.353334 0.000000 -0.128657
-0.059916 0.341551 0.000000 -0.172785
-0.073879 0.329124 0.000000 -0.219021
-0.087690 0.316024 0.000000 -0.267378
-0.101306 0.302220 0.000000 -0.317825
-0.114675 0.287683 0.000000 -0.370282
-0.127741 0.272387 0.000000 -0.424596
-0.140437 0.256305 0.000000 -0.480525
-0.152691 0.239417 0.000000 -0.537715
-0.164420 0.221708 0.000000 -0.595677
-0.175535 0.203173 0.000000 -0.653765
-0.185937 0.183814 0.000000 -0.711155
-0.195522 0.163649 0.000000 -0.766842
-0.204180 0.142710 0.000000 -0.819639
-0.211801 0.121048 0.000000 -0.868210
-0.218277 0.098733 0.000000 -0.911127
-0.223508 0.075855 0.000000 -0.946950
-0.227404 0.052526 0.000000 -0.974346
-0.229898 0.028873 0.000000 -0.992205
-0.230943 0.005039 0.000000 -0.999762
-0.230519 -0.018827 0.000000 -0.996681
-0.228633 -0.042574 0.000000 -0.983101
-0.225322 -0.066056 0.000000 -0.959613
-0.220646 -0.089139 0.000000 -0.927195
-0.214685 -0.111704 0.000000 -0.887102
-0.207535 -0.133651 0.000000 -0.840743
-0.199301 -0.154903 0.000000 -0.789562
-0.190094 -0.175399 0.000000 -0.734943
-0.180025 -0.195101 0.000000 -0.678141
-0.169198 -0.213985 0.000000 -0.620239
-0.157717 -0.232041 0.000000 -0.562137
-0.145674 -0.249273 0.000000 -0.504554
-0.133155 -0.265693 0.000000 -0.448043
-0.120236 -0.281317 0.000000 -0.393013
-0.106988 -0.296171 0.000000 -0.339749
-0.093469 -0.310279 0.000000 -0.288439
-0.079734 -0.323671 0.000000 -0.239192
-0.065830 -0.336377 0.000000 -0.192059
-0.051796 -0.348427 0.000000 -0.147042
-0.037670 -0.359851 0.000000 -0.104113
-0.023480 -0.370677 0.000000 -0.063217
-0.009254 -0.380936 0.000000 -0.024286
0.004985 -0.390654 0.000000 0.012760
0.019218 -0.399857 0.000000 0.048007
0.033428 -0.408570 0.000000 0.081544
0.047599 -0.416817 0.000000 0.113459
0.061720 -0.424621 0.000000 0.143842
0.075780 -0.432003 0.000000 0.172778
0.089770 -0.438982 0.000000 0.200349
0.103681 -0.445578 0.000000 0.226634
0.117507 -0.451808 0.000000 0.251708
0.131243 -0.457689 0.000000 0.275642
0.144883 -0.463238 0.000000 0.298502
0.158424 -0.468468 0.000000 0.320352
0.171862 -0.473394 0.000000 0.341249
0.185194 -0.478028 0.000000 0.361250
0.198418 -0.482384 0.000000 0.380405
0.211533 -0.486473 0.000000 0.398762
0.224536 -0.490306 0.000000 0.416367
0.237427 -0.493893 0.000000 0.433262
0.250204 -0.497244 0.000000 0.449486
0.262868 -0.500369 0.000000 0.465075
0.275417 -0.503276 0.000000 0.480064
0.287852 -0.505974 0.000000 0.494485
0.300172 -0.508470 0.000000 0.508368
0.312377 -0.510773 0.000000 0.521740
0.324469 -0.512888 0.000000 0.534628
0.336446 -0.514823 0.000000 0.547056
0.348310 -0.516585 0.000000 0.559048
0.360060 -0.518178 0.000000 0.570625
0.371698 -0.519610 0.000000 0.581807
0.383224 -0.520885 0.000000 0.592612
0.394639 -0.522008 0.000000 0.603060
0.405943 -0.522986 0.000000 0.613166
0.417138 -0.523821 0.000000 0.622946
0.428223 -0.524520 0.000000 0.632415
0.439200 -0.525086 0.000000 0.641587
0.450069 -0.525523 0.000000 0.650475
0.460832 -0.525836 0.000000 0.659092
0.471488 -0.526028 0.000000 0.667448
0.482040 -0.526103 0.000000 0.675556
0.492487 -0.526064 0.000000 0.683426
0.502831 -0.525914 0.000000 0.691067
0.513073 -0.525658 0.000000 0.698489
0.523213 -0.525297 0.000000 0.705700
0.533252 -0.524835 0.000000 0.712709
0.543191 -0.524274 0.000000 0.719525
0.553031 -0.523618 0.000000 0.726153
0.562772 -0.522869 0.000000 0.732602
0.572416 -0.522029 0.000000 0.738879
0.581964 -0.521100 0.000000 0.744989
0.591415 -0.520086 0.000000 0.750939
0.600772 -0.518989 0.000000 0.756735
0.610034 -0.517810 0.000000 0.762382
0.619202 -0.516551 0.000000 0.767886
0.628278 -0.515215 0.000000 0.773251
0.637262 -0.513804 0.000000 0.778483
0.646154 -0.512319 0.000000 0.783585
0.654956 -0.510762 0.000000 0.788563
0.663669 -0.509136 0.000000 0.793420
0.672292 -0.507441 0.000000 0.798160
0.680827 -0.505679 0.000000 0.802788
0.689274 -0.503852 0.000000 0.807306
0.697634 -0.501962 0.000000 0.811719
0.705908 -0.500009 0.000000 0.816029
0.714096 -0.497996 0.000000 0.820240
0.722199 -0.495923 0.000000 0.824355
0.730218 -0.493793 0.000000 0.828377
0.738153 -0.491606 0.000000 0.832308
0.746005 -0.489364 0.000000 0.836152
0.753775 -0.487067 0.000000 0.839910
0.761462 -0.484718 0.000000 0.843586
0.769069 -0.482316 0.000000 0.847181
0.776594 -0.479865 0.000000 0.850698
0.784040 -0.477363 0.000000 0.854140
0.791405 -0.474813 0.000000 0.857507
0.798692 -0.472216 0.000000 0.860803
0.805900 -0.469572 0.000000 0.864029
0.813030 -0.466883 0.000000 0.867187
0.820083 -0.464149 0.000000 0.870279
0.827059 -0.461372 0.000000 0.873306
0.833958 -0.458552 0.000000 0.876271
0.840781 -0.455691 0.000000 0.879175
0.847529 -0.452788 0.000000 0.882019
0.854202 -0.449845 0.000000 0.884805
0.860800 -0.446863 0.000000 0.887534
0.867324 -0.443843 0.000000 0.890208
0.873774 -0.440785 0.000000 0.892829
0.880151 -0.437690 0.000000 0.895396
0.886456 -0.434558 0.000000 0.897912
0.892688 -0.431392 0.000000 0.900378
0.898848 -0.428190 0.000000 0.902795
0.904936 -0.424954 0.000000 0.905164
0.910954 -0.421685 0.000000 0.907487
0.916901 -0.418384 0.000000 0.909763
0.922777 -0.415050 0.000000 0.911995
0.928583 -0.411685 0.000000 0.914184
0.934320 -0.408288 0.000000 0.916329
0.939988 -0.404862 0.000000 0.918432
0.945586 -0.401406 0.000000 0.920495
0.951116 -0.397921 0.000000 0.922517
0.956578 -0.394407 0.000000 0.924500
0.961973 -0.390865 0.000000 0.926445
0.967299 -0.387296 0.000000 0.928352
0.972559 -0.383700 0.000000 0.930222
0.977752 -0.380078 0.000000 0.932056
0.982878 -0.376430 0.000000 0.933854
0.987938 -0.372756 0.000000 0.935617
0.992932 -0.369058 0.000000 0.937347
0.997860 -0.365335 0.000000 0.939043
1.002723 -0.361588 0.000000 0.940706
1.007522 -0.357818 0.000000 0.942336
1.012255 -0.354025 0.000000 0.943935
1.016924 -0.350209 0.000000 0.945503
1.021528 -0.346372 0.000000 0.947040
1.026069 -0.342512 0.000000 0.948548
1.030546 -0.338631 0.000000 0.950025
1.034960 -0.334730 0.000000 0.951474
1.039311 -0.330808 0.000000 0.952895
1.043598 -0.326866 0.000000 0.954287
1.047823 -0.322904 0.000000 0.955652
1.051986 -0.318923 0.000000 0.956989
1.056086 -0.314923 0.000000 0.958300
1.060124 -0.310905 0.000000 0.959585
1.064101 -0.306869 0.000000 0.960844
1.068016 -0.302815 0.000000 0.962077
1.071870 -0.298743 0.000000 0.963285
1.075662 -0.294655 0.000000 0.964469
1.079394 -0.290549 0.000000 0.965628
1.083065 -0.286428 0.000000 0.966764
1.086676 -0.282290 0.000000 0.967876
1.090226 -0.278137 0.000000 0.968964
1.093716 -0.273969 0.000000 0.970030
1.097146 -0.269785 0.000000 0.971073
1.100517 -0.265587 0.000000 0.972093
1.103828 -0.261374 0.000000 0.973092
1.107079 -0.257148 0.000000 0.974069
1.110271 -0.252907 0.000000 0.975024
1.113405 -0.248653 0.000000 0.975958
1.116479 -0.244386 0.000000 0.976871
1.119494 -0.240106 0.000000 0.977764
1.122451 -0.235814 0.000000 0.978636
1.125350 -0.231509 0.000000 0.979488
1.128190 -0.227192 0.000000 0.980320
1.130972 -0.222864 0.000000 0.981132
1.133697 -0.218524 0.000000 0.981925
1.136363 -0.214173 0.000000 0.982699
1.138971 -0.209811 0.000000 0.983453
1.141522 -0.205439 0.000000 0.984189
1.144016 -0.201056 0.000000 0.984906
1.146452 -0.196663 0.000000 0.985604
1.148831 -0.192260 0.000000 0.986284
1.151153 -0.187848 0.000000 0.986946
1.153418 -0.183426 0.000000 0.987590
1.155626 -0.178996 0.000000 0.988216
1.157777 -0.174556 0.000000 0.988825
1.159872 -0.170108 0.000000 0.989416
1.161910 -0.165652 0.000000 0.989989
1.163892 -0.161188 0.000000 0.990546
1.165817 -0.156716 0.000000 0.991086
1.167686 -0.152236 0.000000 0.991608
1.169499 -0.147749 0.000000 0.992114
1.171256 -0.143255 0.000000 0.992603
1.172957 -0.138754 0.000000 0.993076
1.174602 -0.134246 0.000000 0.993532
1.176191 -0.129732 0.000000 0.993972
1.177724 -0.125212 0.000000 0.994396
1.179202 -0.120686 0.000000 0.994803
1.180624 -0.116155 0.000000 0.995195
1.181990 -0.111617 0.000000 0.995571
1.183301 -0.107075 0.000000 0.995931
1.184557 -0.102528 0.000000 0.996275
1.185757 -0.097975 0.000000 0.996604
1.186902 -0.093419 0.000000 0.996917
1.187992 -0.088858 0.000000 0.997214
1.189026 -0.084292 0.000000 0.997497
1.190006 -0.079723 0.000000 0.997763
1.190930 -0.075150 0.000000 0.998015
1.191799 -0.070574 0.000000 0.998251
1.192614 -0.065995 0.000000 0.998472
1.193373 -0.061412 0.000000 0.998679
1.194077 -0.056826 0.000000 0.998870
1.194727 -0.052238 0.000000 0.999045
1.195321 -0.047648 0.000000 0.999206
1.195861 -0.043055 0.000000 0.999352
1.196346 -0.038461 0.000000 0.999484
1.196776 -0.033864 0.000000 0.999600
1.197152 -0.029266 0.000000 0.999701
1.197472 -0.024667 0.000000 0.999788
1.197738 -0.020067 0.000000 0.999860
1.197949 -0.015466 0.000000 0.999917
1.198106 -0.010864 0.000000 0.999959
1.198208 -0.006261 0.000000 0.999986
1.198255 -0.001658 0.000000 0.999999
1.198247 0.002945 0.000000 0.999997
1.198185 0.007547 0.000000 0.999980
1.198068 0.012150 0.000000 0.999949
1.197896 0.016752 0.000000 0.999902
1.197669 0.021353 0.000000 0.999841
1.197388 0.025953 0.000000 0.999765
1.197052 0.030552 0.000000 0.999674
1.196662 0.035149 0.000000 0.999569
1.196216 0.039745 0.000000 0.999448
1.195716 0.044339 0.000000 0.999313
1.195161 0.048931 0.000000 0.999163
1.194551 0.053521 0.000000 0.998998
1.193886 0.058108 0.000000 0.998818
1.193166 0.062693 0.000000 0.998622
1.192392 0.067275 0.000000 0.998412
1.191562 0.071853 0.000000 0.998187
1.190677 0.076429 0.000000 0.997946
1.189738 0.081001 0.000000 0.997690
1.188743 0.085569 0.000000 0.997419
1.187693 0.090133 0.000000 0.997133
1.186588 0.094693 0.000000 0.996831
1.185427 0.099248 0.000000 0.996513
1.184211 0.103799 0.000000 0.996181
1.182940 0.108345 0.000000 0.995832
1.181614 0.112886 0.000000 0.995467
1.180232 0.117422 0.000000 0.995087
1.178794 0.121952 0.000000 0.994691
1.177301 0.126476 0.000000 0.994279
1.175752 0.130995 0.000000 0.993851
1.174147 0.135507 0.000000 0.993406
1.172487 0.140012 0.000000 0.992945
1.170770 0.144511 0.000000 0.992468
1.168998 0.149004 0.000000 0.991974
1.167169 0.153489 0.000000 0.991464
1.165285 0.157966 0.000000 0.990936
1.163344 0.162436 0.000000 0.990392
1.161346 0.166898 0.000000 0.989831
1.159292 0.171352 0.000000 0.989252
1.157182 0.175798 0.000000 0.988656
1.155015 0.180235 0.000000 0.988043
1.152791 0.184663 0.000000 0.987412
1.150510 0.189082 0.000000 0.986763
1.148172 0.193492 0.000000 0.986096
1.145777 0.197892 0.000000 0.985411
1.143325 0.202282 0.000000 0.984707
1.140815 0.206662 0.000000 0.983985
1.138248 0.211031 0.000000 0.983244
1.135624 0.215390 0.000000 0.982484
1.132941 0.219738 0.000000 0.981706
1.130201 0.224075 0.000000 0.980907
1.127403 0.228400 0.000000 0.980090
1.124546 0.232713 0.000000 0.979252
1.121631 0.237015 0.000000 0.978394
1.118658 0.241304 0.000000 0.977517
1.115626 0.245580 0.000000 0.976618
1.112535 0.249843 0.000000 0.975699
1.109385 0.254094 0.000000 0.974759
1.106177 0.258330 0.000000 0.973798
1.102909 0.262553 0.000000 0.972815
1.099581 0.266762 0.000000 0.971810
1.096194 0.270956 0.000000 0.970784
1.092747 0.275135 0.000000 0.969734
1.089240 0.279300 0.000000 0.968662
1.085673 0.283448 0.000000 0.967567
1.082046 0.287581 0.000000 0.966449
1.078358 0.291699 0.000000 0.965307
1.074609 0.295799 0.000000 0.964141
1.070799 0.299883 0.000000 0.962950
1.066929 0.303950 0.000000 0.961735
1.062996 0.307999 0.000000 0.960494
1.059003 0.312030 0.000000 0.959228
1.054947 0.316043 0.000000 0.957936
1.050829 0.320038 0.000000 0.956618
1.046649 0.324013 0.000000 0.955273
1.042407 0.327970 0.000000 0.953901
1.038102 0.331906 0.000000 0.952500
1.033734 0.335822 0.000000 0.951072
1.029302 0.339718 0.000000 0.949615
1.024808 0.343593 0.000000 0.948129
1.020249 0.347446 0.000000 0.946614
1.015626 0.351278 0.000000 0.945068
1.010940 0.355088 0.000000 0.943491
1.006188 0.358874 0.000000 0.941884
1.001372 0.362638 0.000000 0.940244
0.996491 0.366378 0.000000 0.938572
0.991544 0.370094 0.000000 0.936867
0.986531 0.373786 0.000000 0.935128
0.981453 0.377452 0.000000 0.933355
0.976308 0.381093 0.000000 0.931547
0.971097 0.384708 0.000000 0.929703
0.965819 0.388297 0.000000 0.927823
0.960473 0.391858 0.000000 0.925906
0.955060 0.395392 0.000000 0.923950
0.949579 0.398898 0.000000 0.921956
0.944030 0.402375 0.000000 0.919923
0.938412 0.405823 0.000000 0.917849
0.932725 0.409241 0.000000 0.915734
0.926969 0.412629 0.000000 0.913576
0.921144 0.415985 0.000000 0.911376
0.915248 0.419310 0.000000 0.909132
0.909281 0.422603 0.000000 0.906843
0.903244 0.425863 0.000000 0.904507
0.897136 0.429089 0.000000 0.902125
0.890956 0.432281 0.000000 0.899694
0.884704 0.435438 0.000000 0.897214
0.878379 0.438559 0.000000 0.894684
0.871981 0.441644 0.000000 0.892102
0.865511 0.444691 0.000000 0.889467
0.858966 0.447701 0.000000 0.886777
0.852347 0.450672 0.000000 0.884032
0.845654 0.453604 0.000000 0.881230
0.838885 0.456495 0.000000 0.878370
0.832041 0.459345 0.000000 0.875449
0.825120 0.462154 0.000000 0.872467
0.818123 0.464919 0.000000 0.869422
0.811049 0.467640 0.000000 0.866312
0.803897 0.470317 0.000000 0.863135
0.796667 0.472948 0.000000 0.859890
0.789359 0.475532 0.000000 0.856574
0.781971 0.478068 0.000000 0.853186
0.774503 0.480556 0.000000 0.849724
0.766955 0.482994 0.000000 0.846185
0.759326 0.485381 0.000000 0.842568
0.751616 0.487716 0.000000 0.838869
0.743824 0.489997 0.000000 0.835087
0.735949 0.492224 0.000000 0.831220
0.727990 0.494396 0.000000 0.827263
0.719948 0.496510 0.000000 0.823216
0.711821 0.498566 0.000000 0.819074
0.703609 0.500563 0.000000 0.814836
0.695312 0.502498 0.000000 0.810497
0.686927 0.504371 0.000000 0.806055
0.678456 0.506180 0.000000 0.801507
0.669897 0.507923 0.000000 0.796848
0.661249 0.509599 0.000000 0.792076
0.652512 0.511207 0.000000 0.787185
0.643685 0.512744 0.000000 0.782173
0.634767 0.514208 0.000000 0.777036
0.625758 0.515599 0.000000 0.771767
0.616656 0.516914 0.000000 0.766364
0.607462 0.518150 0.000000 0.760821
0.598174 0.519307 0.000000 0.755133
0.588791 0.520381 0.000000 0.749295
0.579313 0.521372 0.000000 0.743300
0.569739 0.522276 0.000000 0.737144
0.560068 0.523091 0.000000 0.730820
0.550299 0.523815 0.000000 0.724322
0.540432 0.524445 0.000000 0.717642
0.530465 0.524978 0.000000 0.710774
0.520399 0.525412 0.000000 0.703709
0.510231 0.525745 0.000000 0.696440
0.499961 0.525972 0.000000 0.688958
0.489588 0.526091 0.000000 0.681254
0.479112 0.526099 0.000000 0.673319
0.468531 0.525992 0.000000 0.665143
0.457846 0.525767 0.000000 0.656715
0.447054 0.525420 0.000000 0.648024
0.436155 0.524947 0.000000 0.639058
0.425148 0.524345 0.000000 0.629805
0.414033 0.523608 0.000000 0.620251
0.402808 0.522734 0.000000 0.610382
0.391473 0.521716 0.000000 0.600183
0.380028 0.520551 0.000000 0.589637
0.368471 0.519234 0.000000 0.578729
0.356802 0.517758 0.000000 0.567440
0.345020 0.516118 0.000000 0.555750
0.333125 0.514310 0.000000 0.543639
0.321117 0.512325 0.000000 0.531085
0.308994 0.510159 0.000000 0.518065
0.296757 0.507803 0.000000 0.504554
0.284405 0.505252 0.000000 0.490525
0.271939 0.502497 0.000000 0.475949
0.259358 0.499530 0.000000 0.460797
0.246663 0.496344 0.000000 0.445035
0.233855 0.492928 0.000000 0.428629
0.220933 0.489274 0.000000 0.411541
0.207899 0.485372 0.000000 0.393732
0.194754 0.481210 0.000000 0.375158
0.181500 0.476778 0.000000 0.355773
0.168139 0.472065 0.000000 0.335530
0.154673 0.467056 0.000000 0.314374
0.141104 0.461740 0.000000 0.292251
0.127438 0.456101 0.000000 0.269100
0.113677 0.450125 0.000000 0.244858
0.099827 0.443796 0.000000 0.219456
0.085894 0.437096 0.000000 0.192823
0.071885 0.430008 0.000000 0.164883
0.057807 0.422512 0.000000 0.135555
0.043671 0.414588 0.000000 0.104758
0.029489 0.406215 0.000000 0.072403
0.015272 0.397369 0.000000 0.038403
0.001036 0.388027 0.000000 0.002669
-0.013201 0.378163 0.000000 -0.034888
-0.027419 0.367751 0.000000 -0.074353
-0.041594 0.356763 0.000000 -0.115802
-0.055697 0.345171 0.000000 -0.159301
-0.069698 0.332944 0.000000 -0.204897
-0.083559 0.320052 0.000000 -0.252612
-0.097239 0.306467 0.000000 -0.302431
-0.110688 0.292157 0.000000 -0.354289
-0.123851 0.277095 0.000000 -0.408057
-0.136666 0.261255 0.000000 -0.463523
-0.149062 0.244616 0.000000 -0.520368
-0.160958 0.227159 0.000000 -0.578147
-0.172269 0.208877 0.000000 -0.636263
-0.182897 0.189769 0.000000 -0.693950
-0.192740 0.169848 0.000000 -0.750256
-0.201690 0.149142 0.000000 -0.804049
-0.209636 0.127696 0.000000 -0.854034
-0.216470 0.105573 0.000000 -0.898805
-0.222088 0.082858 0.000000 -0.936917
-0.226398 0.059656 0.000000 -0.966992
-0.229324 0.036091 0.000000 -0.987841
-0.230813 0.012300 0.000000 -0.998583
-0.230836 -0.011569 0.000000 -0.998746
-0.229393 -0.035365 0.000000 -0.988324
-0.226511 -0.058940 0.000000 -0.967774
-0.222243 -0.082154 0.000000 -0.937966
-0.216665 -0.104885 0.000000 -0.900082
-0.209867 -0.127028 0.000000 -0.855495
-0.201954 -0.148496 0.000000 -0.805651
-0.193033 -0.169225 0.000000 -0.751957
-0.183216 -0.189170 0.000000 -0.695713
-0.172611 -0.208303 0.000000 -0.638056
-0.161320 -0.226610 0.000000 -0.579943
-0.149440 -0.244091 0.000000 -0.522145
-0.137059 -0.260755 0.000000 -0.465265
-0.124255 -0.276618 0.000000 -0.409753
-0.111101 -0.291703 0.000000 -0.355929
-0.097660 -0.306034 0.000000 -0.304010
-0.083986 -0.319640 0.000000 -0.254126
-0.070129 -0.332551 0.000000 -0.206344
-0.056132 -0.344796 0.000000 -0.160681
-0.042030 -0.356406 0.000000 -0.117116
-0.027857 -0.367410 0.000000 -0.075603
-0.013640 -0.377837 0.000000 -0.036076
0.000598 -0.387716 0.000000 0.001542
0.014835 -0.397071 0.000000 0.037334
0.029053 -0.405929 0.000000 0.071389
0.043238 -0.414314 0.000000 0.103796
0.057376 -0.422249 0.000000 0.134644
0.071456 -0.429755 0.000000 0.164019
0.085468 -0.436853 0.000000 0.192004
0.099404 -0.443561 0.000000 0.218680
0.113257 -0.449899 0.000000 0.244122
0.127021 -0.455883 0.000000 0.268402
0.140691 -0.461528 0.000000 0.291589
0.154262 -0.466851 0.000000 0.313747
0.167732 -0.471866 0.000000 0.334935
0.181097 -0.476585 0.000000 0.355209
0.194355 -0.481022 0.000000 0.374622
0.207503 -0.485188 0.000000 0.393223
0.220540 -0.489094 0.000000 0.411059
0.233466 -0.492752 0.000000 0.428171
0.246278 -0.496171 0.000000 0.444601
0.258976 -0.499361 0.000000 0.460385
0.271560 -0.502330 0.000000 0.475558
0.284030 -0.505088 0.000000 0.490154
0.296385 -0.507641 0.000000 0.504202
0.308625 -0.509998 0.000000 0.517731
0.320751 -0.512167 0.000000 0.530769
0.332763 -0.514152 0.000000 0.543339
0.344661 -0.515962 0.000000 0.555466
0.356446 -0.517602 0.000000 0.567171
0.368118 -0.519079 0.000000 0.578474
0.379677 -0.520397 0.000000 0.589396
0.391126 -0.521562 0.000000 0.599955
0.402463 -0.522580 0.000000 0.610166
0.413690 -0.523454 0.000000 0.620048
0.424808 -0.524190 0.000000 0.629613
0.435817 -0.524792 0.000000 0.638877
0.446718 -0.525264 0.000000 0.647854
0.457513 -0.525610 0.000000 0.656555
0.468201 -0.525834 0.000000 0.664992
0.478784 -0.525940 0.000000 0.673178
0.489262 -0.525931 0.000000 0.681121
0.499636 -0.525811 0.000000 0.688834
0.509908 -0.525582 0.000000 0.696324
0.520078 -0.525248 0.000000 0.703601
0.530146 -0.524812 0.000000 0.710673
0.540115 -0.524277 0.000000 0.717549
0.549983 -0.523645 0.000000 0.724236
0.559754 -0.522919 0.000000 0.730741
0.569426 -0.522102 0.000000 0.737071
0.579001 -0.521196 0.000000 0.743234
0.588480 -0.520203 0.000000 0.749234
0.597864 -0.519126 0.000000 0.755078
0.607153 -0.517967 0.000000 0.760772
0.616349 -0.516728 0.000000 0.766320
0.625451 -0.515410 0.000000 0.771728
0.634461 -0.514017 0.000000 0.777002
0.643380 -0.512550 0.000000 0.782144
0.652207 -0.511010 0.000000 0.787161
0.660945 -0.509400 0.000000 0.792056
0.669593 -0.507720 0.000000 0.796833
0.678153 -0.505974 0.000000 0.801496
0.686625 -0.504162 0.000000 0.806048
0.695009 -0.502286 0.000000 0.810494
0.703307 -0.500347 0.000000 0.814836
0.711519 -0.498348 0.000000 0.819078
0.719646 -0.496288 0.000000 0.823223
0.727688 -0.494170 0.000000 0.827274
0.735646 -0.491995 0.000000 0.831234
0.743521 -0.489765 0.000000 0.835104
0.751313 -0.487480 0.000000 0.838889
0.759023 -0.485141 0.000000 0.842591
0.766652 -0.482751 0.000000 0.846211
0.774199 -0.480309 0.000000 0.849752
0.781666 -0.477818 0.000000 0.853217
0.789053 -0.475277 0.000000 0.856608
0.796361 -0.472689 0.000000 0.859926
0.803590 -0.470055 0.000000 0.863173
0.810741 -0.467374 0.000000 0.866353
0.817814 -0.464649 0.000000 0.869465
0.824810 -0.461880 0.000000 0.872512
0.831730 -0.459068 0.000000 0.875497
0.838573 -0.456214 0.000000 0.878419
0.845340 -0.453318 0.000000 0.881281
0.852033 -0.450382 0.000000 0.884085
0.858650 -0.447407 0.000000 0.886832
0.865193 -0.444393 0.000000 0.889523
0.871663 -0.441342 0.000000 0.892160
0.878058 -0.438253 0.000000 0.894744
0.884381 -0.435127 0.000000 0.897275
0.890632 -0.431966 0.000000 0.899757
0.896810 -0.428770 0.000000 0.902189
0.902917 -0.425539 0.000000 0.904572
0.908952 -0.422275 0.000000 0.906909
0.914916 -0.418978 0.000000 0.909200
0.920810 -0.415649 0.000000 0.911445
0.926634 -0.412288 0.000000 0.913646
0.932388 -0.408896 0.000000 0.915805
0.938072 -0.405474 0.000000 0.917921
0.943688 -0.402022 0.000000 0.919996
0.949234 -0.398540 0.000000 0.922030
0.954713 -0.395030 0.000000 0.924025
0.960123 -0.391492 0.000000 0.925981
0.965466 -0.387926 0.000000 0.927899
0.970742 -0.384333 0.000000 0.929780
0.975950 -0.380714 0.000000 0.931625
0.981092 -0.377068 0.000000 0.933433
0.986168 -0.373397 0.000000 0.935207
0.991177 -0.369701 0.000000 0.936946
0.996121 -0.365981 0.000000 0.938652
1.000999 -0.362236 0.000000 0.940324
1.005812 -0.358468 0.000000 0.941964
1.010560 -0.354677 0.000000 0.943573
1.015244 -0.350863 0.000000 0.945149
1.019863 -0.347027 0.000000 0.946695
1.024418 -0.343169 0.000000 0.948211
1.028910 -0.339289 0.000000 0.949698
1.033337 -0.335389 0.000000 0.951155
1.037702 -0.331468 0.000000 0.952583
1.042003 -0.327527 0.000000 0.953983
1.046242 -0.323566 0.000000 0.955356
1.050418 -0.319586 0.000000 0.956701
1.054532 -0.315587 0.000000 0.958019
1.058584 -0.311570 0.000000 0.959311
1.062573 -0.307534 0.000000 0.960577
1.066502 -0.303480 0.000000 0.961818
1.070368 -0.299409 0.000000 0.963033
1.074174 -0.295321 0.000000 0.964223
1.077918 -0.291216 0.000000 0.965389
1.081602 -0.287094 0.000000 0.966531
1.085225 -0.282956 0.000000 0.967649
1.088787 -0.278803 0.000000 0.968744
1.092290 -0.274634 0.000000 0.969815
1.095732 -0.270450 0.000000 0.970864
1.099115 -0.266252 0.000000 0.971891
1.102437 -0.262039 0.000000 0.972895
1.105701 -0.257811 0.000000 0.973877
1.108905 -0.253570 0.000000 0.974838
1.112049 -0.249316 0.000000 0.975778
1.115135 -0.245048 0.000000 0.976696
1.118162 -0.240767 0.000000 0.977594
1.121130 -0.236474 0.000000 0.978471
1.124040 -0.232168 0.000000 0.979328
1.126891 -0.227850 0.000000 0.980165
1.129684 -0.223520 0.000000 0.980982
1.132419 -0.219179 0.000000 0.981780
1.135096 -0.214827 0.000000 0.982558
1.137715 -0.210464 0.000000 0.983317
1.140277 -0.206090 0.000000 0.984057
1.142781 -0.201705 0.000000 0.984778
1.145227 -0.197311 0.000000 0.985481
1.147616 -0.192907 0.000000 0.986165
1.149948 -0.188493 0.000000 0.986831
1.152223 -0.184069 0.000000 0.987479
1.154441 -0.179637 0.000000 0.988109
1.156602 -0.175196 0.000000 0.988721
1.158706 -0.170746 0.000000 0.989316
1.160754 -0.166288 0.000000 0.989894
1.162745 -0.161821 0.000000 0.990454
1.164680 -0.157347 0.000000 0.990997
1.166558 -0.152865 0.000000 0.991523
1.168380 -0.148376 0.000000 0.992033
1.170146 -0.143880 0.000000 0.992525
1.171856 -0.139377 0.000000 0.993001
1.173510 -0.134867 0.000000 0.993461
1.175108 -0.130351 0.000000 0.993904
1.176650 -0.125828 0.000000 0.994331
1.178136 -0.121300 0.000000 0.994741
1.179567 -0.116766 0.000000 0.995136
1.180942 -0.112226 0.000000 0.995515
1.182261 -0.107681 0.000000 0.995878
1.183525 -0.103131 0.000000 0.996225
1.184733 -0.098576 0.000000 0.996556
1.185886 -0.094017 0.000000 0.996872
1.186984 -0.089453 0.000000 0.997172
1.188027 -0.084885 0.000000 0.997457
1.189014 -0.080313 0.000000 0.997727
1.189946 -0.075737 0.000000 0.997981
1.190823 -0.071158 0.000000 0.998219
1.191645 -0.066576 0.000000 0.998443
1.192412 -0.061990 0.000000 0.998651
1.193123 -0.057402 0.000000 0.998845
1.193780 -0.052811 0.000000 0.999023
1.194382 -0.048217 0.000000 0.999186
1.194929 -0.043621 0.000000 0.999334
1.195421 -0.039024 0.000000 0.999468
1.195858 -0.034424 0.000000 0.999586
1.196241 -0.029823 0.000000 0.999689
1.196568 -0.025221 0.000000 0.999778
1.196841 -0.020617 0.000000 0.999852
1.197059 -0.016013 0.000000 0.999911
1.197222 -0.011407 0.000000 0.999955
1.197330 -0.006801 0.000000 0.999984
1.197383 -0.002195 0.000000 0.999998
1.197382 0.002411 0.000000 0.999998
1.197326 0.007017 0.000000 0.999983
1.197215 0.011623 0.000000 0.999953
1.197050 0.016228 0.000000 0.999908
1.196829 0.020832 0.000000 0.999849
1.196554 0.025436 0.000000 0.999774
1.196224 0.030038 0.000000 0.999685
1.195839 0.034639 0.000000 0.999581
1.195399 0.039239 0.000000 0.999462
1.194905 0.043836 0.000000 0.999328
1.194355 0.048432 0.000000 0.999179
1.193751 0.053025 0.000000 0.999015
1.193091 0.057616 0.000000 0.998836
1.192377 0.062205 0.000000 0.998642
1.191608 0.066790 0.000000 0.998433
1.190783 0.071372 0.000000 0.998209
1.189904 0.075951 0.000000 0.997969
1.188969 0.080527 0.000000 0.997714
1.187979 0.085099 0.000000 0.997444
1.186934 0.089666 0.000000 0.997159
1.185834 0.094230 0.000000 0.996858
1.184678 0.098789 0.000000 0.996541
1.183467 0.103344 0.000000 0.996209
1.182200 0.107894 0.000000 0.995861
1.180878 0.112438 0.000000 0.995498
1.179501 0.116978 0.000000 0.995118
1.178068 0.121512 0.000000 0.994723
1.176579 0.126040 0.000000 0.994311
1.175034 0.130562 0.000000 0.993883
1.173434 0.135078 0.000000 0.993440
1.171777 0.139587 0.000000 0.992979
1.170065 0.144090 0.000000 0.992503
1.168296 0.148586 0.000000 0.992009
1.166472 0.153075 0.000000 0.991499
1.164591 0.157557 0.000000 0.990972
1.162653 0.162030 0.000000 0.990428
1.160660 0.166496 0.000000 0.989867
1.158609 0.170954 0.000000 0.989289
1.156502 0.175404 0.000000 0.988693
1.154339 0.179844 0.000000 0.988080
1.152118 0.184276 0.000000 0.987449
1.149840 0.188699 0.000000 0.986800
1.147506 0.193113 0.000000 0.986133
1.145114 0.197517 0.000000 0.985448
1.142665 0.201911 0.000000 0.984745
1.140158 0.206295 0.000000 0.984022
1.137594 0.210668 0.000000 0.983282
1.134972 0.215031 0.000000 0.982522
1.132293 0.219383 0.000000 0.981743
1.129555 0.223723 0.000000 0.980944
1.126759 0.228052 0.000000 0.980126
1.123905 0.232370 0.000000 0.979289
1.120993 0.236675 0.000000 0.978431
1.118022 0.240968 0.000000 0.977552
1.114992 0.245248 0.000000 0.976654
1.111904 0.249515 0.000000 0.975734
1.108756 0.253769 0.000000 0.974794
1.105550 0.258009 0.000000 0.973832
1.102284 0.262236 0.000000 0.972848
1.098958 0.266448 0.000000 0.971843
1.095573 0.270646 0.000000 0.970816
1.092128 0.274830 0.000000 0.969766
1.088623 0.278998 0.000000 0.968693
1.085057 0.283150 0.000000 0.967597
1.081431 0.287287 0.000000 0.966478
1.077745 0.291408 0.000000 0.965335
1.073998 0.295512 0.000000 0.964168
1.070189 0.299600 0.000000 0.962976
1.066320 0.303670 0.000000 0.961760
1.062389 0.307723 0.000000 0.960519
1.058396 0.311758 0.000000 0.959251
1.054342 0.315775 0.000000 0.957958
1.050225 0.319773 0.000000 0.956639
1.046046 0.323752 0.000000 0.955292
1.041804 0.327712 0.000000 0.953918
1.037500 0.331652 0.000000 0.952517
1.033133 0.335572 0.000000 0.951087
1.028702 0.339471 0.000000 0.949629
1.024208 0.343350 0.000000 0.948141
1.019649 0.347207 0.000000 0.946624
1.015027 0.351042 0.000000 0.945076
1.010341 0.354855 0.000000 0.943498
1.005590 0.358645 0.000000 0.941888
1.000774 0.362412 0.000000 0.940247
0.995892 0.366155 0.000000 0.938573
0.990946 0.369875 0.000000 0.936866
0.985933 0.373570 0.000000 0.935125
0.980854 0.377239 0.000000 0.933350
0.975710 0.380884 0.000000 0.931539
0.970498 0.384502 0.000000 0.929693
0.965219 0.388094 0.000000 0.927810
0.959873 0.391658 0.000000 0.925890
0.954460 0.395195 0.000000 0.923933
0.948978 0.398704 0.000000 0.921936
0.943428 0.402184 0.000000 0.919900
0.937809 0.405635 0.000000 0.917823
0.932122 0.409056 0.000000 0.915705
0.926365 0.412447 0.000000 0.913545
0.920538 0.415806 0.000000 0.911341
0.914641 0.419134 0.000000 0.909094
0.908673 0.422429 0.000000 0.906801
0.902635 0.425692 0.000000 0.904462
0.896525 0.428921 0.000000 0.902076
0.890343 0.432115 0.000000 0.899642
0.884090 0.435275 0.000000 0.897158
0.877763 0.438398 0.000000 0.894624
0.871364 0.441486 0.000000 0.892038
0.864891 0.444536 0.000000 0.889399
0.858345 0.447548 0.000000 0.886705
0.851724 0.450521 0.000000 0.883956
0.845028 0.453455 0.000000 0.881149
0.838258 0.456349 0.000000 0.878284
0.831411 0.459201 0.000000 0.875359
0.824488 0.462011 0.000000 0.872372
0.817489 0.464778 0.000000 0.869321
0.810412 0.467502 0.000000 0.866206
0.803257 0.470180 0.000000 0.863024
0.796025 0.472813 0.000000 0.859773
0.788713 0.475398 0.000000 0.856451
0.781322 0.477936 0.000000 0.853058
0.773852 0.480426 0.000000 0.849589
0.766301 0.482865 0.000000 0.846044
0.758669 0.485253 0.000000 0.842420
0.750955 0.487589 0.000000 0.838715
0.743159 0.489872 0.000000 0.834926
0.735281 0.492100 0.000000 0.831051
0.727319 0.494272 0.000000 0.827088
0.719273 0.496387 0.000000 0.823032
0.711142 0.498444 0.000000 0.818883
0.702926 0.500441 0.000000 0.814636
0.694624 0.502377 0.000000 0.810289
0.686236 0.504250 0.000000 0.805839
0.677760 0.506059 0.000000 0.801281
0.669197 0.507803 0.000000 0.796613
0.660544 0.509479 0.000000 0.791831
0.651803 0.511086 0.000000 0.786931
0.642971 0.512622 0.000000 0.781908
0.634048 0.514087 0.000000 0.776760
0.625034 0.515476 0.000000 0.771480
0.615928 0.516790 0.000000 0.766066
0.606728 0.518026 0.000000 0.760511
0.597435 0.519181 0.000000 0.754810
0.588047 0.520255 0.000000 0.748959
0.578563 0.521243 0.000000 0.742952
0.568984 0.522146 0.000000 0.736782
0.559307 0.522959 0.000000 0.730443
0.549533 0.523680 0.000000 0.723930
0.539660 0.524308 0.000000 0.717235
0.529687 0.524839 0.000000 0.710350
0.519614 0.525270 0.000000 0.703269
0.509440 0.525600 0.000000 0.695982
0.499163 0.525823 0.000000 0.688482
0.488784 0.525939 0.000000 0.680759
0.478302 0.525943 0.000000 0.672805
0.467714 0.525832 0.000000 0.664608
0.457022 0.525602 0.000000 0.656159
0.446223 0.525251 0.000000 0.647446
0.435317 0.524773 0.000000 0.638457
0.424303 0.524165 0.000000 0.629179
0.413180 0.523423 0.000000 0.619599
0.401948 0.522543 0.000000 0.609704
0.390606 0.521519 0.000000 0.599477
0.379153 0.520347 0.000000 0.588902
0.367589 0.519021 0.000000 0.577963
0.355912 0.517538 0.000000 0.566642
0.344122 0.515890 0.000000 0.554918
0.332219 0.514073 0.000000 0.542772
0.320203 0.512079 0.000000 0.530181
0.308072 0.509903 0.000000 0.517122
0.295827 0.507537 0.000000 0.503570
0.283467 0.504975 0.000000 0.489498
0.270992 0.502208 0.000000 0.474877
0.258403 0.499229 0.000000 0.459677
0.245700 0.496030 0.000000 0.443865
0.232883 0.492600 0.000000 0.427406
0.219953 0.488932 0.000000 0.410262
0.206911 0.485014 0.000000 0.392393
0.193758 0.480836 0.000000 0.373757
0.180496 0.476388 0.000000 0.354306
0.167127 0.471656 0.000000 0.333993
0.153653 0.466628 0.000000 0.312763
0.140077 0.461292 0.000000 0.290562
0.126403 0.455632 0.000000 0.267328
0.112636 0.449633 0.000000 0.242998
0.098779 0.443280 0.000000 0.217503
0.084840 0.436555 0.000000 0.190771
0.070826 0.429440 0.000000 0.162727
0.056743 0.421916 0.000000 0.133290
0.042604 0.413962 0.000000 0.102376
0.028418 0.405558 0.000000 0.069899
0.014199 0.396679 0.000000 0.035771
-0.000038 0.387302 0.000000 -0.000098
-0.014274 0.377401 0.000000 -0.037796
-0.028490 0.366950 0.000000 -0.077406
-0.042660 0.355921 0.000000 -0.119005
-0.056757 0.344285 0.000000 -0.162658
-0.070748 0.332012 0.000000 -0.208410
-0.084597 0.319073 0.000000 -0.256280
-0.098261 0.305438 0.000000 -0.306249
-0.111691 0.291076 0.000000 -0.358249
-0.124831 0.275960 0.000000 -0.412145
-0.137617 0.260065 0.000000 -0.467717
-0.149978 0.243368 0.000000 -0.524639
-0.161834 0.225853 0.000000 -0.582454
-0.173098 0.207513 0.000000 -0.640556
-0.183671 0.188348 0.000000 -0.698163
-0.193452 0.168372 0.000000 -0.754312
-0.202332 0.147613 0.000000 -0.807858
-0.210201 0.126118 0.000000 -0.857498
-0.216950 0.103952 0.000000 -0.901821
-0.222476 0.081202 0.000000 -0.939384
-0.226688 0.057973 0.000000 -0.968820
-0.229512 0.034389 0.000000 -0.988960
-0.230896 0.010591 0.000000 -0.998950
-0.230813 -0.013275 0.000000 -0.998350
-0.229267 -0.037056 0.000000 -0.987189
-0.226284 -0.060606 0.000000 -0.965954
-0.221921 -0.083787 0.000000 -0.935542
-0.216254 -0.106477 0.000000 -0.897149
-0.209375 -0.128571 0.000000 -0.852158
-0.201387 -0.149986 0.000000 -0.802011
-0.192400 -0.170658 0.000000 -0.748112
-0.182525 -0.190544 0.000000 -0.691748
-0.171869 -0.209617 0.000000 -0.634043
-0.160535 -0.227863 0.000000 -0.575941
-0.148617 -0.245285 0.000000 -0.518200
-0.136204 -0.261890 0.000000 -0.461411
-0.123375 -0.277695 0.000000 -0.406014
-0.110199 -0.292724 0.000000 -0.352322
-0.096740 -0.307002 0.000000 -0.300545
-0.083053 -0.320556 0.000000 -0.250808
-0.069185 -0.333417 0.000000 -0.203175
-0.055179 -0.345615 0.000000 -0.157658
-0.041072 -0.357180 0.000000 -0.114237
-0.026895 -0.368141 0.000000 -0.072862
-0.012676 -0.378527 0.000000 -0.033468
0.001562 -0.388365 0.000000 0.004023
0.015799 -0.397683 0.000000 0.039695
0.030015 -0.406505 0.000000 0.073637
0.044197 -0.414855 0.000000 0.105937
0.058331 -0.422757 0.000000 0.136684
0.072407 -0.430231 0.000000 0.165964
0.086414 -0.437299 0.000000 0.193860
0.100345 -0.443978 0.000000 0.220452
0.114192 -0.450288 0.000000 0.245816
0.127950 -0.456244 0.000000 0.270024
0.141613 -0.461864 0.000000 0.293142
0.155178 -0.467162 0.000000 0.315235
0.168640 -0.472152 0.000000 0.336362
0.181998 -0.476848 0.000000 0.356579
0.195248 -0.481263 0.000000 0.375939
0.208389 -0.485407 0.000000 0.394490
0.221418 -0.489292 0.000000 0.412279
0.234336 -0.492930 0.000000 0.429347
0.247140 -0.496329 0.000000 0.445734
0.259830 -0.499500 0.000000 0.461479
0.272406 -0.502451 0.000000 0.476615
0.284868 -0.505190 0.000000 0.491176
0.297214 -0.507726 0.000000 0.505191
0.309447 -0.510066 0.000000 0.518689
0.321564 -0.512217 0.000000 0.531696
0.333568 -0.514186 0.000000 0.544239
0.345457 -0.515980 0.000000 0.556339
0.357234 -0.517605 0.000000 0.568018
0.368897 -0.519066 0.000000 0.579298
0.380449 -0.520370 0.000000 0.590197
0.391889 -0.521520 0.000000 0.600734
0.403218 -0.522523 0.000000 0.610925
0.414437 -0.523384 0.000000 0.620787
0.425546 -0.524106 0.000000 0.630334
0.436547 -0.524694 0.000000 0.639580
0.447440 -0.525153 0.000000 0.648540
0.458226 -0.525486 0.000000 0.657224
0.468906 -0.525698 0.000000 0.665646
0.479480 -0.525791 0.000000 0.673817
0.489950 -0.525770 0.000000 0.681747
0.500316 -0.525637 0.000000 0.689445
0.510580 -0.525396 0.000000 0.696922
0.520741 -0.525051 0.000000 0.704187
0.530801 -0.524603 0.000000 0.711247
0.540761 -0.524056 0.000000 0.718112
0.550622 -0.523413 0.000000 0.724787
0.560384 -0.522676 0.000000 0.731282
0.570048 -0.521848 0.000000 0.737602
0.579615 -0.520931 0.000000 0.743755
0.589086 -0.519928 0.000000 0.749746
0.598461 -0.518840 0.000000 0.755581
0.607742 -0.517671 0.000000 0.761265
0.616929 -0.516421 0.000000 0.766805
0.626024 -0.515094 0.000000 0.772206
0.635025 -0.513690 0.000000 0.777471
0.643936 -0.512213 0.000000 0.782606
0.652755 -0.510663 0.000000 0.787615
0.661484 -0.509043 0.000000 0.792503
0.670124 -0.507354 0.000000 0.797273
0.678676 -0.505598 0.000000 0.801929
0.687139 -0.503777 0.000000 0.806475
0.695516 -0.501891 0.000000 0.810915
0.703805 -0.499944 0.000000 0.815251
0.712009 -0.497935 0.000000 0.819487
0.720127 -0.495866 0.000000 0.823626
0.728161 -0.493739 0.000000 0.827671
0.736111 -0.491555 0.000000 0.831625
0.743978 -0.489316 0.000000 0.835491
0.751761 -0.487022 0.000000 0.839271
0.759463 -0.484675 0.000000 0.842967
0.767083 -0.482275 0.000000 0.846582
0.774622 -0.479825 0.000000 0.850119
0.782081 -0.477325 0.000000 0.853579
0.789459 -0.474777 0.000000 0.856965
0.796759 -0.472180 0.000000 0.860279
0.803979 -0.469537 0.000000 0.863522
0.811122 -0.466848 0.000000 0.866697
0.818186 -0.464115 0.000000 0.869805
0.825174 -0.461338 0.000000 0.872848
0.832085 -0.458517 0.000000 0.875829
0.838919 -0.455655 0.000000 0.878747
0.845678 -0.452752 0.000000 0.881606
0.852362 -0.449808 0.000000 0.884406
0.858970 -0.446825 0.000000 0.887149
0.865505 -0.443804 0.000000 0.889836
0.871966 -0.440744 0.000000 0.892469
0.878353 -0.437647 0.000000 0.895050
0.884667 -0.434514 0.000000 0.897578
0.890909 -0.431345 0.000000 0.900056
0.897078 -0.428142 0.000000 0.902485
0.903176 -0.424904 0.000000 0.904865
0.909202 -0.421632 0.000000 0.907198
0.915158 -0.418328 0.000000 0.909486
0.921042 -0.414991 0.000000 0.911728
0.926857 -0.411623 0.000000 0.913926
0.932602 -0.408224 0.000000 0.916081
0.938278 -0.404794 0.000000 0.918195
0.943884 -0.401335 0.000000 0.920266
0.949422 -0.397846 0.000000 0.922298
0.954891 -0.394329 0.000000 0.924290
0.960293 -0.390783 0.000000 0.926243
0.965626 -0.387210 0.000000 0.928158
0.970893 -0.383610 0.000000 0.930036
0.976092 -0.379984 0.000000 0.931878
0.981224 -0.376332 0.000000 0.933684
0.986291 -0.372654 0.000000 0.935455
0.991291 -0.368951 0.000000 0.937191
0.996225 -0.365224 0.000000 0.938894
1.001094 -0.361472 0.000000 0.940564
1.005898 -0.357697 0.000000 0.942201
1.010636 -0.353899 0.000000 0.943807
1.015310 -0.350079 0.000000 0.945381
1.019920 -0.346236 0.000000 0.946924
1.024465 -0.342372 0.000000 0.948438
1.028947 -0.338486 0.000000 0.949921
1.033365 -0.334579 0.000000 0.951376
1.037720 -0.330651 0.000000 0.952802
1.042012 -0.326704 0.000000 0.954199
1.046241 -0.322737 0.000000 0.955569
1.050407 -0.318750 0.000000 0.956912
1.054511 -0.314745 0.000000 0.958228
1.058552 -0.310721 0.000000 0.959517
1.062532 -0.306679 0.000000 0.960780
1.066450 -0.302619 0.000000 0.962018
1.070307 -0.298542 0.000000 0.963231
1.074102 -0.294447 0.000000 0.964419
1.077837 -0.290336 0.000000 0.965582
1.081510 -0.286209 0.000000 0.966721
1.085123 -0.282065 0.000000 0.967837
1.088675 -0.277906 0.000000 0.968929
1.092167 -0.273731 0.000000 0.969998
1.095599 -0.269541 0.000000 0.971045
1.098971 -0.265337 0.000000 0.972069
1.102283 -0.261118 0.000000 0.973070
1.105536 -0.256885 0.000000 0.974050
1.108729 -0.252638 0.000000 0.975008
1.111863 -0.248377 0.000000 0.975945
1.114938 -0.244104 0.000000 0.976861
1.117954 -0.239817 0.000000 0.977757
1.120912 -0.235518 0.000000 0.978631
1.123811 -0.231207 0.000000 0.979486
1.126651 -0.226883 0.000000 0.980320
1.129433 -0.222548 0.000000 0.981134
1.132157 -0.218202 0.000000 0.981929
1.134823 -0.213844 0.000000 0.982705
1.137431 -0.209475 0.000000 0.983461
1.139981 -0.205096 0.000000 0.984198
1.142474 -0.200706 0.000000 0.984917
1.144909 -0.196307 0.000000 0.985617
1.147287 -0.191897 0.000000 0.986299
1.149608 -0.187478 0.000000 0.986962
1.151871 -0.183049 0.000000 0.987607
1.154077 -0.178612 0.000000 0.988235
1.156227 -0.174165 0.000000 0.988844
1.158320 -0.169710 0.000000 0.989437
1.160356 -0.165247 0.000000 0.990011
1.162335 -0.160776 0.000000 0.990569
1.164258 -0.156297 0.000000 0.991109
1.166124 -0.151810 0.000000 0.991632
1.167935 -0.147316 0.000000 0.992139
1.169688 -0.142815 0.000000 0.992629
1.171386 -0.138307 0.000000 0.993102
1.173028 -0.133792 0.000000 0.993558
1.174614 -0.129271 0.000000 0.993998
1.176144 -0.124744 0.000000 0.994422
1.177618 -0.120211 0.000000 0.994830
1.179036 -0.115672 0.000000 0.995222
1.180398 -0.111128 0.000000 0.995598
1.181705 -0.106579 0.000000 0.995957
1.182957 -0.102024 0.000000 0.996302
1.184152 -0.097465 0.000000 0.996630
1.185293 -0.092901 0.000000 0.996942
1.186378 -0.088333 0.000000 0.997240
1.187408 -0.083761 0.000000 0.997521
1.188382 -0.079185 0.000000 0.997787
1.189301 -0.074605 0.000000 0.998038
1.190165 -0.070022 0.000000 0.998274
1.190974 -0.065435 0.000000 0.998494
1.191727 -0.060845 0.000000 0.998699
1.192426 -0.056253 0.000000 0.998889
1.193069 -0.051658 0.000000 0.999064
1.193658 -0.047061 0.000000 0.999224
1.194191 -0.042461 0.000000 0.999368
1.194670 -0.037860 0.000000 0.999498
1.195094 -0.033256 0.000000 0.999613
1.195462 -0.028652 0.000000 0.999713
1.195776 -0.024045 0.000000 0.999798
1.196035 -0.019438 0.000000 0.999868
1.196239 -0.014830 0.000000 0.999923
1.196388 -0.010221 0.000000 0.999964
1.196482 -0.005612 0.000000 0.999989
1.196521 -0.001003 0.000000 1.000000
1.196506 0.003607 0.000000 0.999995
1.196436 0.008216 0.000000 0.999976
1.196310 0.012825 0.000000 0.999943
1.196130 0.017434 0.000000 0.999894
1.195895 0.022041 0.000000 0.999830
1.195605 0.026648 0.000000 0.999752
1.195261 0.031253 0.000000 0.999658
1.194861 0.035857 0.000000 0.999550
1.194406 0.040459 0.000000 0.999427
1.193897 0.045060 0.000000 0.999289
1.193332 0.049658 0.000000 0.999135
1.192713 0.054254 0.000000 0.998967
1.192038 0.058848 0.000000 0.998784
1.191308 0.063439 0.000000 0.998585
1.190524 0.068026 0.000000 0.998372
1.189684 0.072611 0.000000 0.998143
1.188789 0.077193 0.000000 0.997898
1.187838 0.081770 0.000000 0.997639
1.186833 0.086344 0.000000 0.997364
1.185772 0.090914 0.000000 0.997074
1.184655 0.095480 0.000000 0.996768
1.183484 0.100041 0.000000 0.996446
1.182257 0.104598 0.000000 0.996109
1.180974 0.109150 0.000000 0.995756
1.179635 0.113696 0.000000 0.995387
1.178241 0.118237 0.000000 0.995003
1.176792 0.122773 0.000000 0.994602
1.175286 0.127302 0.000000 0.994185
1.173725 0.131826 0.000000 0.993752
1.172107 0.136344 0.000000 0.993302
1.170434 0.140854 0.000000 0.992836
1.168705 0.145359 0.000000 0.992354
1.166919 0.149856 0.000000 0.991855
1.165077 0.154346 0.000000 0.991339
1.163179 0.158828 0.000000 0.990806
1.161224 0.163303 0.000000 0.990256
1.159212 0.167770 0.000000 0.989689
1.157144 0.172228 0.000000 0.989104
1.155020 0.176678 0.000000 0.988502
1.152838 0.181120 0.000000 0.987882
1.150599 0.185552 0.000000 0.987245
1.148304 0.189975 0.000000 0.986589
1.145951 0.194389 0.000000 0.985916
1.143541 0.198793 0.000000 0.985224
1.141073 0.203187 0.000000 0.984513
1.138548 0.207571 0.000000 0.983784
1.135965 0.211945 0.000000 0.983036
1.133324 0.216307 0.000000 0.982269
1.130626 0.220659 0.000000 0.981483
1.127869 0.224999 0.000000 0.980677
1.125054 0.229327 0.000000 0.979851
1.122180 0.233644 0.000000 0.979005
1.119249 0.237948 0.000000 0.978140
1.116258 0.242240 0.000000 0.977253
1.113209 0.246520 0.000000 0.976347
1.110100 0.250786 0.000000 0.975419
1.106933 0.255039 0.000000 0.974470
1.103706 0.259278 0.000000 0.973499
1.100420 0.263503 0.000000 0.972507
1.097074 0.267714 0.000000 0.971493
1.093668 0.271910 0.000000 0.970456
1.090202 0.276091 0.000000 0.969397
1.086676 0.280257 0.000000 0.968315
1.083090 0.284408 0.000000 0.967210
1.079443 0.288542 0.000000 0.966081
1.075735 0.292661 0.000000 0.964928
1.071966 0.296763 0.000000 0.963751
1.068136 0.300847 0.000000 0.962549
1.064245 0.304915 0.000000 0.961322
1.060292 0.308965 0.000000 0.960070
1.056277 0.312997 0.000000 0.958792
1.052201 0.317010 0.000000 0.957487
1.048062 0.321005 0.000000 0.956157
1.043860 0.324981 0.000000 0.954799
1.039596 0.328937 0.000000 0.953413
1.035268 0.332873 0.000000 0.952000
1.030878 0.336789 0.000000 0.950558
1.026424 0.340684 0.000000 0.949087
1.021906 0.344558 0.000000 0.947587
1.017325 0.348410 0.000000 0.946056
1.012679 0.352240 0.000000 0.944496
1.007968 0.356048 0.000000 0.942904
1.003193 0.359833 0.000000 0.941280
0.998353 0.363595 0.000000 0.939625
0.993447 0.367333 0.000000 0.937936
0.988475 0.371046 0.000000 0.936215
0.983438 0.374735 0.000000 0.934459
0.978334 0.378398 0.000000 0.932668
0.973164 0.382036 0.000000 0.930842
0.967927 0.385648 0.000000 0.928980
0.962623 0.389232 0.000000 0.927081
0.957251 0.392790 0.000000 0.925144
0.951811 0.396320 0.000000 0.923169
0.946303 0.399821 0.000000 0.921155
0.940727 0.403293 0.000000 0.919101
0.935082 0.406736 0.000000 0.917006
0.929367 0.410148 0.000000 0.914869
0.923583 0.413530 0.000000 0.912690
0.917729 0.416881 0.000000 0.910467
0.911804 0.420199 0.000000 0.908199
0.905808 0.423485 0.000000 0.905886
0.899742 0.426738 0.000000 0.903526
0.893604 0.429956 0.000000 0.901119
0.887394 0.433140 0.000000 0.898663
0.881111 0.436289 0.000000 0.896156
0.874756 0.439402 0.000000 0.893599
0.868327 0.442478 0.000000 0.890989
0.861825 0.445516 0.000000 0.888325
0.855249 0.448516 0.000000 0.885606
0.848598 0.451477 0.000000 0.882831
0.841872 0.454398 0.000000 0.879998
0.835071 0.457278 0.000000 0.877106
0.828193 0.460117 0.000000 0.874153
0.821239 0.462913 0.000000 0.871137
0.814208 0.465666 0.000000 0.868058
0.807100 0.468374 0.000000 0.864912
0.799913 0.471037 0.000000 0.861699
0.792648 0.473654 0.000000 0.858416
0.785304 0.476224 0.000000 0.855062
0.777881 0.478745 0.000000 0.851634
0.770377 0.481217 0.000000 0.848131
0.762792 0.483638 0.000000 0.844550
0.755126 0.486008 0.000000 0.840890
0.747379 0.488326 0.000000 0.837147
0.739548 0.490589 0.000000 0.833319
0.731635 0.492797 0.000000 0.829404
0.723638 0.494949 0.000000 0.825398
0.715557 0.497043 0.000000 0.821300
0.707390 0.499079 0.000000 0.817107
0.699138 0.501053 0.000000 0.812815
0.690800 0.502966 0.000000 0.808421
0.682375 0.504816 0.000000 0.803921
0.673862 0.506601 0.000000 0.799314
0.665260 0.508319 0.000000 0.794594
0.656570 0.509969 0.000000 0.789758
0.647790 0.511550 0.000000 0.784802
0.638920 0.513059 0.000000 0.779723
0.629958 0.514495 0.000000 0.774515
0.620904 0.515856 0.000000 0.769174
0.611758 0.517140 0.000000 0.763695
0.602518 0.518344 0.000000 0.758074
0.593184 0.519468 0.000000 0.752305
0.583755 0.520508 0.000000 0.746383
0.574230 0.521463 0.000000 0.740302
0.564609 0.522331 0.000000 0.734056
0.554890 0.523108 0.000000 0.727638
0.545072 0.523792 0.000000 0.721042
0.535156 0.524381 0.000000 0.714261
0.525140 0.524873 0.000000 0.707287
0.515023 0.525263 0.000000 0.700112
0.504804 0.525550 0.000000 0.692729
0.494483 0.525730 0.000000 0.685128
0.484058 0.525801 0.000000 0.677300
0.473530 0.525758 0.000000 0.669236
0.462896 0.525599 0.000000 0.660925
0.452157 0.525319 0.000000 0.652357
0.441311 0.524916 0.000000 0.643518
0.430358 0.524384 0.000000 0.634399
0.419296 0.523721 0.000000 0.624985
0.408125 0.522922 0.000000 0.615262
0.396844 0.521982 0.000000 0.605217
0.385453 0.520896 0.000000 0.594833
0.373951 0.519660 0.000000 0.584094
0.362337 0.518269 0.000000 0.572983
0.350610 0.516716 0.000000 0.561480
0.338770 0.514997 0.000000 0.549567
0.326816 0.513105 0.000000 0.537220
0.314749 0.511034 0.000000 0.524419
0.302567 0.508778 0.000000 0.511138
0.290271 0.506329 0.000000 0.497352
0.277859 0.503679 0.000000 0.483034
0.265334 0.500822 0.000000 0.468153
0.252694 0.497749 0.000000 0.452679
0.239939 0.494451 0.000000 0.436576
0.227072 0.490919 0.000000 0.419811
0.214091 0.487143 0.000000 0.402342
0.200999 0.483114 0.000000 0.384130
0.187797 0.478819 0.000000 0.365130
0.174487 0.474248 0.000000 0.345294
0.161070 0.469389 0.000000 0.324572
0.147550 0.464227 0.000000 0.302908
0.133930 0.458750 0.000000 0.280246
0.120213 0.452943 0.000000 0.256524
0.106405 0.446791 0.000000 0.231675
0.092511 0.440276 0.000000 0.205630
0.078537 0.433381 0.000000 0.178314
0.064491 0.426088 0.000000 0.149651
0.050381 0.418376 0.000000 0.119557
0.036219 0.410225 0.000000 0.087949
0.022016 0.401613 0.000000 0.054738
0.007787 0.392517 0.000000 0.019836
-0.006451 0.382910 0.000000 -0.016846
-0.020681 0.372768 0.000000 -0.055395
-0.034879 0.362064 0.000000 -0.095891
-0.049020 0.350768 0.000000 -0.138406
-0.063074 0.338853 0.000000 -0.182996
-0.077006 0.326287 0.000000 -0.229698
-0.090778 0.313042 0.000000 -0.278512
-0.104343 0.299086 0.000000 -0.329402
-0.117649 0.284392 0.000000 -0.382269
-0.130638 0.268932 0.000000 -0.436943
-0.143243 0.252682 0.000000 -0.493160
-0.155388 0.235622 0.000000 -0.550538
-0.166989 0.217741 0.000000 -0.608556
-0.177955 0.199033 0.000000 -0.666530
-0.188186 0.179504 0.000000 -0.723601
-0.197576 0.159176 0.000000 -0.778721
-0.206017 0.138083 0.000000 -0.830673
-0.213397 0.116282 0.000000 -0.878097
-0.219610 0.093846 0.000000 -0.919558
-0.224558 0.070870 0.000000 -0.953635
-0.228157 0.047470 0.000000 -0.979034
-0.230342 0.023776 0.000000 -0.994715
-0.231073 -0.000068 0.000000 -1.000000
-0.230335 -0.023911 0.000000 -0.994655
-0.228142 -0.047604 0.000000 -0.978917
-0.224536 -0.071002 0.000000 -0.953465
-0.219582 -0.093975 0.000000 -0.919344
-0.213362 -0.116408 0.000000 -0.877847
-0.205976 -0.138205 0.000000 -0.830395
-0.197531 -0.159293 0.000000 -0.778424
-0.188136 -0.179617 0.000000 -0.723292
-0.177900 -0.199141 0.000000 -0.666216
-0.166931 -0.217844 0.000000 -0.608241
-0.155326 -0.235720 0.000000 -0.550227
-0.143178 -0.252774 0.000000 -0.492856
-0.130571 -0.269019 0.000000 -0.436648
-0.117580 -0.284474 0.000000 -0.381983
-0.104272 -0.299163 0.000000 -0.329126
-0.090705 -0.313113 0.000000 -0.278248
-0.076932 -0.326353 0.000000 -0.229444
-0.062998 -0.338913 0.000000 -0.182753
-0.048943 -0.350824 0.000000 -0.138172
-0.034802 -0.362114 0.000000 -0.095666
-0.020603 -0.372813 0.000000 -0.055179
-0.006372 -0.382950 0.000000 -0.016638
0.007867 -0.392552 0.000000 0.020037
0.022097 -0.401643 0.000000 0.054932
0.036300 -0.410250 0.000000 0.088137
0.050462 -0.418396 0.000000 0.119740
0.064572 -0.426103 0.000000 0.149829
0.078618 -0.433391 0.000000 0.178489
0.092592 -0.440281 0.000000 0.205801
0.106486 -0.446791 0.000000 0.231842
0.120295 -0.452939 0.000000 0.256688
0.134011 -0.458741 0.000000 0.280408
0.147631 -0.464212 0.000000 0.303068
0.161151 -0.469369 0.000000 0.324729
0.174567 -0.474223 0.000000 0.345450
0.187877 -0.478789 0.000000 0.365284
0.201079 -0.483079 0.000000 0.384283
0.214170 -0.487103 0.000000 0.402494
0.227150 -0.490874 0.000000 0.419962
0.240017 -0.494401 0.000000 0.436727
0.252771 -0.497694 0.000000 0.452828
0.265410 -0.500762 0.000000 0.468303
0.277935 -0.503614 0.000000 0.483183
0.290345 -0.506258 0.000000 0.497501
0.302641 -0.508702 0.000000 0.511287
0.314822 -0.510954 0.000000 0.524567
0.326888 -0.513019 0.000000 0.537369
0.338841 -0.514906 0.000000 0.549715
0.350680 -0.516620 0.000000 0.561629
0.362406 -0.518167 0.000000 0.573132
0.374019 -0.519554 0.000000 0.584243
0.385520 -0.520784 0.000000 0.594982
0.396910 -0.521865 0.000000 0.605366
0.408189 -0.522800 0.000000 0.615412
0.419358 -0.523594 0.000000 0.625134
0.430419 -0.524252 0.000000 0.634549
0.441371 -0.524778 0.000000 0.643669
0.452215 -0.525176 0.000000 0.652507
0.462953 -0.525450 0.000000 0.661076
0.473585 -0.525604 0.000000 0.669387
0.484112 -0.525641 0.000000 0.677452
0.494534 -0.525566 0.000000 0.685280
0.504854 -0.525380 0.000000 0.692881
0.515070 -0.525088 0.000000 0.700264
0.525185 -0.524692 0.000000 0.707439
0.535200 -0.524195 0.000000 0.714413
0.545114 -0.523601 0.000000 0.721195
0.554929 -0.522911 0.000000 0.727791
0.564646 -0.522128 0.000000 0.734209
0.574265 -0.521256 0.000000 0.740456
0.583788 -0.520295 0.000000 0.746537
0.593215 -0.519250 0.000000 0.752460
