0.000439 11.551496 -27.589390 10.000000
0.219893 11.552049 -27.589390 10.000000
0.439361 11.553703 -27.589390 10.000000
0.658856 11.556459 -27.589390 10.000000
0.878392 11.560317 -27.589390 10.000000
1.097981 11.565275 -27.589390 10.000000
1.317639 11.571335 -27.589390 10.000000
1.537377 11.578495 -27.589390 10.000000
1.757211 11.586755 -27.589390 10.000000
1.977153 11.596115 -27.589390 10.000000
2.197217 11.606574 -27.589390 10.000000
2.417417 11.618132 -27.589390 10.000000
2.637766 11.630788 -27.589390 10.000000
2.858279 11.644542 -27.589390 10.000000
3.078969 11.659392 -27.589390 10.000000
3.299851 11.675339 -27.589390 10.000000
3.520937 11.692380 -27.589390 10.000000
3.742243 11.710517 -27.589390 10.000000
3.963782 11.729747 -27.589390 10.000000
4.185569 11.750070 -27.589390 10.000000
4.407617 11.771485 -27.589390 10.000000
4.629942 11.793992 -27.589390 10.000000
4.852557 11.817588 -27.589390 10.000000
5.075477 11.842274 -27.589390 10.000000
5.298718 11.868048 -27.589390 10.000000
5.522292 11.894910 -27.589390 10.000000
5.746217 11.922859 -27.589390 10.000000
5.970505 11.951893 -27.589390 10.000000
6.195174 11.982012 -27.589390 10.000000
6.420237 12.013215 -27.589391 10.000000
6.645710 12.045501 -27.589391 10.000000
6.871609 12.078869 -27.589391 10.000000
7.097950 12.113318 -27.589391 10.000000
7.324747 12.148849 -27.589391 10.000000
7.552018 12.185459 -27.589391 10.000000
7.779778 12.223149 -27.589391 10.000000
8.008044 12.261917 -27.589391 10.000000
8.236832 12.301764 -27.589391 10.000000
8.466159 12.342688 -27.589392 10.000000
8.696042 12.384690 -27.589392 10.000000
8.926498 12.427769 -27.589392 10.000000
9.157544 12.471924 -27.589392 10.000000
9.389197 12.517156 -27.589392 10.000000
9.621476 12.563465 -27.589392 10.000000
9.854398 12.610851 -27.589393 10.000000
10.087981 12.659314 -27.589393 10.000000
10.322245 12.708854 -27.589393 10.000000
10.557207 12.759471 -27.589393 10.000000
10.792886 12.811167 -27.589394 10.000000
11.029303 12.863941 -27.589394 10.000000
11.266476 12.917796 -27.589394 10.000000
11.504425 12.972731 -27.589394 10.000000
11.743171 13.028748 -27.589395 10.000000
11.982733 13.085849 -27.589395 10.000000
12.223132 13.144034 -27.589395 10.000000
12.464390 13.203306 -27.589396 10.000000
12.706528 13.263666 -27.589396 10.000000
12.949568 13.325116 -27.589396 10.000000
13.193532 13.387659 -27.589397 10.000000
13.438442 13.451297 -27.589397 10.000000
13.684321 13.516033 -27.589397 10.000000
13.931193 13.581869 -27.589398 10.000000
14.179081 13.648809 -27.589398 10.000000
14.428010 13.716857 -27.589399 10.000000
14.678004 13.786015 -27.589399 10.000000
14.929089 13.856287 -27.589400 10.000000
15.181289 13.927679 -27.589400 10.000000
15.434631 14.000194 -27.589401 10.000000
15.689141 14.073836 -27.589401 10.000000
15.944847 14.148611 -27.589402 10.000000
16.201776 14.224525 -27.589403 10.000000
16.459957 14.301581 -27.589403 10.000000
16.719417 14.379788 -27.589404 10.000000
16.980187 14.459150 -27.589405 10.000000
17.242297 14.539674 -27.589405 10.000000
17.505776 14.621367 -27.589406 10.000000
17.770657 14.704236 -27.589407 10.000000
18.036972 14.788290 -27.589408 10.000000
18.304752 14.873535 -27.589409 10.000000
18.574032 14.959980 -27.589409 10.000000
18.844846 15.047634 -27.589410 10.000000
19.117228 15.136505 -27.589411 10.000000
19.391215 15.226604 -27.589412 10.000000
19.666842 15.317941 -27.589413 10.000000
19.944149 15.410525 -27.589414 10.000000
20.223172 15.504368 -27.589415 10.000000
20.503952 15.599481 -27.589417 10.000000
20.786528 15.695876 -27.589418 10.000000
21.070943 15.793565 -27.589419 10.000000
21.357237 15.892560 -27.589420 10.000000
21.645456 15.992876 -27.589421 10.000000
21.935643 16.094526 -27.589423 10.000000
22.227843 16.197524 -27.589424 10.000000
22.522105 16.301886 -27.589426 10.000000
22.818476 16.407626 -27.589427 10.000000
23.117006 16.514762 -27.589429 10.000000
23.417745 16.623310 -27.589430 10.000000
23.720745 16.733288 -27.589432 10.000000
24.026061 16.844713 -27.589434 10.000000
24.333747 16.957605 -27.589435 10.000000
24.643861 17.071982 -27.589437 10.000000
24.956460 17.187866 -27.589439 10.000000
25.271605 17.305278 -27.589441 10.000000
25.589357 17.424239 -27.589443 10.000000
25.909780 17.544772 -27.589445 10.000000
26.232940 17.666900 -27.589447 10.000000
26.558904 17.790648 -27.589450 10.000000
26.887743 17.916042 -27.589452 10.000000
27.219526 18.043106 -27.589455 10.000000
27.554330 18.171870 -27.589457 10.000000
27.892230 18.302360 -27.589460 10.000000
28.233304 18.434607 -27.589462 10.000000
28.577635 18.568640 -27.589465 10.000000
28.925306 18.704491 -27.589468 10.000000
29.276404 18.842192 -27.589471 10.000000
29.631020 18.981779 -27.589474 10.000000
29.989244 19.123285 -27.589478 10.000000
30.351174 19.266747 -27.589481 10.000000
30.716909 19.412203 -27.589485 10.000000
31.086552 19.559693 -27.589488 10.000000
31.460208 19.709256 -27.589492 10.000000
31.837988 19.860936 -27.589496 10.000000
32.220007 20.014777 -27.589500 10.000000
32.606381 20.170823 -27.589504 10.000000
32.997235 20.329122 -27.589509 10.000000
33.392694 20.489724 -27.589514 10.000000
33.792893 20.652679 -27.589518 10.000000
34.197966 20.818040 -27.589523 10.000000
34.608058 20.985864 -27.589529 10.000000
35.023316 21.156206 -27.589534 10.000000
35.443893 21.329127 -27.589540 10.000000
35.869951 21.504688 -27.589545 10.000000
36.301655 21.682955 -27.589552 10.000000
36.739179 21.863993 -27.589558 10.000000
37.182704 22.047874 -27.589565 10.000000
37.632417 22.234669 -27.589571 10.000000
38.088517 22.424455 -27.589579 10.000000
38.551206 22.617310 -27.589586 10.000000
39.020700 22.813317 -27.589594 10.000000
39.497220 23.012560 -27.589602 10.000000
39.981002 23.215130 -27.589611 10.000000
40.472288 23.421120 -27.589620 10.000000
40.971333 23.630626 -27.589629 10.000000
41.478405 23.843751 -27.589639 10.000000
41.993784 24.060600 -27.589649 10.000000
42.517763 24.281284 -27.589659 10.000000
43.050648 24.505918 -27.589671 10.000000
43.592763 24.734625 -27.589682 10.000000
44.144446 24.967529 -27.589694 10.000000
44.706053 25.204763 -27.589707 10.000000
45.277958 25.446467 -27.589721 10.000000
45.860555 25.692784 -27.589735 10.000000
46.454257 25.943867 -27.589749 10.000000
47.059502 26.199876 -27.589765 10.000000
47.676750 26.460976 -27.589781 10.000000
48.306487 26.727343 -27.589798 10.000000
48.949225 26.999161 -27.589816 10.000000
49.605506 27.276623 -27.589835 10.000000
50.275905 27.559932 -27.589855 10.000000
50.961027 27.849300 -27.589876 10.000000
51.661516 28.144951 -27.589898 10.000000
52.378054 28.447121 -27.589922 10.000000
53.111365 28.756058 -27.589946 10.000000
53.862217 29.072021 -27.589972 10.000000
54.631427 29.395287 -27.590000 10.000000
55.419867 29.726143 -27.590029 10.000000
56.228462 30.064896 -27.590060 10.000000
57.058201 30.411865 -27.590093 10.000000
57.910140 30.767390 -27.590127 10.000000
58.785406 31.131828 -27.590164 10.000000
59.685204 31.505555 -27.590203 10.000000
60.610827 31.888970 -27.590245 10.000000
61.563659 32.282492 -27.590289 10.000000
62.545186 32.686563 -27.590336 10.000000
63.557003 33.101650 -27.590386 10.000000
64.600829 33.528245 -27.590440 10.000000
65.678511 33.966867 -27.590497 10.000000
66.792043 34.418063 -27.590558 10.000000
67.943576 34.882407 -27.590623 10.000000
69.135434 35.360506 -27.590693 10.000000
70.370130 35.852993 -27.590768 10.000000
71.650388 36.360535 -27.590848 10.000000
72.979158 36.883828 -27.590934 10.000000
74.359643 37.423596 -27.591027 10.000000
75.795320 37.980592 -27.591126 10.000000
77.289972 38.555595 -27.591234 10.000000
78.847713 39.149404 -27.591349 10.000000
80.473023 39.762832 -27.591473 10.000000
82.170780 40.396701 -27.591607 10.000000
83.946300 41.051826 -27.591752 10.000000
85.805377 41.729002 -27.591908 10.000000
87.754319 42.428983 -27.592076 10.000000
89.799993 43.152457 -27.592257 10.000000
88.050136 43.900009 -27.592452 10.000000
85.787970 44.672077 -27.592663 10.000000
83.404746 45.468894 -27.592889 10.000000
80.891022 46.290418 -27.593131 10.000000
78.236674 47.136243 -27.593391 10.000000
75.430924 48.005484 -27.593667 10.000000
72.462407 48.896641 -27.593959 10.000000
69.319290 49.807443 -27.594268 10.000000
65.989468 50.734647 -27.594590 10.000000
62.460844 51.673833 -27.594923 10.000000
58.721743 52.619159 -27.595263 10.000000
54.761459 53.563126 -27.595605 10.000000
50.570975 54.496352 -27.595941 10.000000
46.143859 55.407410 -27.596263 10.000000
41.477319 56.282764 -27.596562 10.000000
36.573384 57.106877 -27.596829 10.000000
31.440109 57.862557 -27.597055 10.000000
26.092655 58.531588 -27.597232 10.000000
20.554060 59.095675 -27.597359 10.000000
14.855471 59.537667 -27.597438 10.000000
9.035655 59.842940 -27.597476 10.000000
3.139679 60.000747 -27.597487 10.000000
-2.783191 60.005319 -27.597487 10.000000
-8.682163 59.856485 -27.597497 10.000000
-14.507804 59.559693 -27.597533 10.000000
-20.214737 59.125419 -27.597609 10.000000
-25.763779 58.568094 -27.597733 10.000000
-31.123316 57.904757 -27.597907 10.000000
-36.269832 57.153671 -27.598130 10.000000
-41.187719 56.333085 -27.598395 10.000000
-45.868532 55.460276 -27.598693 10.000000
-50.309920 54.550889 -27.599014 10.000000
-54.514420 53.618585 -27.599349 10.000000
-58.488281 52.674918 -27.599690 10.000000
-62.240390 51.729386 -27.600031 10.000000
-65.781372 50.789597 -27.600364 10.000000
-69.122862 49.861482 -27.600687 10.000000
-72.276940 48.949542 -27.600996 10.000000
-75.255718 48.057083 -27.601290 10.000000
-78.071051 47.186428 -27.601567 10.000000
-80.734332 46.339119 -27.601827 10.000000
-83.256375 45.516073 -27.602071 10.000000
-85.647341 44.717722 -27.602298 10.000000
-87.916713 43.944127 -27.602509 10.000000
-89.926707 43.195069 -27.602705 10.000000
-87.874784 42.470120 -27.602887 10.000000
-85.920018 41.768703 -27.603056 10.000000
-84.055507 41.090135 -27.603213 10.000000
-82.274912 40.433666 -27.603358 10.000000
-80.572410 39.798502 -27.603492 10.000000
-78.942660 39.183829 -27.603617 10.000000
-77.380757 38.588824 -27.603733 10.000000
-75.882200 38.012675 -27.603841 10.000000
-74.442853 37.454580 -27.603941 10.000000
-73.058917 36.913760 -27.604034 10.000000
-71.726895 36.389461 -27.604120 10.000000
-70.443571 35.880956 -27.604201 10.000000
-69.205979 35.387547 -27.604276 10.000000
-68.011383 34.908566 -27.604346 10.000000
-66.857258 34.443378 -27.604412 10.000000
-65.741269 33.991374 -27.604473 10.000000
-64.661254 33.551979 -27.604530 10.000000
-63.615214 33.124643 -27.604584 10.000000
-62.601289 32.708847 -27.604634 10.000000
-61.617755 32.304096 -27.604681 10.000000
-60.663010 31.909922 -27.604726 10.000000
-59.735562 31.525882 -27.604767 10.000000
-58.834019 31.151554 -27.604807 10.000000
-57.957086 30.786539 -27.604844 10.000000
-57.103551 30.430461 -27.604878 10.000000
-56.272282 30.082960 -27.604911 10.000000
-55.462219 29.743696 -27.604942 10.000000
-54.672372 29.412347 -27.604971 10.000000
-53.901808 29.088608 -27.604999 10.000000
-53.149655 28.772189 -27.605025 10.000000
-52.415092 28.462813 -27.605050 10.000000
-51.697348 28.160220 -27.605073 10.000000
-50.995696 27.864161 -27.605095 10.000000
-50.309452 27.574399 -27.605117 10.000000
-49.637970 27.290711 -27.605137 10.000000
-48.980642 27.012882 -27.605156 10.000000
-48.336892 26.740710 -27.605174 10.000000
-47.706175 26.474001 -27.605191 10.000000
-47.087979 26.212570 -27.605207 10.000000
-46.481815 25.956242 -27.605223 10.000000
-45.887221 25.704850 -27.605237 10.000000
-45.303759 25.458234 -27.605251 10.000000
-44.731015 25.216241 -27.605265 10.000000
-44.168592 24.978726 -27.605278 10.000000
-43.616116 24.745551 -27.605290 10.000000
-43.073230 24.516582 -27.605302 10.000000
-42.539594 24.291692 -27.605313 10.000000
-42.014884 24.070762 -27.605323 10.000000
-41.498793 23.853673 -27.605334 10.000000
-40.991026 23.640316 -27.605343 10.000000
-40.491304 23.430585 -27.605353 10.000000
-39.999357 23.224376 -27.605362 10.000000
-39.514930 23.021594 -27.605370 10.000000
-39.037779 22.822145 -27.605378 10.000000
-38.567669 22.625939 -27.605386 10.000000
-38.104377 22.432890 -27.605394 10.000000
-37.647688 22.242915 -27.605401 10.000000
-37.197397 22.055937 -27.605408 10.000000
-36.753307 21.871878 -27.605414 10.000000
-36.315229 21.690667 -27.605421 10.000000
-35.882983 21.512232 -27.605427 10.000000
-35.456393 21.336508 -27.605433 10.000000
-35.035294 21.163428 -27.605438 10.000000
-34.619524 20.992932 -27.605444 10.000000
-34.208930 20.824959 -27.605449 10.000000
-33.803363 20.659451 -27.605454 10.000000
-33.402679 20.496355 -27.605459 10.000000
-33.006743 20.335615 -27.605464 10.000000
-32.615421 20.177182 -27.605468 10.000000
-32.228585 20.021006 -27.605472 10.000000
-31.846113 19.867040 -27.605476 10.000000
-31.467887 19.715237 -27.605480 10.000000
-31.093791 19.565554 -27.605484 10.000000
-30.723715 19.417949 -27.605488 10.000000
-30.357554 19.272380 -27.605491 10.000000
-29.995203 19.128808 -27.605495 10.000000
-29.636564 18.987196 -27.605498 10.000000
-29.281540 18.847507 -27.605501 10.000000
-28.930038 18.709705 -27.605504 10.000000
-28.581969 18.573757 -27.605507 10.000000
-28.237245 18.439630 -27.605510 10.000000
-27.895782 18.307292 -27.605513 10.000000
-27.557499 18.176713 -27.605516 10.000000
-27.222317 18.047864 -27.605518 10.000000
-26.890159 17.920716 -27.605521 10.000000
-26.560951 17.795242 -27.605523 10.000000
-26.234620 17.671416 -27.605525 10.000000
-25.911098 17.549213 -27.605527 10.000000
-25.590317 17.428607 -27.605529 10.000000
-25.272210 17.309576 -27.605532 10.000000
-24.956715 17.192097 -27.605534 10.000000
-24.643768 17.076147 -27.605535 10.000000
-24.333310 16.961707 -27.605537 10.000000
-24.025283 16.848754 -27.605539 10.000000
-23.719629 16.737271 -27.605541 10.000000
-23.416294 16.627238 -27.605542 10.000000
-23.115223 16.518636 -27.605544 10.000000
-22.816364 16.411449 -27.605546 10.000000
-22.519666 16.305659 -27.605547 10.000000
-22.225080 16.201250 -27.605548 10.000000
-21.932558 16.098207 -27.605550 10.000000
-21.642052 15.996515 -27.605551 10.000000
-21.353517 15.896159 -27.605552 10.000000
-21.066907 15.797125 -27.605554 10.000000
-20.782180 15.699400 -27.605555 10.000000
-20.499293 15.602972 -27.605556 10.000000
-20.218205 15.507827 -27.605557 10.000000
-19.938875 15.413954 -27.605558 10.000000
-19.661264 15.321342 -27.605559 10.000000
-19.385333 15.229980 -27.605560 10.000000
-19.111045 15.139858 -27.605561 10.000000
-18.838363 15.050964 -27.605562 10.000000
-18.567251 14.963291 -27.605563 10.000000
-18.297674 14.876829 -27.605564 10.000000
-18.029598 14.791569 -27.605565 10.000000
-17.762990 14.707502 -27.605566 10.000000
-17.497816 14.624622 -27.605566 10.000000
-17.234045 14.542920 -27.605567 10.000000
-16.971646 14.462388 -27.605568 10.000000
-16.710586 14.383022 -27.605569 10.000000
-16.450838 14.304812 -27.605569 10.000000
-16.192370 14.227754 -27.605570 10.000000
-15.935155 14.151842 -27.605571 10.000000
-15.679164 14.077070 -27.605571 10.000000
-15.424369 14.003433 -27.605572 10.000000
-15.170744 13.930926 -27.605572 10.000000
-14.918261 13.859543 -27.605573 10.000000
-14.666894 13.789282 -27.605573 10.000000
-14.416619 13.720137 -27.605574 10.000000
-14.167409 13.652106 -27.605574 10.000000
-13.919240 13.585183 -27.605575 10.000000
-13.672089 13.519366 -27.605575 10.000000
-13.425930 13.454652 -27.605576 10.000000
-13.180741 13.391038 -27.605576 10.000000
-12.936499 13.328521 -27.605576 10.000000
-12.693182 13.267098 -27.605577 10.000000
-12.450766 13.206768 -27.605577 10.000000
-12.209230 13.147529 -27.605577 10.000000
-11.968554 13.089377 -27.605578 10.000000
-11.728714 13.032313 -27.605578 10.000000
-11.489692 12.976334 -27.605578 10.000000
-11.251466 12.921440 -27.605579 10.000000
-11.014017 12.867628 -27.605579 10.000000
-10.777323 12.814898 -27.605579 10.000000
-10.541367 12.763249 -27.605579 10.000000
-10.306128 12.712680 -27.605580 10.000000
-10.071588 12.663191 -27.605580 10.000000
-9.837727 12.614782 -27.605580 10.000000
-9.604528 12.567452 -27.605580 10.000000
-9.371972 12.521200 -27.605580 10.000000
-9.140041 12.476028 -27.605581 10.000000
-8.908718 12.431934 -27.605581 10.000000
-8.677984 12.388919 -27.605581 10.000000
-8.447823 12.346983 -27.605581 10.000000
-8.218217 12.306127 -27.605581 10.000000
-7.989150 12.266351 -27.605581 10.000000
-7.760605 12.227655 -27.605581 10.000000
-7.532564 12.190040 -27.605582 10.000000
-7.305013 12.153507 -27.605582 10.000000
-7.077934 12.118056 -27.605582 10.000000
-6.851312 12.083687 -27.605582 10.000000
-6.625130 12.050403 -27.605582 10.000000
-6.399374 12.018202 -27.605582 10.000000
-6.174027 11.987087 -27.605582 10.000000
-5.949074 11.957058 -27.605582 10.000000
-5.724500 11.928117 -27.605582 10.000000
-5.500290 11.900262 -27.605582 10.000000
-5.276428 11.873497 -27.605582 10.000000
-5.052900 11.847821 -27.605582 10.000000
-4.829691 11.823236 -27.605582 10.000000
-4.606786 11.799743 -27.605583 10.000000
-4.384171 11.777342 -27.605583 10.000000
-4.161831 11.756034 -27.605583 10.000000
-3.939752 11.735820 -27.605583 10.000000
-3.717919 11.716702 -27.605583 10.000000
-3.496318 11.698679 -27.605583 10.000000
-3.274935 11.681753 -27.605583 10.000000
-3.053756 11.665925 -27.605583 10.000000
-2.832768 11.651195 -27.605583 10.000000
-2.611955 11.637564 -27.605583 10.000000
-2.391304 11.625032 -27.605583 10.000000
-2.170802 11.613601 -27.605583 10.000000
-1.950434 11.603270 -27.605583 10.000000
-1.730187 11.594041 -27.605583 10.000000
-1.510046 11.585914 -27.605583 10.000000
-1.289999 11.578889 -27.605583 10.000000
-1.070032 11.572966 -27.605583 10.000000
-0.850131 11.568147 -27.605583 10.000000
-0.630282 11.564430 -27.605583 10.000000
-0.410472 11.561817 -27.605583 10.000000
-0.190688 11.560308 -27.605583 10.000000
0.029085 11.559902 -27.605583 10.000000
0.248859 11.560600 -27.605583 10.000000
0.468649 11.562402 -27.605583 10.000000
0.688468 11.565307 -27.605583 10.000000
0.908329 11.569315 -27.605583 10.000000
1.128247 11.574427 -27.605583 10.000000
1.348234 11.580641 -27.605583 10.000000
1.568304 11.587958 -27.605583 10.000000
1.788471 11.596377 -27.605583 10.000000
2.008749 11.605897 -27.605583 10.000000
2.229151 11.616519 -27.605583 10.000000
2.449692 11.628242 -27.605583 10.000000
2.670384 11.641065 -27.605583 10.000000
2.891242 11.654987 -27.605583 10.000000
3.112280 11.670007 -27.605583 10.000000
3.333511 11.686126 -27.605583 10.000000
3.554950 11.703342 -27.605583 10.000000
3.776611 11.721655 -27.605583 10.000000
3.998508 11.741063 -27.605583 10.000000
4.220655 11.761567 -27.605583 10.000000
4.443066 11.783164 -27.605583 10.000000
4.665757 11.805854 -27.605583 10.000000
4.888740 11.829636 -27.605583 10.000000
5.112033 11.854510 -27.605583 10.000000
5.335647 11.880474 -27.605583 10.000000
5.559600 11.907527 -27.605583 10.000000
5.783905 11.935669 -27.605583 10.000000
6.008578 11.964899 -27.605583 10.000000
6.233633 11.995215 -27.605584 10.000000
6.459087 12.026617 -27.605584 10.000000
6.684954 12.059104 -27.605584 10.000000
6.911251 12.092675 -27.605584 10.000000
7.137993 12.127330 -27.605584 10.000000
7.365195 12.163067 -27.605584 10.000000
7.592874 12.199887 -27.605584 10.000000
7.821047 12.237787 -27.605584 10.000000
8.049729 12.276769 -27.605584 10.000000
8.278937 12.316830 -27.605585 10.000000
8.508688 12.357972 -27.605585 10.000000
8.738999 12.400192 -27.605585 10.000000
8.969887 12.443492 -27.605585 10.000000
9.201369 12.487871 -27.605585 10.000000
9.433464 12.533329 -27.605585 10.000000
9.666188 12.579865 -27.605586 10.000000
9.899561 12.627480 -27.605586 10.000000
10.133599 12.676175 -27.605586 10.000000
10.368322 12.725948 -27.605586 10.000000
10.603749 12.776802 -27.605586 10.000000
10.839899 12.828736 -27.605587 10.000000
11.076790 12.881752 -27.605587 10.000000
11.314443 12.935849 -27.605587 10.000000
11.552878 12.991030 -27.605587 10.000000
11.792114 13.047295 -27.605588 10.000000
12.032173 13.104646 -27.605588 10.000000
12.273075 13.163084 -27.605588 10.000000
12.514841 13.222611 -27.605589 10.000000
12.757493 13.283229 -27.605589 10.000000
13.001054 13.344939 -27.605589 10.000000
13.245544 13.407745 -27.605590 10.000000
13.490987 13.471649 -27.605590 10.000000
13.737406 13.536654 -27.605591 10.000000
13.984824 13.602762 -27.605591 10.000000
14.233266 13.669976 -27.605592 10.000000
14.482755 13.738301 -27.605592 10.000000
14.733317 13.807739 -27.605593 10.000000
14.984976 13.878295 -27.605593 10.000000
15.237758 13.949973 -27.605594 10.000000
15.491691 14.022778 -27.605594 10.000000
15.746799 14.096713 -27.605595 10.000000
16.003111 14.171785 -27.605595 10.000000
16.260655 14.247998 -27.605596 10.000000
16.519458 14.325358 -27.605597 10.000000
16.779551 14.403871 -27.605597 10.000000
17.040961 14.483543 -27.605598 10.000000
17.303721 14.564382 -27.605599 10.000000
17.567859 14.646393 -27.605599 10.000000
17.833409 14.729585 -27.605600 10.000000
18.100402 14.813964 -27.605601 10.000000
18.368872 14.899539 -27.605602 10.000000
18.638851 14.986319 -27.605603 10.000000
18.910374 15.074312 -27.605604 10.000000
19.183477 15.163527 -27.605605 10.000000
19.458196 15.253974 -27.605606 10.000000
19.734568 15.345663 -27.605607 10.000000
20.012629 15.438605 -27.605608 10.000000
20.292420 15.532810 -27.605609 10.000000
20.573980 15.628291 -27.605610 10.000000
20.857349 15.725058 -27.605611 10.000000
21.142570 15.823125 -27.605612 10.000000
21.429684 15.922504 -27.605613 10.000000
21.718736 16.023210 -27.605615 10.000000
22.009770 16.125255 -27.605616 10.000000
22.302833 16.228654 -27.605618 10.000000
22.597972 16.333423 -27.605619 10.000000
22.895236 16.439577 -27.605620 10.000000
23.194674 16.547134 -27.605622 10.000000
23.496339 16.656109 -27.605624 10.000000
23.800281 16.766520 -27.605625 10.000000
24.106557 16.878386 -27.605627 10.000000
24.415221 16.991726 -27.605629 10.000000
24.726330 17.106560 -27.605631 10.000000
25.039944 17.222908 -27.605633 10.000000
25.356123 17.340791 -27.605635 10.000000
25.674930 17.460232 -27.605637 10.000000
25.996429 17.581253 -27.605639 10.000000
26.320686 17.703879 -27.605641 10.000000
26.647770 17.828133 -27.605643 10.000000
26.977750 17.954042 -27.605646 10.000000
27.310699 18.081632 -27.605648 10.000000
27.646693 18.210931 -27.605651 10.000000
27.985808 18.341966 -27.605653 10.000000
28.328123 18.474769 -27.605656 10.000000
28.673722 18.609368 -27.605659 10.000000
29.022689 18.745797 -27.605662 10.000000
29.375112 18.884089 -27.605665 10.000000
29.731081 19.024277 -27.605668 10.000000
30.090691 19.166397 -27.605672 10.000000
30.454037 19.310486 -27.605675 10.000000
30.821222 19.456582 -27.605679 10.000000
31.192348 19.604726 -27.605682 10.000000
31.567523 19.754958 -27.605686 10.000000
31.946858 19.907321 -27.605690 10.000000
32.330470 20.061859 -27.605694 10.000000
32.718477 20.218619 -27.605699 10.000000
33.111004 20.377648 -27.605703 10.000000
33.508180 20.538997 -27.605708 10.000000
33.910138 20.702717 -27.605713 10.000000
34.317018 20.868861 -27.605718 10.000000
34.728962 21.037486 -27.605723 10.000000
35.146122 21.208650 -27.605729 10.000000
35.568654 21.382412 -27.605734 10.000000
35.996718 21.558836 -27.605740 10.000000
36.430485 21.737987 -27.605746 10.000000
36.870131 21.919933 -27.605753 10.000000
37.315837 22.104744 -27.605760 10.000000
37.767795 22.292495 -27.605767 10.000000
38.226204 22.483261 -27.605774 10.000000
38.691272 22.677124 -27.605781 10.000000
39.163216 22.874165 -27.605789 10.000000
39.642261 23.074473 -27.605798 10.000000
40.128646 23.278136 -27.605806 10.000000
40.622616 23.485251 -27.605815 10.000000
41.124432 23.695915 -27.605825 10.000000
41.634364 23.910231 -27.605835 10.000000
42.152696 24.128307 -27.605845 10.000000
42.679726 24.350255 -27.605856 10.000000
43.215767 24.576192 -27.605867 10.000000
43.761145 24.806241 -27.605879 10.000000
44.316205 25.040530 -27.605891 10.000000
44.881308 25.279194 -27.605904 10.000000
45.456835 25.522372 -27.605918 10.000000
46.043185 25.770213 -27.605932 10.000000
46.640781 26.022870 -27.605947 10.000000
47.250067 26.280505 -27.605963 10.000000
47.871509 26.543287 -27.605979 10.000000
48.505604 26.811395 -27.605997 10.000000
49.152872 27.085014 -27.606015 10.000000
49.813867 27.364341 -27.606034 10.000000
50.489171 27.649582 -27.606055 10.000000
51.179403 27.940953 -27.606076 10.000000
51.885219 28.238681 -27.606098 10.000000
52.607313 28.543006 -27.606122 10.000000
53.346423 28.854179 -27.606147 10.000000
54.103333 29.172465 -27.606174 10.000000
54.878878 29.498145 -27.606202 10.000000
55.673945 29.831510 -27.606231 10.000000
56.489480 30.172872 -27.606263 10.000000
57.326493 30.522557 -27.606296 10.000000
58.186060 30.880909 -27.606332 10.000000
59.069336 31.248292 -27.606369 10.000000
59.977550 31.625089 -27.606409 10.000000
60.912026 32.011704 -27.606451 10.000000
61.874178 32.408564 -27.606496 10.000000
62.865526 32.816118 -27.606544 10.000000
63.887704 33.234841 -27.606595 10.000000
64.942471 33.665234 -27.606650 10.000000
66.031719 34.107824 -27.606708 10.000000
67.157492 34.563167 -27.606771 10.000000
68.321992 35.031846 -27.606837 10.000000
69.527603 35.514475 -27.606909 10.000000
70.776904 36.011701 -27.606985 10.000000
72.072687 36.524196 -27.607067 10.000000
73.417981 37.052667 -27.607156 10.000000
74.816073 37.597846 -27.607250 10.000000
76.270536 38.160495 -27.607352 10.000000
77.785253 38.741398 -27.607462 10.000000
79.364450 39.341359 -27.607580 10.000000
81.012731 39.961194 -27.607707 10.000000
82.735109 40.601723 -27.607845 10.000000
84.537046 41.263756 -27.607993 10.000000
86.424495 41.948076 -27.608152 10.000000
88.403935 42.655417 -27.608324 10.000000
89.517582 43.386437 -27.608510 10.000000
87.332396 44.141678 -27.608710 10.000000
85.032203 44.921517 -27.608925 10.000000
82.608029 45.726106 -27.609156 10.000000
80.050217 46.555296 -27.609404 10.000000
77.348437 47.408537 -27.609668 10.000000
74.491723 48.284762 -27.609950 10.000000
71.468553 49.182242 -27.610247 10.000000
68.266992 50.098415 -27.610560 10.000000
64.874915 51.029685 -27.610886 10.000000
61.280323 51.971202 -27.611221 10.000000
57.471797 52.916623 -27.611562 10.000000
53.439103 53.857870 -27.611903 10.000000
49.173961 54.784927 -27.612235 10.000000
44.670995 55.685700 -27.612550 10.000000
39.928836 56.546002 -27.612840 10.000000
34.951321 57.349732 -27.613094 10.000000
29.748670 58.079304 -27.613305 10.000000
24.338493 58.716379 -27.613466 10.000000
18.746409 59.242908 -27.613577 10.000000
13.006063 59.642413 -27.613641 10.000000
7.158380 59.901386 -27.613669 10.000000
1.249983 60.010582 -27.613674 10.000000
-4.669120 59.965985 -27.613676 10.000000
-10.548309 59.769241 -27.613692 10.000000
-16.339222 59.427484 -27.613740 10.000000
-21.998299 58.952568 -27.613830 10.000000
-27.488695 58.359888 -27.613970 10.000000
-32.781376 57.666999 -27.614160 10.000000
-37.855408 56.892261 -27.614397 10.000000
-42.697567 56.053684 -27.614673 10.000000
-47.301468 55.168064 -27.614979 10.000000
-51.666436 54.250431 -27.615305 10.000000
-55.796301 53.313768 -27.615643 10.000000
-59.698243 52.368955 -27.615984 10.000000
-63.381777 51.424866 -27.616322 10.000000
-66.857905 50.488546 -27.616653 10.000000
-70.138440 49.565446 -27.616971 10.000000
-73.235500 48.659662 -27.617275 10.000000
-76.161130 47.774165 -27.617564 10.000000
-78.927044 46.911014 -27.617835 10.000000
-81.544454 46.071536 -27.618090 10.000000
-84.023964 45.256483 -27.618328 10.000000
-86.375514 44.466159 -27.618550 10.000000
-88.608364 43.700530 -27.618756 10.000000
-89.268903 42.959304 -27.618947 10.000000
-87.248360 42.242004 -27.619125 10.000000
-85.322706 41.548014 -27.619290 10.000000
-83.485225 40.876629 -27.619443 10.000000
-81.729748 40.227083 -27.619584 10.000000
-80.050612 39.598575 -27.619716 10.000000
-78.442619 38.990289 -27.619837 10.000000
-76.900999 38.401404 -27.619951 10.000000
-75.421372 37.831111 -27.620056 10.000000
-73.999712 37.278616 -27.620153 10.000000
-72.632321 36.743149 -27.620244 10.000000
-71.315794 36.223964 -27.620329 10.000000
-70.046997 35.720343 -27.620408 10.000000
-68.823041 35.231599 -27.620481 10.000000
-67.641259 34.757075 -27.620550 10.000000
-66.499188 34.296144 -27.620614 10.000000
-65.394551 33.848209 -27.620674 10.000000
-64.325239 33.412702 -27.620730 10.000000
-63.289298 32.989085 -27.620782 10.000000
-62.284914 32.576846 -27.620832 10.000000
-61.310403 32.175498 -27.620878 10.000000
-60.364197 31.784583 -27.620922 10.000000
-59.444838 31.403665 -27.620962 10.000000
-58.550965 31.032328 -27.621001 10.000000
-57.681312 30.670182 -27.621037 10.000000
-56.834691 30.316855 -27.621071 10.000000
-56.009995 29.971995 -27.621103 10.000000
-55.206186 29.635267 -27.621134 10.000000
-54.422292 29.306356 -27.621162 10.000000
-53.657402 28.984959 -27.621190 10.000000
-52.910658 28.670793 -27.621215 10.000000
-52.181257 28.363586 -27.621240 10.000000
-51.468441 28.063081 -27.621263 10.000000
-50.771498 27.769034 -27.621284 10.000000
-50.089755 27.481211 -27.621305 10.000000
-49.422581 27.199393 -27.621325 10.000000
-48.769375 26.923369 -27.621343 10.000000
-48.129574 26.652939 -27.621361 10.000000
-47.502642 26.387913 -27.621378 10.000000
-46.888074 26.128109 -27.621394 10.000000
-46.285390 25.873353 -27.621409 10.000000
-45.694137 25.623482 -27.621424 10.000000
-45.113884 25.378338 -27.621438 10.000000
-44.544222 25.137771 -27.621451 10.000000
-43.984762 24.901638 -27.621464 10.000000
-43.435135 24.669801 -27.621476 10.000000
-42.894990 24.442130 -27.621487 10.000000
-42.363992 24.218501 -27.621498 10.000000
-41.841822 23.998792 -27.621509 10.000000
-41.328177 23.782891 -27.621519 10.000000
-40.822768 23.570688 -27.621528 10.000000
-40.325317 23.362078 -27.621538 10.000000
-39.835560 23.156960 -27.621546 10.000000
-39.353246 22.955239 -27.621555 10.000000
-38.878134 22.756822 -27.621563 10.000000
-38.409991 22.561621 -27.621571 10.000000
-37.948598 22.369551 -27.621578 10.000000
-37.493744 22.180532 -27.621585 10.000000
-37.045224 21.994484 -27.621592 10.000000
-36.602846 21.811333 -27.621599 10.000000
-36.166423 21.631008 -27.621605 10.000000
-35.735775 21.453438 -27.621611 10.000000
-35.310732 21.278559 -27.621617 10.000000
-34.891128 21.106305 -27.621622 10.000000
-34.476805 20.936615 -27.621628 10.000000
-34.067609 20.769431 -27.621633 10.000000
-33.663396 20.604696 -27.621638 10.000000
-33.264023 20.442356 -27.621642 10.000000
-32.869355 20.282356 -27.621647 10.000000
-32.479260 20.124648 -27.621651 10.000000
-32.093613 19.969183 -27.621656 10.000000
-31.712293 19.815913 -27.621660 10.000000
-31.335181 19.664793 -27.621664 10.000000
-30.962165 19.515781 -27.621667 10.000000
-30.593135 19.368834 -27.621671 10.000000
-30.227987 19.223911 -27.621675 10.000000
-29.866617 19.080975 -27.621678 10.000000
-29.508929 18.939987 -27.621681 10.000000
-29.154827 18.800911 -27.621684 10.000000
-28.804218 18.663713 -27.621687 10.000000
-28.457014 18.528359 -27.621690 10.000000
-28.113128 18.394817 -27.621693 10.000000
-27.772478 18.263055 -27.621696 10.000000
-27.434982 18.133043 -27.621698 10.000000
-27.100562 18.004754 -27.621701 10.000000
-26.769143 17.878157 -27.621703 10.000000
-26.440651 17.753228 -27.621706 10.000000
-26.115014 17.629939 -27.621708 10.000000
-25.792164 17.508265 -27.621710 10.000000
-25.472033 17.388184 -27.621712 10.000000
-25.154557 17.269670 -27.621714 10.000000
-24.839672 17.152702 -27.621716 10.000000
-24.527316 17.037258 -27.621718 10.000000
-24.217431 16.923318 -27.621720 10.000000
-23.909958 16.810861 -27.621722 10.000000
-23.604840 16.699868 -27.621723 10.000000
-23.302024 16.590320 -27.621725 10.000000
-23.001454 16.482200 -27.621726 10.000000
-22.703081 16.375490 -27.621728 10.000000
-22.406853 16.270173 -27.621729 10.000000
-22.112721 16.166233 -27.621731 10.000000
-21.820637 16.063656 -27.621732 10.000000
-21.530554 15.962426 -27.621734 10.000000
-21.242428 15.862529 -27.621735 10.000000
-20.956213 15.763951 -27.621736 10.000000
-20.671867 15.666680 -27.621737 10.000000
-20.389347 15.570702 -27.621738 10.000000
-20.108613 15.476005 -27.621739 10.000000
-19.829623 15.382579 -27.621741 10.000000
-19.552340 15.290411 -27.621742 10.000000
-19.276725 15.199490 -27.621743 10.000000
-19.002741 15.109808 -27.621744 10.000000
-18.730350 15.021353 -27.621744 10.000000
-18.459518 14.934117 -27.621745 10.000000
-18.190210 14.848091 -27.621746 10.000000
-17.922392 14.763265 -27.621747 10.000000
-17.656030 14.679632 -27.621748 10.000000
-17.391091 14.597185 -27.621749 10.000000
-17.127545 14.515914 -27.621749 10.000000
-16.865360 14.435814 -27.621750 10.000000
-16.604505 14.356878 -27.621751 10.000000
-16.344951 14.279100 -27.621751 10.000000
-16.086668 14.202472 -27.621752 10.000000
-15.829627 14.126990 -27.621753 10.000000
-15.573801 14.052648 -27.621753 10.000000
-15.319162 13.979441 -27.621754 10.000000
-15.065683 13.907364 -27.621754 10.000000
-14.813338 13.836413 -27.621755 10.000000
-14.562100 13.766582 -27.621755 10.000000
-14.311944 13.697869 -27.621756 10.000000
-14.062846 13.630270 -27.621756 10.000000
-13.814780 13.563780 -27.621757 10.000000
-13.567722 13.498397 -27.621757 10.000000
-13.321649 13.434118 -27.621758 10.000000
-13.076538 13.370939 -27.621758 10.000000
-12.832366 13.308859 -27.621758 10.000000
-12.589109 13.247875 -27.621759 10.000000
-12.346747 13.187984 -27.621759 10.000000
-12.105258 13.129185 -27.621759 10.000000
-11.864619 13.071476 -27.621760 10.000000
-11.624810 13.014856 -27.621760 10.000000
-11.385811 12.959322 -27.621760 10.000000
-11.147600 12.904874 -27.621761 10.000000
-10.910159 12.851510 -27.621761 10.000000
-10.673466 12.799231 -27.621761 10.000000
-10.437503 12.748034 -27.621761 10.000000
-10.202250 12.697919 -27.621762 10.000000
-9.967689 12.648886 -27.621762 10.000000
-9.733801 12.600934 -27.621762 10.000000
-9.500567 12.554064 -27.621762 10.000000
-9.267969 12.508274 -27.621762 10.000000
-9.035989 12.463566 -27.621762 10.000000
-8.804610 12.419938 -27.621763 10.000000
-8.573814 12.377392 -27.621763 10.000000
-8.343583 12.335927 -27.621763 10.000000
-8.113901 12.295543 -27.621763 10.000000
-7.884751 12.256242 -27.621763 10.000000
-7.656116 12.218024 -27.621763 10.000000
-7.427980 12.180889 -27.621763 10.000000
-7.200326 12.144838 -27.621764 10.000000
-6.973138 12.109872 -27.621764 10.000000
-6.746400 12.075990 -27.621764 10.000000
-6.520096 12.043195 -27.621764 10.000000
-6.294211 12.011487 -27.621764 10.000000
-6.068729 11.980867 -27.621764 10.000000
-5.843634 11.951335 -27.621764 10.000000
-5.618912 11.922892 -27.621764 10.000000
-5.394547 11.895540 -27.621764 10.000000
-5.170524 11.869279 -27.621764 10.000000
-4.946828 11.844110 -27.621764 10.000000
-4.723445 11.820035 -27.621764 10.000000
-4.500360 11.797053 -27.621764 10.000000
-4.277558 11.775167 -27.621764 10.000000
-4.055025 11.754376 -27.621764 10.000000
-3.832746 11.734682 -27.621765 10.000000
-3.610707 11.716085 -27.621765 10.000000
-3.388894 11.698587 -27.621765 10.000000
-3.167292 11.682188 -27.621765 10.000000
-2.945888 11.666888 -27.621765 10.000000
-2.724667 11.652690 -27.621765 10.000000
-2.503616 11.639592 -27.621765 10.000000
-2.282720 11.627597 -27.621765 10.000000
-2.061966 11.616704 -27.621765 10.000000
-1.841340 11.606915 -27.621765 10.000000
-1.620828 11.598229 -27.621765 10.000000
-1.400417 11.590647 -27.621765 10.000000
-1.180092 11.584169 -27.621765 10.000000
-0.959840 11.578796 -27.621765 10.000000
-0.739647 11.574529 -27.621765 10.000000
-0.519501 11.571366 -27.621765 10.000000
-0.299386 11.569310 -27.621765 10.000000
-0.079290 11.568359 -27.621765 10.000000
0.140801 11.568513 -27.621765 10.000000
0.360901 11.569773 -27.621765 10.000000
0.581024 11.572139 -27.621765 10.000000
0.801182 11.575610 -27.621765 10.000000
1.021390 11.580187 -27.621765 10.000000
1.241660 11.585868 -27.621765 10.000000
1.462008 11.592654 -27.621765 10.000000
1.682446 11.600545 -27.621765 10.000000
1.902989 11.609539 -27.621765 10.000000
2.123649 11.619638 -27.621765 10.000000
2.344441 11.630838 -27.621765 10.000000
2.565379 11.643142 -27.621765 10.000000
2.786476 11.656547 -27.621765 10.000000
3.007747 11.671053 -27.621765 10.000000
3.229205 11.686660 -27.621765 10.000000
3.450864 11.703366 -27.621765 10.000000
3.672739 11.721172 -27.621765 10.000000
3.894844 11.740075 -27.621765 10.000000
4.117193 11.760076 -27.621765 10.000000
4.339800 11.781173 -27.621765 10.000000
4.562679 11.803365 -27.621765 10.000000
4.785846 11.826652 -27.621765 10.000000
5.009315 11.851033 -27.621765 10.000000
5.233101 11.876507 -27.621765 10.000000
5.457218 11.903073 -27.621765 10.000000
5.681681 11.930730 -27.621765 10.000000
5.906506 11.959477 -27.621765 10.000000
6.131707 11.989313 -27.621765 10.000000
6.357300 12.020237 -27.621765 10.000000
6.583301 12.052249 -27.621766 10.000000
6.809724 12.085347 -27.621766 10.000000
7.036586 12.119531 -27.621766 10.000000
7.263903 12.154801 -27.621766 10.000000
7.491690 12.191154 -27.621766 10.000000
7.719964 12.228592 -27.621766 10.000000
7.948742 12.267112 -27.621766 10.000000
8.178039 12.306715 -27.621766 10.000000
8.407872 12.347400 -27.621766 10.000000
8.638259 12.389167 -27.621767 10.000000
8.869216 12.432015 -27.621767 10.000000
9.100761 12.475944 -27.621767 10.000000
9.332912 12.520955 -27.621767 10.000000
9.565686 12.567046 -27.621767 10.000000
9.799101 12.614218 -27.621767 10.000000
10.033176 12.662471 -27.621768 10.000000
10.267928 12.711805 -27.621768 10.000000
10.503377 12.762222 -27.621768 10.000000
10.739542 12.813720 -27.621768 10.000000
10.976442 12.866302 -27.621769 10.000000
11.214096 12.919968 -27.621769 10.000000
11.452525 12.974718 -27.621769 10.000000
11.691749 13.030555 -27.621769 10.000000
11.931787 13.087478 -27.621770 10.000000
12.172662 13.145491 -27.621770 10.000000
12.414393 13.204594 -27.621770 10.000000
12.657003 13.264789 -27.621771 10.000000
12.900513 13.326078 -27.621771 10.000000
13.144945 13.388464 -27.621772 10.000000
13.390323 13.451948 -27.621772 10.000000
13.636668 13.516535 -27.621772 10.000000
13.884005 13.582225 -27.621773 10.000000
14.132357 13.649023 -27.621773 10.000000
14.381748 13.716932 -27.621774 10.000000
14.632204 13.785956 -27.621774 10.000000
14.883748 13.856097 -27.621775 10.000000
15.136408 13.927361 -27.621775 10.000000
15.390208 13.999752 -27.621776 10.000000
15.645176 14.073274 -27.621776 10.000000
15.901338 14.147933 -27.621777 10.000000
16.158723 14.223732 -27.621778 10.000000
16.417358 14.300679 -27.621778 10.000000
16.677272 14.378779 -27.621779 10.000000
16.938496 14.458038 -27.621780 10.000000
17.201058 14.538462 -27.621780 10.000000
17.464989 14.620059 -27.621781 10.000000
17.730322 14.702835 -27.621782 10.000000
17.997087 14.786798 -27.621783 10.000000
18.265318 14.871956 -27.621783 10.000000
18.535048 14.958317 -27.621784 10.000000
18.806312 15.045891 -27.621785 10.000000
19.079144 15.134685 -27.621786 10.000000
19.353580 15.224710 -27.621787 10.000000
19.629657 15.315975 -27.621788 10.000000
19.907412 15.408491 -27.621789 10.000000
20.186884 15.502269 -27.621790 10.000000
20.468113 15.597319 -27.621791 10.000000
20.751138 15.693655 -27.621792 10.000000
21.036002 15.791287 -27.621794 10.000000
21.322746 15.890229 -27.621795 10.000000
21.611414 15.990494 -27.621796 10.000000
21.902050 16.092095 -27.621797 10.000000
22.194701 16.195048 -27.621799 10.000000
22.489413 16.299368 -27.621800 10.000000
22.786235 16.405069 -27.621802 10.000000
23.085216 16.512168 -27.621803 10.000000
23.386407 16.620681 -27.621805 10.000000
23.689860 16.730627 -27.621807 10.000000
23.995630 16.842024 -27.621808 10.000000
24.303770 16.954889 -27.621810 10.000000
24.614339 17.069243 -27.621812 10.000000
24.927394 17.185106 -27.621814 10.000000
25.242995 17.302499 -27.621816 10.000000
25.561206 17.421444 -27.621818 10.000000
25.882088 17.541964 -27.621820 10.000000
26.205709 17.664081 -27.621822 10.000000
26.532135 17.787821 -27.621824 10.000000
26.861436 17.913208 -27.621827 10.000000
27.193685 18.040269 -27.621829 10.000000
27.528954 18.169032 -27.621832 10.000000
27.867322 18.299524 -27.621834 10.000000
28.208866 18.431774 -27.621837 10.000000
28.553669 18.565813 -27.621840 10.000000
28.901813 18.701673 -27.621843 10.000000
29.253387 18.839386 -27.621846 10.000000
29.608480 18.978986 -27.621849 10.000000
29.967185 19.120508 -27.621852 10.000000
30.329597 19.263988 -27.621856 10.000000
30.695817 19.409465 -27.621859 10.000000
31.065947 19.556978 -27.621863 10.000000
31.440094 19.706567 -27.621867 10.000000
31.818367 19.858275 -27.621871 10.000000
32.200881 20.012145 -27.621875 10.000000
32.587755 20.168224 -27.621879 10.000000
32.979111 20.326559 -27.621884 10.000000
33.375077 20.487198 -27.621888 10.000000
33.775785 20.650193 -27.621893 10.000000
34.181372 20.815597 -27.621898 10.000000
34.591980 20.983465 -27.621903 10.000000
35.007759 21.153854 -27.621909 10.000000
35.428862 21.326825 -27.621914 10.000000
35.855449 21.502438 -27.621920 10.000000
36.287688 21.680759 -27.621926 10.000000
36.725751 21.861855 -27.621933 10.000000
37.169821 22.045795 -27.621939 10.000000
37.620084 22.232653 -27.621946 10.000000
38.076738 22.422504 -27.621953 10.000000
38.539989 22.615426 -27.621961 10.000000
39.010049 22.811502 -27.621969 10.000000
39.487142 23.010819 -27.621977 10.000000
39.971503 23.213464 -27.621985 10.000000
40.463375 23.419532 -27.621994 10.000000
40.963014 23.629119 -27.622004 10.000000
41.470687 23.842328 -27.622013 10.000000
41.986674 24.059263 -27.622023 10.000000
42.511268 24.280037 -27.622034 10.000000
43.044779 24.504764 -27.622045 10.000000
43.587527 24.733565 -27.622057 10.000000
44.139853 24.966568 -27.622069 10.000000
44.702112 25.203904 -27.622082 10.000000
45.274680 25.445712 -27.622095 10.000000
45.857949 25.692138 -27.622109 10.000000
46.452336 25.943332 -27.622124 10.000000
47.058276 26.199455 -27.622140 10.000000
47.676232 26.460673 -27.622156 10.000000
48.306689 26.727162 -27.622173 10.000000
48.950160 26.999106 -27.622191 10.000000
49.607189 27.276697 -27.622210 10.000000
50.278350 27.560138 -27.622230 10.000000
50.964250 27.849643 -27.622251 10.000000
51.665533 28.145435 -27.622273 10.000000
52.382882 28.447749 -27.622296 10.000000
53.117021 28.756835 -27.622321 10.000000
53.868721 29.072951 -27.622347 10.000000
54.638799 29.396374 -27.622375 10.000000
55.428127 29.727393 -27.622404 10.000000
56.237632 30.066311 -27.622435 10.000000
57.068306 30.413452 -27.622467 10.000000
57.921203 30.769152 -27.622502 10.000000
58.797453 31.133771 -27.622539 10.000000
59.698264 31.507684 -27.622578 10.000000
60.624928 31.891289 -27.622620 10.000000
61.578831 32.285007 -27.622664 10.000000
62.561462 32.689278 -27.622711 10.000000
63.574419 33.104571 -27.622761 10.000000
64.619420 33.531377 -27.622815 10.000000
65.698317 33.970215 -27.622872 10.000000
66.813105 34.421632 -27.622933 10.000000
67.965938 34.886203 -27.622998 10.000000
69.159143 35.364533 -27.623068 10.000000
70.395236 35.857256 -27.623143 10.000000
71.676943 36.365037 -27.623223 10.000000
73.007219 36.888573 -27.623310 10.000000
74.389269 37.428587 -27.623402 10.000000
75.826575 37.985832 -27.623502 10.000000
77.322924 38.561086 -27.623609 10.000000
78.882434 39.155145 -27.623724 10.000000
80.509588 39.768822 -27.623849 10.000000
82.209270 40.402937 -27.623983 10.000000
83.986802 41.058302 -27.624128 10.000000
85.847980 41.735709 -27.624284 10.000000
87.799117 42.435910 -27.624452 10.000000
89.847086 43.159587 -27.624633 10.000000
88.000646 43.907320 -27.624829 10.000000
85.735977 44.679540 -27.625039 10.000000
83.350142 45.476474 -27.625265 10.000000
80.833700 46.298070 -27.625507 10.000000
78.176527 47.143909 -27.625767 10.000000
75.367851 48.013094 -27.626043 10.000000
72.396316 48.904111 -27.626335 10.000000
69.250106 49.814668 -27.626643 10.000000
65.917135 50.741505 -27.626965 10.000000
62.385337 51.680177 -27.627298 10.000000
58.643078 52.624819 -27.627637 10.000000
54.679705 53.567906 -27.627978 10.000000
50.486269 54.500035 -27.628313 10.000000
46.056419 55.409756 -27.628635 10.000000
41.387459 56.283520 -27.628933 10.000000
36.481526 57.105787 -27.629198 10.000000
31.346789 57.859376 -27.629423 10.000000
25.998522 58.526101 -27.629599 10.000000
20.459865 59.087717 -27.629725 10.000000
14.762041 59.527147 -27.629803 10.000000
8.943856 59.829851 -27.629840 10.000000
3.050371 59.985182 -27.629850 10.000000
-2.869207 59.987467 -27.629851 10.000000
-8.764189 59.836619 -27.629861 10.000000
-14.585284 59.538151 -27.629897 10.000000
-20.287280 59.102576 -27.629973 10.000000
-25.831165 58.544332 -27.630098 10.000000
-31.185484 57.880444 -27.630273 10.000000
-36.326862 57.129139 -27.630496 10.000000
-41.239802 56.308620 -27.630760 10.000000
-45.915943 55.436109 -27.631057 10.000000
-50.352986 54.527203 -27.631378 10.000000
-54.553499 53.595512 -27.631713 10.000000
-58.523741 52.652548 -27.632054 10.000000
-62.272596 51.707776 -27.632393 10.000000
-65.810676 50.768773 -27.632726 10.000000
-69.149592 49.841451 -27.633048 10.000000
-72.301402 48.930294 -27.633357 10.000000
-75.278193 48.038594 -27.633650 10.000000
-78.091791 47.168671 -27.633926 10.000000
-80.753566 46.322057 -27.634186 10.000000
-83.274307 45.499668 -27.634429 10.000000
-85.664154 44.701936 -27.634655 10.000000
-87.932570 43.928920 -27.634866 10.000000
-89.911663 43.180403 -27.635062 10.000000
-87.860423 42.455957 -27.635244 10.000000
-85.906227 41.755008 -27.635412 10.000000
-84.042185 41.076875 -27.635569 10.000000
-82.261970 40.420808 -27.635713 10.000000
-80.559769 39.786017 -27.635848 10.000000
-78.930249 39.171689 -27.635973 10.000000
-77.368513 38.577004 -27.636088 10.000000
-75.870068 38.001150 -27.636196 10.000000
-74.430784 37.443329 -27.636295 10.000000
-73.046866 36.902763 -27.636388 10.000000
-71.714824 36.378699 -27.636475 10.000000
-70.431444 35.870410 -27.636555 10.000000
-69.193765 35.377202 -27.636630 10.000000
-67.999054 34.898408 -27.636700 10.000000
-66.844789 34.433393 -27.636766 10.000000
-65.728638 33.981549 -27.636827 10.000000
-64.648442 33.542302 -27.636884 10.000000
-63.602201 33.115105 -27.636938 10.000000
-62.588059 32.699436 -27.636988 10.000000
-61.604295 32.294804 -27.637035 10.000000
-60.649307 31.900741 -27.637080 10.000000
-59.721603 31.516803 -27.637121 10.000000
-58.819794 31.142571 -27.637160 10.000000
-57.942585 30.777646 -27.637197 10.000000
-57.088766 30.421651 -27.637232 10.000000
-56.257205 30.074227 -27.637265 10.000000
-55.446844 29.735036 -27.637296 10.000000
-54.656691 29.403755 -27.637325 10.000000
-53.885817 29.080080 -27.637352 10.000000
-53.133348 28.763720 -27.637379 10.000000
-52.398464 28.454400 -27.637403 10.000000
-51.680395 28.151859 -27.637427 10.000000
-50.978415 27.855849 -27.637449 10.000000
-50.291838 27.566134 -27.637470 10.000000
-49.620021 27.282489 -27.637490 10.000000
-48.962355 27.004702 -27.637509 10.000000
-48.318264 26.732569 -27.637527 10.000000
-47.687205 26.465897 -27.637544 10.000000
-47.068664 26.204502 -27.637560 10.000000
-46.462153 25.948208 -27.637576 10.000000
-45.867210 25.696848 -27.637591 10.000000
-45.283399 25.450263 -27.637605 10.000000
-44.710302 25.208300 -27.637618 10.000000
-44.147527 24.970814 -27.637631 10.000000
-43.594696 24.737666 -27.637643 10.000000
-43.051455 24.508724 -27.637655 10.000000
-42.517463 24.283862 -27.637666 10.000000
-41.992396 24.062957 -27.637677 10.000000
-41.475947 23.845894 -27.637687 10.000000
-40.967821 23.632562 -27.637696 10.000000
-40.467739 23.422855 -27.637706 10.000000
-39.975432 23.216672 -27.637715 10.000000
-39.490644 23.013914 -27.637723 10.000000
-39.013131 22.814490 -27.637731 10.000000
-38.542660 22.618308 -27.637739 10.000000
-38.079005 22.425284 -27.637747 10.000000
-37.621953 22.235335 -27.637754 10.000000
-37.171299 22.048382 -27.637761 10.000000
-36.726845 21.864349 -27.637767 10.000000
-36.288403 21.683164 -27.637774 10.000000
-35.855791 21.504756 -27.637780 10.000000
-35.428837 21.329058 -27.637786 10.000000
-35.007372 21.156007 -27.637791 10.000000
-34.591236 20.985539 -27.637797 10.000000
-34.180275 20.817595 -27.637802 10.000000
-33.774341 20.652117 -27.637807 10.000000
-33.373291 20.489052 -27.637812 10.000000
-32.976986 20.328344 -27.637816 10.000000
-32.585296 20.169943 -27.637821 10.000000
-32.198092 20.013801 -27.637825 10.000000
-31.815251 19.859869 -27.637829 10.000000
-31.436655 19.708102 -27.637833 10.000000
-31.062189 19.558456 -27.637837 10.000000
-30.691743 19.410888 -27.637841 10.000000
-30.325211 19.265358 -27.637844 10.000000
-29.962489 19.121827 -27.637848 10.000000
-29.603478 18.980257 -27.637851 10.000000
-29.248081 18.840610 -27.637854 10.000000
-28.896207 18.702853 -27.637857 10.000000
-28.547764 18.566951 -27.637860 10.000000
-28.202666 18.432871 -27.637863 10.000000
-27.860829 18.300582 -27.637866 10.000000
-27.522170 18.170053 -27.637868 10.000000
-27.186612 18.041256 -27.637871 10.000000
-26.854078 17.914162 -27.637873 10.000000
-26.524492 17.788743 -27.637876 10.000000
-26.197784 17.664974 -27.637878 10.000000
-25.873883 17.542829 -27.637880 10.000000
-25.552722 17.422284 -27.637882 10.000000
-25.234236 17.303316 -27.637884 10.000000
-24.918359 17.185901 -27.637886 10.000000
-24.605031 17.070017 -27.637888 10.000000
-24.294190 16.955645 -27.637890 10.000000
-23.985780 16.842763 -27.637892 10.000000
-23.679742 16.731352 -27.637893 10.000000
-23.376021 16.621393 -27.637895 10.000000
-23.074564 16.512868 -27.637897 10.000000
-22.775318 16.405759 -27.637898 10.000000
-22.478233 16.300051 -27.637900 10.000000
-22.183258 16.195725 -27.637901 10.000000
-21.890346 16.092768 -27.637903 10.000000
-21.599449 15.991164 -27.637904 10.000000
-21.310521 15.890898 -27.637905 10.000000
-21.023519 15.791957 -27.637906 10.000000
-20.738397 15.694327 -27.637908 10.000000
-20.455115 15.597997 -27.637909 10.000000
-20.173630 15.502952 -27.637910 10.000000
-19.893902 15.409183 -27.637911 10.000000
-19.615892 15.316677 -27.637912 10.000000
-19.339561 15.225423 -27.637913 10.000000
-19.064871 15.135411 -27.637914 10.000000
-18.791786 15.046632 -27.637915 10.000000
-18.520270 14.959076 -27.637916 10.000000
-18.250288 14.872733 -27.637917 10.000000
-17.981805 14.787596 -27.637917 10.000000
-17.714789 14.703655 -27.637918 10.000000
-17.449205 14.620903 -27.637919 10.000000
-17.185023 14.539333 -27.637920 10.000000
-16.922210 14.458936 -27.637921 10.000000
-16.660737 14.379707 -27.637921 10.000000
-16.400572 14.301639 -27.637922 10.000000
-16.141687 14.224725 -27.637923 10.000000
-15.884052 14.148961 -27.637923 10.000000
-15.627640 14.074340 -27.637924 10.000000
-15.372423 14.000857 -27.637924 10.000000
-15.118373 13.928507 -27.637925 10.000000
-14.865464 13.857286 -27.637925 10.000000
-14.613669 13.787189 -27.637926 10.000000
-14.362964 13.718213 -27.637926 10.000000
-14.113323 13.650352 -27.637927 10.000000
-13.864721 13.583605 -27.637927 10.000000
-13.617133 13.517967 -27.637928 10.000000
-13.370537 13.453435 -27.637928 10.000000
-13.124909 13.390007 -27.637929 10.000000
-12.880226 13.327680 -27.637929 10.000000
-12.636464 13.266452 -27.637929 10.000000
-12.393603 13.206319 -27.637930 10.000000
-12.151619 13.147281 -27.637930 10.000000
-11.910492 13.089336 -27.637930 10.000000
-11.670201 13.032481 -27.637931 10.000000
-11.430724 12.976715 -27.637931 10.000000
-11.192041 12.922038 -27.637931 10.000000
-10.954132 12.868447 -27.637931 10.000000
-10.716977 12.815942 -27.637932 10.000000
-10.480557 12.764523 -27.637932 10.000000
-10.244851 12.714188 -27.637932 10.000000
-10.009842 12.664937 -27.637932 10.000000
-9.775510 12.616769 -27.637933 10.000000
-9.541837 12.569685 -27.637933 10.000000
-9.308804 12.523684 -27.637933 10.000000
-9.076393 12.478766 -27.637933 10.000000
-8.844587 12.434931 -27.637933 10.000000
-8.613369 12.392179 -27.637933 10.000000
-8.382720 12.350511 -27.637934 10.000000
-8.152623 12.309927 -27.637934 10.000000
-7.923062 12.270426 -27.637934 10.000000
-7.694020 12.232011 -27.637934 10.000000
-7.465480 12.194681 -27.637934 10.000000
-7.237425 12.158437 -27.637934 10.000000
-7.009841 12.123279 -27.637934 10.000000
-6.782709 12.089209 -27.637934 10.000000
-6.556016 12.056226 -27.637934 10.000000
-6.329744 12.024333 -27.637935 10.000000
-6.103878 11.993529 -27.637935 10.000000
-5.878403 11.963816 -27.637935 10.000000
-5.653303 11.935194 -27.637935 10.000000
-5.428564 11.907664 -27.637935 10.000000
-5.204170 11.881228 -27.637935 10.000000
-4.980105 11.855885 -27.637935 10.000000
-4.756356 11.831638 -27.637935 10.000000
-4.532908 11.808487 -27.637935 10.000000
-4.309745 11.786432 -27.637935 10.000000
-4.086854 11.765475 -27.637935 10.000000
-3.864219 11.745617 -27.637935 10.000000
-3.641827 11.726858 -27.637935 10.000000
-3.419663 11.709200 -27.637935 10.000000
-3.197713 11.692642 -27.637935 10.000000
-2.975962 11.677187 -27.637935 10.000000
-2.754398 11.662834 -27.637935 10.000000
-2.533005 11.649584 -27.637935 10.000000
-2.311770 11.637438 -27.637935 10.000000
-2.090678 11.626397 -27.637935 10.000000
-1.869717 11.616461 -27.637935 10.000000
-1.648872 11.607630 -27.637935 10.000000
-1.428129 11.599906 -27.637935 10.000000
-1.207474 11.593287 -27.637935 10.000000
-0.986895 11.587776 -27.637935 10.000000
-0.766376 11.583372 -27.637935 10.000000
-0.545905 11.580075 -27.637935 10.000000
-0.325468 11.577886 -27.637935 10.000000
-0.105051 11.576804 -27.637935 10.000000
0.115360 11.576830 -27.637935 10.000000
0.335777 11.577963 -27.637935 10.000000
0.556216 11.580205 -27.637935 10.000000
0.776689 11.583553 -27.637935 10.000000
0.997210 11.588009 -27.637935 10.000000
1.217792 11.593572 -27.637935 10.000000
1.438451 11.600242 -27.637935 10.000000
1.659198 11.608019 -27.637935 10.000000
1.880049 11.616901 -27.637935 10.000000
2.101016 11.626889 -27.637935 10.000000
2.322114 11.637982 -27.637935 10.000000
2.543356 11.650179 -27.637935 10.000000
2.764756 11.663481 -27.637935 10.000000
2.986329 11.677885 -27.637935 10.000000
3.208089 11.693392 -27.637935 10.000000
3.430048 11.710001 -27.637935 10.000000
3.652223 11.727711 -27.637935 10.000000
3.874626 11.746521 -27.637935 10.000000
4.097272 11.766430 -27.637936 10.000000
4.320176 11.787438 -27.637936 10.000000
4.543352 11.809544 -27.637936 10.000000
4.766814 11.832747 -27.637936 10.000000
4.990577 11.857045 -27.637936 10.000000
5.214657 11.882438 -27.637936 10.000000
5.439067 11.908926 -27.637936 10.000000
5.663823 11.936506 -27.637936 10.000000
5.888940 11.965179 -27.637936 10.000000
6.114433 11.994943 -27.637936 10.000000
6.340317 12.025798 -27.637936 10.000000
6.566609 12.057742 -27.637936 10.000000
6.793322 12.090775 -27.637936 10.000000
7.020474 12.124896 -27.637936 10.000000
7.248081 12.160104 -27.637936 10.000000
7.476157 12.196399 -27.637937 10.000000
7.704721 12.233779 -27.637937 10.000000
7.933787 12.272245 -27.637937 10.000000
8.163372 12.311795 -27.637937 10.000000
8.393494 12.352430 -27.637937 10.000000
8.624170 12.394148 -27.637937 10.000000
8.855415 12.436950 -27.637937 10.000000
9.087249 12.480835 -27.637938 10.000000
9.319688 12.525803 -27.637938 10.000000
9.552751 12.571854 -27.637938 10.000000
9.786454 12.618989 -27.637938 10.000000
10.020818 12.667206 -27.637938 10.000000
10.255859 12.716507 -27.637939 10.000000
10.491597 12.766892 -27.637939 10.000000
10.728052 12.818362 -27.637939 10.000000
10.965241 12.870916 -27.637939 10.000000
11.203186 12.924557 -27.637940 10.000000
11.441905 12.979284 -27.637940 10.000000
11.681420 13.035100 -27.637940 10.000000
11.921750 13.092005 -27.637940 10.000000
12.162916 13.150000 -27.637941 10.000000
12.404940 13.209089 -27.637941 10.000000
12.647843 13.269271 -27.637941 10.000000
12.891647 13.330550 -27.637942 10.000000
13.136374 13.392927 -27.637942 10.000000
13.382047 13.456406 -27.637943 10.000000
13.628689 13.520988 -27.637943 10.000000
13.876323 13.586676 -27.637943 10.000000
14.124973 13.653474 -27.637944 10.000000
14.374663 13.721385 -27.637944 10.000000
14.625419 13.790413 -27.637945 10.000000
14.877264 13.860560 -27.637945 10.000000
15.130226 13.931833 -27.637946 10.000000
15.384330 14.004234 -27.637946 10.000000
15.639602 14.077768 -27.637947 10.000000
15.896070 14.152441 -27.637948 10.000000
16.153762 14.228257 -27.637948 10.000000
16.412707 14.305223 -27.637949 10.000000
16.672931 14.383343 -27.637949 10.000000
16.934467 14.462625 -27.637950 10.000000
17.197342 14.543074 -27.637951 10.000000
17.461589 14.624698 -27.637952 10.000000
17.727239 14.707503 -27.637952 10.000000
17.994323 14.791497 -27.637953 10.000000
18.262874 14.876689 -27.637954 10.000000
18.532927 14.963086 -27.637955 10.000000
18.804515 15.050696 -27.637956 10.000000
19.077674 15.139531 -27.637957 10.000000
19.352439 15.229597 -27.637958 10.000000
19.628847 15.320907 -27.637959 10.000000
19.906937 15.413469 -27.637960 10.000000
20.186745 15.507295 -27.637961 10.000000
20.468313 15.602397 -27.637962 10.000000
20.751679 15.698785 -27.637963 10.000000
21.036887 15.796472 -27.637964 10.000000
21.323978 15.895472 -27.637966 10.000000
21.612996 15.995797 -27.637967 10.000000
21.903985 16.097460 -27.637968 10.000000
22.196992 16.200478 -27.637970 10.000000
22.492064 16.304864 -27.637971 10.000000
22.789248 16.410634 -27.637972 10.000000
23.088595 16.517805 -27.637974 10.000000
23.390156 16.626393 -27.637976 10.000000
23.693983 16.736415 -27.637977 10.000000
24.000129 16.847891 -27.637979 10.000000
24.308651 16.960838 -27.637981 10.000000
24.619605 17.075276 -27.637983 10.000000
24.933050 17.191226 -27.637984 10.000000
25.249046 17.308709 -27.637986 10.000000
25.567655 17.427746 -27.637988 10.000000
25.888941 17.548360 -27.637991 10.000000
26.212970 17.670576 -27.637993 10.000000
26.539809 17.794416 -27.637995 10.000000
26.869530 17.919907 -27.637997 10.000000
27.202202 18.047075 -27.638000 10.000000
27.537902 18.175947 -27.638002 10.000000
27.876705 18.306551 -27.638005 10.000000
28.218691 18.438917 -27.638008 10.000000
28.563941 18.573075 -27.638011 10.000000
28.912540 18.709057 -27.638014 10.000000
29.264575 18.846896 -27.638017 10.000000
29.620136 18.986625 -27.638020 10.000000
29.979316 19.128279 -27.638023 10.000000
30.342211 19.271896 -27.638027 10.000000
30.708922 19.417512 -27.638030 10.000000
31.079550 19.565169 -27.638034 10.000000
31.454203 19.714905 -27.638038 10.000000
31.832992 19.866764 -27.638042 10.000000
32.216031 20.020790 -27.638046 10.000000
32.603439 20.177028 -27.638050 10.000000
32.995338 20.335527 -27.638054 10.000000
33.391857 20.496334 -27.638059 10.000000
33.793129 20.659502 -27.638064 10.000000
34.199291 20.825084 -27.638069 10.000000
34.610485 20.993134 -27.638074 10.000000
35.026862 21.163711 -27.638080 10.000000
35.448575 21.336874 -27.638085 10.000000
35.875785 21.512685 -27.638091 10.000000
36.308660 21.691210 -27.638097 10.000000
36.747373 21.872514 -27.638104 10.000000
37.192106 22.056669 -27.638110 10.000000
37.643049 22.243748 -27.638117 10.000000
38.100398 22.433825 -27.638124 10.000000
38.564359 22.626981 -27.638132 10.000000
39.035148 22.823298 -27.638140 10.000000
39.512987 23.022862 -27.638148 10.000000
39.998113 23.225761 -27.638156 10.000000
40.490769 23.432091 -27.638165 10.000000
40.991212 23.641948 -27.638175 10.000000
41.499710 23.855434 -27.638184 10.000000
42.016545 24.072656 -27.638195 10.000000
42.542011 24.293724 -27.638205 10.000000
43.076417 24.518755 -27.638216 10.000000
43.620087 24.747870 -27.638228 10.000000
44.173361 24.981196 -27.638240 10.000000
44.736597 25.218866 -27.638253 10.000000
45.310170 25.461018 -27.638267 10.000000
45.894478 25.707799 -27.638281 10.000000
46.489935 25.959361 -27.638296 10.000000
47.096980 26.215863 -27.638311 10.000000
47.716078 26.477473 -27.638327 10.000000
48.347715 26.744367 -27.638345 10.000000
48.992407 27.016730 -27.638363 10.000000
49.650700 27.294755 -27.638382 10.000000
50.323169 27.578645 -27.638402 10.000000
51.010426 27.868615 -27.638423 10.000000
51.713116 28.164888 -27.638445 10.000000
52.431927 28.467702 -27.638468 10.000000
53.167584 28.777305 -27.638493 10.000000
53.920862 29.093959 -27.638519 10.000000
54.692583 29.417939 -27.638547 10.000000
55.483623 29.749536 -27.638576 10.000000
56.294912 30.089055 -27.638607 10.000000
57.127447 30.436820 -27.638640 10.000000
57.982288 30.793170 -27.638675 10.000000
58.860570 31.158464 -27.638712 10.000000
59.763507 31.533080 -27.638751 10.000000
60.692398 31.917416 -27.638793 10.000000
61.648636 32.311895 -27.638837 10.000000
62.633718 32.716960 -27.638885 10.000000
63.649248 33.133079 -27.638935 10.000000
64.696957 33.560747 -27.638989 10.000000
65.778704 34.000484 -27.639046 10.000000
66.896497 34.452838 -27.639108 10.000000
68.052500 34.918386 -27.639173 10.000000
69.249054 35.397735 -27.639243 10.000000
70.488690 35.891522 -27.639319 10.000000
71.774149 36.400413 -27.639399 10.000000
73.108403 36.925106 -27.639486 10.000000
74.494675 37.466326 -27.639579 10.000000
75.936470 38.024827 -27.639679 10.000000
77.437595 38.601388 -27.639787 10.000000
79.002194 39.196807 -27.639903 10.000000
80.634776 39.811895 -27.640028 10.000000
82.340255 40.447471 -27.640163 10.000000
84.123983 41.104346 -27.640308 10.000000
85.991791 41.783309 -27.640465 10.000000
87.950031 42.485106 -27.640634 10.000000
89.994388 43.210411 -27.640816 10.000000
87.833956 43.959793 -27.641013 10.000000
85.560528 44.733669 -27.641224 10.000000
83.165295 45.532247 -27.641451 10.000000
80.638771 46.355448 -27.641695 10.000000
77.970791 47.202823 -27.641955 10.000000
75.150546 48.073430 -27.642232 10.000000
72.166652 48.965705 -27.642526 10.000000
69.007274 49.877289 -27.642835 10.000000
65.660331 50.804843 -27.643157 10.000000
62.113786 51.743827 -27.643490 10.000000
58.356069 52.688265 -27.643830 10.000000
54.376642 53.630505 -27.644170 10.000000
50.166727 54.561004 -27.644504 10.000000
45.720215 55.468169 -27.644824 10.000000
41.034733 56.338311 -27.645119 10.000000
36.112824 57.155769 -27.645382 10.000000
30.963141 57.903284 -27.645603 10.000000
25.601499 58.562647 -27.645775 10.000000
20.051606 59.115678 -27.645897 10.000000
14.345234 59.545454 -27.645972 10.000000
8.521656 59.837693 -27.646006 10.000000
2.626265 59.982086 -27.646016 10.000000
-3.291582 59.973353 -27.646016 10.000000
-9.181256 59.811817 -27.646028 10.000000
-14.993722 59.503364 -27.646066 10.000000
-20.684192 59.058813 -27.646146 10.000000
-26.214192 58.492815 -27.646273 10.000000
-31.552857 57.822502 -27.646452 10.000000
-36.677400 57.066118 -27.646677 10.000000
-41.572865 56.241803 -27.646944 10.000000
-46.231351 55.366666 -27.647243 10.000000
-50.650937 54.456156 -27.647565 10.000000
-54.834475 53.523729 -27.647900 10.000000
-58.788428 52.580740 -27.648240 10.000000
-62.521813 51.636510 -27.648579 10.000000
-66.045319 50.698490 -27.648911 10.000000
-69.370592 49.772480 -27.649232 10.000000
-72.509687 48.862874 -27.649540 10.000000
-75.474672 47.972891 -27.649831 10.000000
-78.277334 47.104788 -27.650106 10.000000
-80.928998 46.260053 -27.650365 10.000000
-83.440399 45.439565 -27.650606 10.000000
-85.821624 44.643728 -27.650832 10.000000
-88.082083 43.872581 -27.651041 10.000000
-89.769494 43.125892 -27.651236 10.000000
-87.725037 42.403223 -27.651416 10.000000
-85.777107 41.703992 -27.651584 10.000000
-83.918860 41.027513 -27.651739 10.000000
-82.144006 40.373036 -27.651884 10.000000
-80.446772 39.739768 -27.652017 10.000000
-78.821856 39.126896 -27.652141 10.000000
-77.264394 38.533603 -27.652256 10.000000
-75.769919 37.959077 -27.652363 10.000000
-74.334328 37.402523 -27.652462 10.000000
-72.953848 36.863164 -27.652555 10.000000
-71.625011 36.340250 -27.652641 10.000000
-70.344621 35.833058 -27.652721 10.000000
-69.109733 35.340895 -27.652795 10.000000
-67.917633 34.863096 -27.652865 10.000000
-66.765811 34.399029 -27.652930 10.000000
-65.651948 33.948091 -27.652991 10.000000
-64.573898 33.509707 -27.653048 10.000000
-63.529670 33.083333 -27.653101 10.000000
-62.517419 32.668451 -27.653151 10.000000
-61.535433 32.264571 -27.653198 10.000000
-60.582116 31.871225 -27.653242 10.000000
-59.655986 31.487974 -27.653284 10.000000
-58.755661 31.114399 -27.653323 10.000000
-57.879850 30.750102 -27.653359 10.000000
-57.027349 30.394709 -27.653394 10.000000
-56.197034 30.047862 -27.653427 10.000000
-55.387849 29.709224 -27.653457 10.000000
-54.598807 29.378474 -27.653487 10.000000
-53.828984 29.055308 -27.653514 10.000000
-53.077509 28.739438 -27.653540 10.000000
-52.343567 28.430588 -27.653565 10.000000
-51.626389 28.128500 -27.653588 10.000000
-50.925252 27.832925 -27.653610 10.000000
-50.239476 27.543629 -27.653631 10.000000
-49.568417 27.260389 -27.653651 10.000000
-48.911470 26.982991 -27.653670 10.000000
-48.268061 26.711234 -27.653688 10.000000
-47.637648 26.444924 -27.653705 10.000000
-47.019721 26.183880 -27.653721 10.000000
-46.413792 25.927924 -27.653737 10.000000
-45.819402 25.676892 -27.653751 10.000000
-45.236115 25.430623 -27.653765 10.000000
-44.663517 25.188967 -27.653779 10.000000
-44.101214 24.951778 -27.653791 10.000000
-43.548832 24.718918 -27.653804 10.000000
-43.006016 24.490255 -27.653815 10.000000
-42.472428 24.265663 -27.653826 10.000000
-41.947745 24.045022 -27.653837 10.000000
-41.431659 23.828214 -27.653847 10.000000
-40.923878 23.615131 -27.653857 10.000000
-40.424123 23.405666 -27.653866 10.000000
-39.932126 23.199718 -27.653875 10.000000
-39.447632 22.997189 -27.653883 10.000000
-38.970397 22.797988 -27.653892 10.000000
-38.500188 22.602024 -27.653899 10.000000
-38.036782 22.409212 -27.653907 10.000000
-37.579965 22.219470 -27.653914 10.000000
-37.129532 22.032719 -27.653921 10.000000
-36.685288 21.848885 -27.653927 10.000000
-36.247043 21.667893 -27.653934 10.000000
-35.814617 21.489674 -27.653940 10.000000
-35.387837 21.314162 -27.653946 10.000000
-34.966536 21.141292 -27.653951 10.000000
-34.550553 20.971002 -27.653957 10.000000
-34.139736 20.803233 -27.653962 10.000000
-33.733936 20.637927 -27.653967 10.000000
-33.333010 20.475030 -27.653972 10.000000
-32.936822 20.314488 -27.653976 10.000000
-32.545239 20.156250 -27.653981 10.000000
-32.158134 20.000268 -27.653985 10.000000
-31.775385 19.846494 -27.653989 10.000000
-31.396872 19.694882 -27.653993 10.000000
-31.022483 19.545389 -27.653997 10.000000
-30.652106 19.397973 -27.654001 10.000000
-30.285635 19.252592 -27.654004 10.000000
-29.922968 19.109208 -27.654007 10.000000
-29.564006 18.967783 -27.654011 10.000000
-29.208652 18.828281 -27.654014 10.000000
-28.856813 18.690666 -27.654017 10.000000
-28.508401 18.554905 -27.654020 10.000000
-28.163328 18.420964 -27.654023 10.000000
-27.821509 18.288814 -27.654025 10.000000
-27.482864 18.158423 -27.654028 10.000000
-27.147314 18.029762 -27.654031 10.000000
-26.814783 17.902803 -27.654033 10.000000
-26.485195 17.777519 -27.654035 10.000000
-26.158480 17.653884 -27.654038 10.000000
-25.834568 17.531872 -27.654040 10.000000
-25.513391 17.411459 -27.654042 10.000000
-25.194883 17.292622 -27.654044 10.000000
-24.878981 17.175339 -27.654046 10.000000
-24.565623 17.059587 -27.654048 10.000000
-24.254749 16.945345 -27.654050 10.000000
-23.946300 16.832593 -27.654051 10.000000
-23.640220 16.721312 -27.654053 10.000000
-23.336454 16.611483 -27.654055 10.000000
-23.034947 16.503088 -27.654056 10.000000
-22.735648 16.396110 -27.654058 10.000000
-22.438505 16.290531 -27.654059 10.000000
-22.143469 16.186336 -27.654061 10.000000
-21.850492 16.083509 -27.654062 10.000000
-21.559527 15.982036 -27.654064 10.000000
-21.270528 15.881901 -27.654065 10.000000
-20.983451 15.783091 -27.654066 10.000000
-20.698252 15.685593 -27.654067 10.000000
-20.414888 15.589395 -27.654068 10.000000
-20.133318 15.494483 -27.654069 10.000000
-19.853503 15.400847 -27.654071 10.000000
-19.575402 15.308475 -27.654072 10.000000
-19.298976 15.217356 -27.654073 10.000000
-19.024190 15.127480 -27.654074 10.000000
-18.751005 15.038837 -27.654074 10.000000
-18.479386 14.951417 -27.654075 10.000000
-18.209298 14.865213 -27.654076 10.000000
-17.940706 14.780214 -27.654077 10.000000
-17.673578 14.696413 -27.654078 10.000000
-17.407880 14.613802 -27.654079 10.000000
-17.143581 14.532373 -27.654079 10.000000
-16.880648 14.452119 -27.654080 10.000000
-16.619052 14.373034 -27.654081 10.000000
-16.358762 14.295111 -27.654081 10.000000
-16.099749 14.218344 -27.654082 10.000000
-15.841983 14.142728 -27.654083 10.000000
-15.585438 14.068256 -27.654083 10.000000
-15.330085 13.994923 -27.654084 10.000000
-15.075896 13.922725 -27.654084 10.000000
-14.822846 13.851658 -27.654085 10.000000
-14.570908 13.781716 -27.654085 10.000000
-14.320056 13.712895 -27.654086 10.000000
-14.070266 13.645193 -27.654086 10.000000
-13.821513 13.578605 -27.654087 10.000000
-13.573772 13.513128 -27.654087 10.000000
-13.327019 13.448759 -27.654088 10.000000
-13.081232 13.385496 -27.654088 10.000000
-12.836387 13.323335 -27.654088 10.000000
-12.592462 13.262274 -27.654089 10.000000
-12.349434 13.202311 -27.654089 10.000000
-12.107282 13.143445 -27.654089 10.000000
-11.865984 13.085672 -27.654090 10.000000
-11.625518 13.028992 -27.654090 10.000000
-11.385865 12.973404 -27.654090 10.000000
-11.147004 12.918906 -27.654091 10.000000
-10.908914 12.865496 -27.654091 10.000000
-10.671575 12.813174 -27.654091 10.000000
-10.434969 12.761940 -27.654091 10.000000
-10.199075 12.711792 -27.654092 10.000000
-9.963874 12.662730 -27.654092 10.000000
-9.729349 12.614753 -27.654092 10.000000
-9.495479 12.567862 -27.654092 10.000000
-9.262248 12.522056 -27.654092 10.000000
-9.029636 12.477336 -27.654093 10.000000
-8.797627 12.433700 -27.654093 10.000000
-8.566202 12.391150 -27.654093 10.000000
-8.335345 12.349686 -27.654093 10.000000
-8.105037 12.309308 -27.654093 10.000000
-7.875262 12.270016 -27.654093 10.000000
-7.646004 12.231811 -27.654093 10.000000
-7.417245 12.194693 -27.654094 10.000000
-7.188969 12.158664 -27.654094 10.000000
-6.961161 12.123724 -27.654094 10.000000
-6.733803 12.089873 -27.654094 10.000000
-6.506880 12.057112 -27.654094 10.000000
-6.280376 12.025442 -27.654094 10.000000
-6.054276 11.994865 -27.654094 10.000000
-5.828563 11.965380 -27.654094 10.000000
-5.603224 11.936989 -27.654094 10.000000
-5.378241 11.909692 -27.654094 10.000000
-5.153602 11.883491 -27.654094 10.000000
-4.929289 11.858386 -27.654094 10.000000
-4.705289 11.834379 -27.654094 10.000000
-4.481587 11.811470 -27.654094 10.000000
-4.258167 11.789660 -27.654095 10.000000
-4.035016 11.768949 -27.654095 10.000000
-3.812119 11.749340 -27.654095 10.000000
-3.589462 11.730832 -27.654095 10.000000
-3.367029 11.713427 -27.654095 10.000000
-3.144808 11.697125 -27.654095 10.000000
-2.922783 11.681928 -27.654095 10.000000
-2.700941 11.667835 -27.654095 10.000000
-2.479268 11.654847 -27.654095 10.000000
-2.257749 11.642966 -27.654095 10.000000
-2.036371 11.632191 -27.654095 10.000000
-1.815120 11.622524 -27.654095 10.000000
-1.593982 11.613964 -27.654095 10.000000
-1.372942 11.606512 -27.654095 10.000000
-1.151988 11.600169 -27.654095 10.000000
-0.931106 11.594935 -27.654095 10.000000
-0.710281 11.590810 -27.654095 10.000000
-0.489501 11.587795 -27.654095 10.000000
-0.268750 11.585889 -27.654095 10.000000
-0.048017 11.585093 -27.654095 10.000000
0.172714 11.585406 -27.654095 10.000000
0.393455 11.586829 -27.654095 10.000000
0.614221 11.589362 -27.654095 10.000000
0.835025 11.593004 -27.654095 10.000000
1.055880 11.597756 -27.654095 10.000000
1.276801 11.603616 -27.654095 10.000000
1.497802 11.610586 -27.654095 10.000000
1.718896 11.618663 -27.654095 10.000000
1.940096 11.627849 -27.654095 10.000000
2.161417 11.638142 -27.654095 10.000000
2.382873 11.649542 -27.654095 10.000000
2.604477 11.662048 -27.654095 10.000000
2.826244 11.675660 -27.654095 10.000000
3.048187 11.690377 -27.654095 10.000000
3.270321 11.706199 -27.654095 10.000000
3.492660 11.723124 -27.654095 10.000000
3.715218 11.741152 -27.654095 10.000000
3.938009 11.760282 -27.654095 10.000000
4.161048 11.780513 -27.654095 10.000000
4.384349 11.801845 -27.654095 10.000000
4.607926 11.824276 -27.654095 10.000000
4.831795 11.847806 -27.654095 10.000000
5.055970 11.872433 -27.654095 10.000000
5.280465 11.898157 -27.654095 10.000000
5.505297 11.924977 -27.654095 10.000000
5.730479 11.952892 -27.654095 10.000000
5.956027 11.981901 -27.654095 10.000000
6.181957 12.012003 -27.654095 10.000000
6.408283 12.043197 -27.654096 10.000000
6.635022 12.075483 -27.654096 10.000000
6.862189 12.108859 -27.654096 10.000000
7.089799 12.143325 -27.654096 10.000000
7.317870 12.178881 -27.654096 10.000000
7.546416 12.215524 -27.654096 10.000000
7.775455 12.253256 -27.654096 10.000000
8.005003 12.292074 -27.654096 10.000000
8.235077 12.331979 -27.654096 10.000000
8.465693 12.372971 -27.654097 10.000000
8.696869 12.415048 -27.654097 10.000000
8.928622 12.458211 -27.654097 10.000000
9.160969 12.502459 -27.654097 10.000000
9.393929 12.547792 -27.654097 10.000000
9.627518 12.594210 -27.654097 10.000000
9.861756 12.641714 -27.654098 10.000000
10.096661 12.690303 -27.654098 10.000000
10.332250 12.739977 -27.654098 10.000000
10.568545 12.790738 -27.654098 10.000000
10.805562 12.842586 -27.654099 10.000000
11.043323 12.895522 -27.654099 10.000000
11.281846 12.949545 -27.654099 10.000000
11.521152 13.004659 -27.654099 10.000000
11.761261 13.060862 -27.654100 10.000000
12.002195 13.118158 -27.654100 10.000000
12.243972 13.176548 -27.654100 10.000000
12.486617 13.236032 -27.654101 10.000000
12.730149 13.296614 -27.654101 10.000000
12.974590 13.358295 -27.654101 10.000000
13.219965 13.421077 -27.654102 10.000000
13.466294 13.484963 -27.654102 10.000000
13.713602 13.549957 -27.654103 10.000000
13.961912 13.616059 -27.654103 10.000000
14.211248 13.683275 -27.654103 10.000000
14.461634 13.751607 -27.654104 10.000000
14.713096 13.821059 -27.654104 10.000000
14.965659 13.891635 -27.654105 10.000000
15.219349 13.963339 -27.654105 10.000000
15.474192 14.036176 -27.654106 10.000000
15.730215 14.110150 -27.654107 10.000000
15.987446 14.185266 -27.654107 10.000000
16.245913 14.261530 -27.654108 10.000000
16.505643 14.338948 -27.654108 10.000000
16.766667 14.417525 -27.654109 10.000000
17.029014 14.497267 -27.654110 10.000000
17.292715 14.578181 -27.654111 10.000000
17.557800 14.660275 -27.654111 10.000000
17.824302 14.743555 -27.654112 10.000000
18.092252 14.828030 -27.654113 10.000000
18.361685 14.913707 -27.654114 10.000000
18.632633 15.000594 -27.654115 10.000000
18.905132 15.088701 -27.654116 10.000000
19.179217 15.178037 -27.654117 10.000000
19.454924 15.268611 -27.654118 10.000000
19.732291 15.360435 -27.654119 10.000000
20.011355 15.453517 -27.654120 10.000000
20.292156 15.547869 -27.654121 10.000000
20.574733 15.643504 -27.654122 10.000000
20.859128 15.740432 -27.654123 10.000000
21.145383 15.838666 -27.654124 10.000000
21.433539 15.938219 -27.654125 10.000000
21.723643 16.039105 -27.654127 10.000000
22.015738 16.141338 -27.654128 10.000000
22.309871 16.244933 -27.654130 10.000000
22.606090 16.349904 -27.654131 10.000000
22.904444 16.456268 -27.654132 10.000000
23.204983 16.564041 -27.654134 10.000000
23.507759 16.673240 -27.654136 10.000000
23.812825 16.783882 -27.654137 10.000000
24.120235 16.895988 -27.654139 10.000000
24.430045 17.009574 -27.654141 10.000000
24.742314 17.124663 -27.654143 10.000000
25.057100 17.241273 -27.654145 10.000000
25.374465 17.359427 -27.654147 10.000000
25.694472 17.479146 -27.654149 10.000000
26.017184 17.600454 -27.654151 10.000000
26.342670 17.723375 -27.654153 10.000000
26.670998 17.847933 -27.654155 10.000000
27.002238 17.974155 -27.654158 10.000000
27.336463 18.102066 -27.654160 10.000000
27.673750 18.231695 -27.654163 10.000000
28.014176 18.363071 -27.654166 10.000000
28.357821 18.496223 -27.654168 10.000000
28.704768 18.631181 -27.654171 10.000000
29.055103 18.767979 -27.654174 10.000000
29.408914 18.906650 -27.654177 10.000000
29.766292 19.047227 -27.654181 10.000000
30.127333 19.189747 -27.654184 10.000000
30.492133 19.334247 -27.654187 10.000000
30.860795 19.480765 -27.654191 10.000000
31.233422 19.629342 -27.654195 10.000000
31.610124 19.780018 -27.654199 10.000000
31.991012 19.932838 -27.654203 10.000000
32.376204 20.087845 -27.654207 10.000000
32.765820 20.245087 -27.654211 10.000000
33.159985 20.404611 -27.654216 10.000000
33.558829 20.566468 -27.654220 10.000000
33.962487 20.730710 -27.654225 10.000000
34.371099 20.897390 -27.654230 10.000000
34.784810 21.066566 -27.654236 10.000000
35.203773 21.238295 -27.654241 10.000000
35.628144 21.412638 -27.654247 10.000000
36.058088 21.589660 -27.654253 10.000000
36.493773 21.769425 -27.654259 10.000000
36.935379 21.952001 -27.654266 10.000000
37.383089 22.137462 -27.654272 10.000000
37.837097 22.325879 -27.654280 10.000000
38.297604 22.517332 -27.654287 10.000000
38.764818 22.711900 -27.654295 10.000000
39.238961 22.909667 -27.654303 10.000000
39.720259 23.110722 -27.654311 10.000000
40.208952 23.315154 -27.654320 10.000000
40.705291 23.523060 -27.654329 10.000000
41.209537 23.734539 -27.654338 10.000000
41.721964 23.949695 -27.654348 10.000000
42.242859 24.168636 -27.654359 10.000000
42.772523 24.391476 -27.654369 10.000000
43.311271 24.618332 -27.654381 10.000000
43.859436 24.849329 -27.654393 10.000000
44.417364 25.084596 -27.654405 10.000000
44.985422 25.324268 -27.654418 10.000000
45.563994 25.568488 -27.654432 10.000000
46.153485 25.817404 -27.654446 10.000000
46.754321 26.071172 -27.654462 10.000000
47.366952 26.329954 -27.654477 10.000000
47.991852 26.593923 -27.654494 10.000000
48.629522 26.863257 -27.654512 10.000000
49.280489 27.138146 -27.654530 10.000000
49.945313 27.418786 -27.654550 10.000000
50.624585 27.705387 -27.654570 10.000000
51.318931 27.998166 -27.654592 10.000000
52.029016 28.297353 -27.654615 10.000000
52.755543 28.603191 -27.654639 10.000000
53.499261 28.915933 -27.654664 10.000000
54.260964 29.235847 -27.654691 10.000000
55.041498 29.563215 -27.654719 10.000000
55.841763 29.898335 -27.654749 10.000000
56.662718 30.241519 -27.654781 10.000000
57.505388 30.593098 -27.654815 10.000000
58.370866 30.953420 -27.654850 10.000000
59.260322 31.322851 -27.654888 10.000000
60.175005 31.701780 -27.654929 10.000000
61.116258 32.090614 -27.654972 10.000000
62.085518 32.489785 -27.655017 10.000000
63.084329 32.899748 -27.655066 10.000000
64.114351 33.320981 -27.655118 10.000000
65.177370 33.753990 -27.655173 10.000000
66.275310 34.199308 -27.655232 10.000000
67.410247 34.657496 -27.655295 10.000000
68.584423 35.129143 -27.655363 10.000000
69.800261 35.614869 -27.655435 10.000000
71.060383 36.115324 -27.655513 10.000000
72.367631 36.631188 -27.655596 10.000000
73.725087 37.163171 -27.655686 10.000000
75.136095 37.712010 -27.655782 10.000000
76.604291 38.278470 -27.655885 10.000000
78.133629 38.863339 -27.655997 10.000000
79.728410 39.467420 -27.656117 10.000000
81.393321 40.091529 -27.656246 10.000000
83.133465 40.736482 -27.656385 10.000000
84.954401 41.403081 -27.656536 10.000000
86.862186 42.092096 -27.656698 10.000000
88.863415 42.804245 -27.656872 10.000000
89.034742 43.540157 -27.657061 10.000000
86.824499 44.300340 -27.657264 10.000000
84.497421 45.085121 -27.657482 10.000000
82.044401 45.894589 -27.657716 10.000000
79.455655 46.728509 -27.657967 10.000000
76.720731 47.586226 -27.658235 10.000000
73.828559 48.466535 -27.658519 10.000000
70.767543 49.367537 -27.658819 10.000000
67.525720 50.286458 -27.659134 10.000000
64.090998 51.219449 -27.659462 10.000000
60.451503 52.161358 -27.659798 10.000000
56.596063 53.105488 -27.660138 10.000000
52.514843 54.043370 -27.660476 10.000000
48.200153 54.964562 -27.660805 10.000000
43.647428 55.856540 -27.661115 10.000000
38.856359 56.704717 -27.661396 10.000000
33.832082 57.492669 -27.661641 10.000000
28.586340 58.202632 -27.661840 10.000000
23.138406 58.816292 -27.661990 10.000000
17.515593 59.315889 -27.662090 10.000000
11.753114 59.685526 -27.662145 10.000000
5.893156 59.912560 -27.662167 10.000000
-0.016859 59.988834 -27.662170 10.000000
-5.926705 59.911540 -27.662173 10.000000
-11.786167 59.683521 -27.662194 10.000000
-17.547854 59.312966 -27.662250 10.000000
-23.169622 58.812543 -27.662350 10.000000
-28.616315 58.198163 -27.662500 10.000000
-33.860678 57.487596 -27.662700 10.000000
-38.883492 56.699153 -27.662945 10.000000
-43.673067 55.850595 -27.663227 10.000000
-48.224305 54.958332 -27.663537 10.000000
-52.537551 54.036940 -27.663865 10.000000
-56.617392 53.098930 -27.664203 10.000000
-60.471533 52.154732 -27.664543 10.000000
-64.109820 51.212802 -27.664879 10.000000
-67.543430 50.279826 -27.665207 10.000000
-70.784236 49.360948 -27.665521 10.000000
-73.844329 48.460011 -27.665822 10.000000
-76.735668 47.579781 -27.666106 10.000000
-79.469845 46.722154 -27.666373 10.000000
-82.057922 45.888329 -27.666624 10.000000
-84.510347 45.078960 -27.666858 10.000000
-86.836898 44.294279 -27.667076 10.000000
-89.046676 43.534195 -27.667279 10.000000
-88.851891 42.798380 -27.667467 10.000000
-86.851020 42.086326 -27.667642 10.000000
-84.943545 41.397401 -27.667804 10.000000
-83.122878 40.730890 -27.667954 10.000000
-81.382965 40.086021 -27.668093 10.000000
-79.718250 39.461990 -27.668222 10.000000
-78.123633 38.857984 -27.668342 10.000000
-76.594432 38.273186 -27.668454 10.000000
-75.126346 37.706792 -27.668557 10.000000
-73.715425 37.158015 -27.668653 10.000000
-72.358036 36.626092 -27.668742 10.000000
-71.050835 36.110283 -27.668826 10.000000
-69.790742 35.609880 -27.668903 10.000000
-68.574918 35.124202 -27.668976 10.000000
-67.400741 34.652601 -27.669043 10.000000
-66.265789 34.194455 -27.669106 10.000000
-65.167823 33.749177 -27.669166 10.000000
-64.104768 33.316205 -27.669221 10.000000
-63.074699 32.895007 -27.669273 10.000000
-62.075832 32.485078 -27.669321 10.000000
-61.106508 32.085937 -27.669367 10.000000
-60.165183 31.697132 -27.669410 10.000000
-59.250421 31.318230 -27.669450 10.000000
-58.360880 30.948824 -27.669488 10.000000
-57.495310 30.588526 -27.669524 10.000000
-56.652543 30.236969 -27.669557 10.000000
-55.831486 29.893806 -27.669589 10.000000
-55.031115 29.558706 -27.669619 10.000000
-54.250470 29.231356 -27.669648 10.000000
-53.488653 28.911460 -27.669674 10.000000
-52.744816 28.598734 -27.669700 10.000000
-52.018167 28.292913 -27.669724 10.000000
-51.307958 27.993740 -27.669746 10.000000
-50.613483 27.700976 -27.669768 10.000000
-49.934081 27.414389 -27.669789 10.000000
-49.269124 27.133761 -27.669808 10.000000
-48.618021 26.858886 -27.669826 10.000000
-47.980215 26.589563 -27.669844 10.000000
-47.355175 26.325607 -27.669861 10.000000
-46.742402 26.066835 -27.669877 10.000000
-46.141422 25.813079 -27.669892 10.000000
-45.551786 25.564174 -27.669906 10.000000
-44.973068 25.319964 -27.669920 10.000000
-44.404862 25.080302 -27.669933 10.000000
-43.846785 24.845046 -27.669945 10.000000
-43.298470 24.614059 -27.669957 10.000000
-42.759569 24.387213 -27.669969 10.000000
-42.229752 24.164384 -27.669980 10.000000
-41.708703 23.945453 -27.669990 10.000000
-41.196121 23.730308 -27.670000 10.000000
