cos() sin()
6.610780 0.000000
4.020393 0.000000
6.610780 -0.000000
4.020212 0.038125
6.610780 -0.000000
4.019667 0.076399
6.610780 0.000000
4.018749 0.114971
6.610780 0.000000
4.017443 0.153993
6.610780 0.000000
4.015728 0.193616
6.610780 0.000000
4.013578 0.233993
6.610780 0.000000
4.010957 0.275280
6.610780 0.000000
4.007826 0.317635
6.610780 0.000000
4.004133 0.361221
6.610780 -0.000000
3.999820 0.406202
6.610780 -0.000000
3.994819 0.452746
6.610780 -0.000000
3.989051 0.501026
6.610780 -0.000000
3.982426 0.551219
6.610780 -0.000000
3.974838 0.603507
6.610780 -0.000000
3.966169 0.658076
6.610780 -0.000000
3.956282 0.715116
6.610780 -0.000000
3.945023 0.774822
6.610780 -0.000000
3.932217 0.837394
6.610780 -0.000000
3.917663 0.903034
6.610780 -0.000000
3.901138 0.971948
6.610780 0.000000
3.882385 1.044340
6.610780 0.000000
3.861117 1.120417
6.610780 0.000000
3.837009 1.200382
6.610780 0.000000
3.809698 1.284431
6.610780 0.000000
3.778772 1.372750
6.610780 0.000000
3.743772 1.465513
6.610780 0.000000
3.704187 1.562868
6.610780 0.000000
3.659445 1.664939
6.610780 0.000000
3.608914 1.771807
6.610780 0.000000
3.551895 1.883508
6.610780 0.000000
3.487624 2.000010
6.610780 0.000000
3.415267 2.121204
6.610780 0.000000
3.333928 2.246883
6.610780 0.000000
3.242649 2.376718
6.610780 0.000000
3.140423 2.510239
6.610780 0.000000
3.026213 2.646808
6.610780 0.000000
2.898971 2.785593
6.610780 -0.000000
2.757675 2.925541
6.610780 -0.000000
2.601369 3.065361
6.610780 -0.000000
2.429217 3.203508
6.610780 -0.000000
2.240569 3.338175
6.610780 -0.000000
2.035027 3.467308
6.610780 -0.000000
1.812529 3.588634
6.610780 -0.000000
1.573420 3.699717
6.610780 -0.000000
1.318524 3.798033
6.610780 -0.000000
1.049190 3.881077
6.610780 -0.000000
0.767315 3.946490
6.610780 -0.000000
0.475326 3.992195
6.610780 -0.000000
0.176124 4.016533
6.610780 -0.000000
-0.127027 4.018386
6.610780 -0.000000
-0.430634 3.997263
6.610780 -0.000000
-0.731146 3.953351
6.610780 -0.000000
-1.025126 3.887502
6.610780 -0.000000
-1.309420 3.801181
6.610780 -0.000000
-1.581287 3.696362
6.610780 -0.000000
-1.838500 3.575399
6.610780 -0.000000
-2.079393 3.440884
6.610780 -0.000000
-2.302871 3.295504
6.610780 -0.000000
-2.508377 3.141911
6.610780 -0.000000
-2.695832 2.982625
6.610780 -0.000000
-2.865560 2.819952
6.610780 -0.000000
-3.018202 2.655939
6.610780 -0.000000
-3.154638 2.492351
6.610780 -0.000000
-3.275906 2.330664
6.610780 -0.000000
-3.383139 2.172079
6.610780 -0.000000
-3.477513 2.017539
6.610780 -0.000000
-3.560200 1.867762
6.610780 -0.000000
-3.632344 1.723263
6.610780 -0.000000
-3.695032 1.584392
6.610780 -0.000000
-3.749284 1.451354
6.610780 -0.000000
-3.796044 1.324240
6.610780 -0.000000
-3.836174 1.203048
6.610780 -0.000000
-3.870460 1.087704
6.610780 -0.000000
-3.899606 0.978076
6.610780 -0.000000
-3.924245 0.873990
6.610780 -0.000000
-3.944941 0.775241
6.610780 0.000000
-3.962193 0.681604
6.610780 0.000000
-3.976443 0.592839
6.610780 0.000000
-3.988081 0.508695
6.610780 0.000000
-3.997447 0.428922
6.610780 0.000000
-4.004842 0.353266
6.610780 0.000000
-4.010527 0.281477
6.610780 0.000000
-4.014730 0.213308
6.610780 0.000000
-4.017649 0.148520
6.610780 0.000000
-4.019454 0.086879
6.610780 0.000000
-4.020294 0.028156
6.610780 0.000000
-4.020296 -0.027866
6.610780 0.000000
-4.019569 -0.081402
6.610780 0.000000
-4.018204 -0.132654
6.610780 0.000000
-4.016279 -0.181822
6.610780 0.000000
-4.013860 -0.229097
6.610780 0.000000
-4.011000 -0.274664
6.610780 0.000000
-4.007741 -0.318701
6.610780 0.000000
-4.004118 -0.361383
6.610780 0.000000
-4.000156 -0.402878
6.610780 0.000000
-3.995873 -0.443351
6.610780 0.000000
-3.991279 -0.482961
6.610780 0.000000
-3.986379 -0.521866
6.610780 0.000000
-3.981170 -0.560219
6.610780 0.000000
-3.975644 -0.598173
6.610780 0.000000
-3.969788 -0.635876
6.610780 0.000000
-3.963583 -0.673477
6.610780 0.000000
-3.957002 -0.711122
6.610780 0.000000
-3.950015 -0.748957
6.610780 0.000000
-3.942586 -0.787130
6.610780 0.000000
-3.934671 -0.825786
6.610780 0.000000
-3.926221 -0.865072
6.610780 0.000000
-3.917179 -0.905136
6.610780 0.000000
-3.907480 -0.946126
6.610780 0.000000
-3.897054 -0.988195
6.610780 0.000000
-3.885817 -1.031495
6.610780 0.000000
-3.873680 -1.076179
6.610780 0.000000
-3.860539 -1.122407
6.610780 0.000000
-3.846280 -1.170335
6.610780 0.000000
-3.830776 -1.220128
6.610780 0.000000
-3.813884 -1.271947
6.610780 0.000000
-3.795443 -1.325960
6.610780 0.000000
-3.775277 -1.382332
6.610780 0.000000
-3.753186 -1.441233
6.610780 0.000000
-3.728949 -1.502831
6.610780 0.000000
-3.702317 -1.567292
6.610780 0.000000
-3.673017 -1.634780
6.610780 0.000000
-3.640740 -1.705453
6.610780 0.000000
-3.605145 -1.779463
6.610780 0.000000
-3.565852 -1.856949
6.610780 0.000000
-3.522440 -1.938034
6.610780 0.000000
-3.474442 -2.022823
6.610780 0.000000
-3.421343 -2.111390
6.610780 0.000000
-3.362577 -2.203777
6.610780 0.000000
-3.297523 -2.299979
6.610780 0.000000
-3.225502 -2.399936
6.610780 0.000000
-3.145782 -2.503520
6.610780 0.000000
-3.057575 -2.610516
6.610780 0.000000
-2.960041 -2.720610
6.610780 0.000000
-2.852298 -2.833364
6.610780 0.000000
-2.733437 -2.948200
6.610780 0.000000
-2.602533 -3.064373
6.610780 0.000000
-2.458676 -3.180954
6.610780 0.000000
-2.301005 -3.296807
6.610780 0.000000
-2.128748 -3.410570
6.610780 0.000000
-1.941274 -3.520655
6.610780 0.000000
-1.738157 -3.625241
6.610780 0.000000
-1.519241 -3.722293
6.610780 0.000000
-1.284712 -3.809603
6.610780 0.000000
-1.035169 -3.884840
6.610780 0.000000
-0.771680 -3.945639
6.610780 0.000000
-0.495823 -3.989701
6.610780 0.000000
-0.209696 -4.014920
6.610780 0.000000
0.084107 -4.019513
6.610780 0.000000
0.382566 -4.002150
6.610780 0.000000
0.682347 -3.962065
6.610780 0.000000
0.979942 -3.899137
6.610780 0.000000
1.271843 -3.813919
6.610780 -0.000000
1.554712 -3.707618
6.610780 -0.000000
1.825544 -3.582031
6.610780 -0.000000
2.081794 -3.439432
6.610780 -0.000000
2.321467 -3.282430
6.610780 -0.000000
2.543159 -3.113824
6.610780 -0.000000
2.746050 -2.936455
6.610780 -0.000000
2.929867 -2.753078
6.610780 -0.000000
3.094812 -2.566261
6.610780 -0.000000
3.241475 -2.378319
6.610780 -0.000000
3.370747 -2.191261
6.610780 -0.000000
3.483730 -2.006784
6.610780 -0.000000
3.581662 -1.826268
6.610780 -0.000000
3.665845 -1.650799
6.610780 -0.000000
3.737595 -1.481196
6.610780 -0.000000
3.798201 -1.318039
6.610780 -0.000000
3.848894 -1.161710
6.610780 -0.000000
3.890830 -1.012421
6.610780 -0.000000
3.925077 -0.870247
6.610780 -0.000000
3.952608 -0.735155
6.610780 -0.000000
3.974303 -0.607023
6.610780 -0.000000
3.990950 -0.485670
6.610780 -0.000000
4.003251 -0.370862
6.610780 -0.000000
4.011825 -0.262334
6.610780 -0.000000
4.017216 -0.159798
6.610780 -0.000000
4.019900 -0.062954
6.610780 -0.000000
4.020292 0.028507
6.610780 -0.000000
4.018751 0.114893
6.610780 -0.000000
4.015587 0.196509
6.610780 -0.000000
4.011069 0.273655
6.610780 -0.000000
4.005423 0.346624
6.610780 -0.000000
3.998844 0.415698
6.610780 -0.000000
3.991498 0.481149
6.610780 -0.000000
3.983522 0.543238
6.610780 -0.000000
3.975034 0.602218
6.610780 -0.000000
3.966127 0.658328
6.610780 -0.000000
3.956880 0.711798
6.610780 -0.000000
3.947356 0.762848
6.610780 -0.000000
3.937603 0.811690
6.610780 -0.000000
3.927658 0.858524
6.610780 -0.000000
3.917546 0.903545
6.610780 -0.000000
3.907284 0.946938
6.610780 -0.000000
3.896880 0.988881
6.610780 -0.000000
3.886333 1.029549
6.610780 -0.000000
3.875638 1.069106
6.610780 -0.000000
3.864780 1.107714
6.610780 -0.000000
3.853741 1.145531
6.610780 -0.000000
3.842494 1.182709
6.610780 -0.000000
3.831009 1.219397
6.610780 -0.000000
3.819250 1.255741
6.610780 -0.000000
3.807177 1.291884
6.610780 -0.000000
3.794741 1.327969
6.610780 -0.000000
3.781890 1.364135
6.610780 -0.000000
3.768567 1.400521
6.610780 -0.000000
3.754708 1.437264
6.610780 -0.000000
3.740241 1.474502
6.610780 -0.000000
3.725089 1.512371
6.610780 -0.000000
3.709168 1.551009
6.610780 -0.000000
3.692385 1.590551
6.610780 -0.000000
3.674636 1.631137
6.610780 -0.000000
3.655811 1.672903
6.610780 -0.000000
3.635787 1.715988
6.610780 -0.000000
3.614428 1.760531
6.610780 -0.000000
3.591588 1.806670
6.610780 -0.000000
3.567102 1.854545
6.610780 -0.000000
3.540794 1.904295
6.610780 -0.000000
3.512465 1.956055
6.610780 -0.000000
3.481899 2.009960
6.610780 -0.000000
3.448856 2.066143
6.610780 -0.000000
3.413075 2.124730
6.610780 -0.000000
3.374265 2.185840
6.610780 -0.000000
3.332106 2.249584
6.610780 -0.000000
3.286248 2.316060
6.610780 -0.000000
3.236304 2.385350
6.610780 -0.000000
3.181850 2.457517
6.610780 -0.000000
3.122422 2.532595
6.610780 -0.000000
3.057513 2.610588
6.610780 -0.000000
2.986571 2.691459
6.610780 -0.000000
2.908997 2.775121
6.610780 -0.000000
2.824146 2.861425
6.610780 -0.000000
2.731329 2.950153
6.610780 -0.000000
2.629813 3.040994
6.610780 -0.000000
2.518830 3.133537
6.610780 -0.000000
2.397585 3.227250
6.610780 -0.000000
2.265274 3.321459
6.610780 -0.000000
2.121096 3.415335
6.610780 -0.000000
1.964288 3.507867
6.610780 -0.000000
1.794152 3.597857
6.610780 -0.000000
1.610104 3.683900
6.610780 -0.000000
1.411718 3.764387
6.610780 -0.000000
1.198788 3.837508
6.610780 -0.000000
0.971390 3.901277
6.610780 -0.000000
0.729946 3.953573
6.610780 -0.000000
0.475289 3.992200
6.610780 -0.000000
0.208710 4.014972
6.610780 -0.000000
-0.068014 4.019817
6.610780 -0.000000
-0.352614 4.004900
6.610780 -0.000000
-0.642366 3.968743
6.610780 -0.000000
-0.934171 3.910356
6.610780 -0.000000
-1.224663 3.829329
6.610780 -0.000000
-1.510365 3.725903
6.610780 -0.000000
-1.787851 3.600992
6.610780 -0.000000
-2.053924 3.456147
6.610780 -0.000000
-2.305766 3.293479
6.610780 -0.000000
-2.541061 3.115536
6.610780 -0.000000
-2.758079 2.925160
6.610780 -0.000000
-2.955699 2.725326
6.610780 -0.000000
-3.133401 2.519000
6.610780 -0.000000
-3.291207 2.309007
6.610780 -0.000000
-3.429609 2.097937
6.610780 -0.000000
-3.549469 1.888076
6.610780 -0.000000
-3.651924 1.681370
6.610780 -0.000000
-3.738298 1.479420
6.610780 -0.000000
-3.810016 1.283485
6.610780 -0.000000
-3.868539 1.094516
6.610780 -0.000000
-3.915310 0.913183
6.610780 -0.000000
-3.951718 0.739919
6.610780 -0.000000
-3.979069 0.574953
6.610780 -0.000000
-3.998567 0.418352
6.610780 -0.000000
-4.011313 0.270052
6.610780 -0.000000
-4.018294 0.129887
6.610780 -0.000000
-4.020392 -0.002384
6.610780 -0.000000
-4.018385 -0.127056
6.610780 -0.000000
-4.012954 -0.244463
6.610780 -0.000000
-4.004692 -0.354962
6.610780 -0.000000
-3.994114 -0.458921
6.610780 -0.000000
-3.981661 -0.556716
6.610780 -0.000000
-3.967710 -0.648717
6.610780 -0.000000
-3.952582 -0.735290
6.610780 -0.000000
-3.936548 -0.816791
6.610780 -0.000000
-3.919835 -0.893561
6.610780 -0.000000
-3.902632 -0.965931
6.610780 -0.000000
-3.885095 -1.034214
6.610780 -0.000000
-3.867350 -1.098711
6.610780 -0.000000
-3.849499 -1.159706
6.610780 -0.000000
-3.831621 -1.217471
6.610780 -0.000000
-3.813779 -1.272262
6.610780 -0.000000
-3.796015 -1.324322
6.610780 -0.000000
-3.778360 -1.373882
6.610780 -0.000000
-3.760832 -1.421161
6.610780 -0.000000
-3.743438 -1.466367
6.610780 -0.000000
-3.726173 -1.509700
6.610780 -0.000000
-3.709027 -1.551346
6.610780 -0.000000
-3.691982 -1.591487
6.610780 -0.000000
-3.675010 -1.630294
6.610780 -0.000000
-3.658081 -1.667934
6.610780 -0.000000
-3.641156 -1.704564
6.610780 -0.000000
-3.624194 -1.740339
6.610780 -0.000000
-3.607145 -1.775406
6.610780 -0.000000
-3.589957 -1.809908
6.610780 -0.000000
-3.572572 -1.843986
6.610780 -0.000000
-3.554928 -1.877776
6.610780 -0.000000
-3.536958 -1.911409
6.610780 -0.000000
-3.518588 -1.945018
6.610780 -0.000000
-3.499742 -1.978729
6.610780 -0.000000
-3.480334 -2.012669
6.610780 -0.000000
-3.460276 -2.046962
6.610780 -0.000000
-3.439470 -2.081731
6.610780 -0.000000
-3.417814 -2.117098
6.610780 -0.000000
-3.395197 -2.153183
6.610780 -0.000000
-3.371497 -2.190107
6.610780 -0.000000
-3.346585 -2.227987
6.610780 -0.000000
-3.320322 -2.266941
6.610780 -0.000000
-3.292555 -2.307085
6.610780 -0.000000
-3.263120 -2.348532
6.610780 -0.000000
-3.231840 -2.391394
6.610780 -0.000000
-3.198520 -2.435781
6.610780 -0.000000
-3.162949 -2.481796
6.610780 -0.000000
-3.124898 -2.529540
6.610780 -0.000000
-3.084116 -2.579105
6.610780 -0.000000
-3.040331 -2.630579
6.610780 -0.000000
-2.993244 -2.684036
6.610780 -0.000000
-2.942532 -2.739537
6.610780 -0.000000
-2.887841 -2.797129
6.610780 -0.000000
-2.828787 -2.856838
6.610780 -0.000000
-2.764951 -2.918665
6.610780 -0.000000
-2.695881 -2.982580
6.610780 -0.000000
-2.621086 -3.048518
6.610780 -0.000000
-2.540040 -3.116369
6.610780 -0.000000
-2.452176 -3.185968
6.610780 -0.000000
-2.356894 -3.257086
6.610780 -0.000000
-2.253555 -3.329421
6.610780 -0.000000
-2.141496 -3.402580
6.610780 -0.000000
-2.020029 -3.476067
6.610780 -0.000000
-1.888456 -3.549267
6.610780 -0.000000
-1.746084 -3.621429
6.610780 -0.000000
-1.592246 -3.691654
6.610780 -0.000000
-1.426329 -3.758875
6.610780 -0.000000
-1.247803 -3.821851
6.610780 -0.000000
-1.056269 -3.879156
6.610780 -0.000000
-0.851504 -3.929186
6.610780 -0.000000
-0.633514 -3.970166
6.610780 -0.000000
-0.402596 -4.000184
6.610780 -0.000000
-0.159392 -4.017232
6.610780 -0.000000
0.095051 -4.019269
6.610780 -0.000000
0.359247 -4.004310
6.610780 -0.000000
0.631246 -3.970527
6.610780 -0.000000
0.908643 -3.916367
6.610780 -0.000000
1.188622 -3.840669
6.610780 -0.000000
1.468041 -3.742782
6.610780 -0.000000
1.743547 -3.622651
6.610780 -0.000000
2.011730 -3.480877
6.610780 -0.000000
2.269292 -3.318716
6.610780 -0.000000
2.513211 -3.138045
6.610780 -0.000000
2.740894 -2.941268
6.610780 -0.000000
2.950287 -2.731184
6.610780 -0.000000
3.139949 -2.510832
6.610780 -0.000000
3.309068 -2.283336
6.610780 -0.000000
3.457437 -2.051753
6.610780 -0.000000
3.585387 -1.818945
6.610780 -0.000000
3.693702 -1.587489
6.610780 -0.000000
3.783518 -1.359614
6.610780 -0.000000
3.856216 -1.137172
6.610780 -0.000000
3.913329 -0.921639
6.610780 -0.000000
3.956460 -0.714132
6.610780 -0.000000
3.987214 -0.515444
6.610780 -0.000000
4.007147 -0.326080
6.610780 -0.000000
4.017730 -0.146309
6.610780 -0.000000
4.020322 0.023802
6.610780 -0.000000
4.016164 0.184342
6.610780 -0.000000
4.006368 0.335520
6.610780 -0.000000
3.991920 0.477637
6.610780 -0.000000
3.973684 0.611057
6.610780 -0.000000
3.952415 0.736189
6.610780 -0.000000
3.928760 0.853466
6.610780 -0.000000
3.903274 0.963333
6.610780 -0.000000
3.876427 1.066241
6.610780 -0.000000
3.848617 1.162630
6.610780 -0.000000
3.820172 1.252934
6.610780 -0.000000
3.791368 1.337568
6.610780 -0.000000
3.762427 1.416934
6.610780 -0.000000
3.733531 1.491411
6.610780 -0.000000
3.704822 1.561362
6.610780 -0.000000
3.676414 1.627126
6.610780 -0.000000
3.648389 1.689027
6.610780 -0.000000
3.620810 1.747368
6.610780 -0.000000
3.593716 1.802433
6.610780 -0.000000
3.567131 1.854491
6.610780 -0.000000
3.541063 1.903794
6.610780 -0.000000
3.515508 1.950579
6.610780 -0.000000
3.490453 1.995069
6.610780 -0.000000
3.465871 2.037473
6.610780 -0.000000
3.441731 2.077991
6.610780 -0.000000
3.417992 2.116810
6.610780 -0.000000
3.394610 2.154108
6.610780 -0.000000
3.371532 2.190052
6.610780 -0.000000
3.348702 2.224804
6.610780 -0.000000
3.326058 2.258516
6.610780 -0.000000
3.303535 2.291335
6.610780 -0.000000
3.281063 2.323400
6.610780 -0.000000
3.258567 2.354846
6.610780 -0.000000
3.235970 2.385804
6.610780 -0.000000
3.213189 2.416398
6.610780 -0.000000
3.190137 2.446749
6.610780 -0.000000
3.166724 2.476977
6.610780 -0.000000
3.142854 2.507195
6.610780 -0.000000
3.118424 2.537516
6.610780 -0.000000
3.093329 2.568048
6.610780 -0.000000
3.067456 2.598899
6.610780 -0.000000
3.040684 2.630171
6.610780 -0.000000
3.012886 2.661968
6.610780 -0.000000
2.983928 2.694389
6.610780 -0.000000
2.953666 2.727530
6.610780 -0.000000
2.921944 2.761485
6.610780 -0.000000
2.888600 2.796346
6.610780 -0.000000
2.853455 2.832199
6.610780 -0.000000
2.816321 2.869128
6.610780 -0.000000
2.776992 2.907211
6.610780 -0.000000
2.735249 2.946518
6.610780 -0.000000
2.690856 2.987115
6.610780 -0.000000
2.643554 3.029056
6.610780 -0.000000
2.593069 3.072386
6.610780 -0.000000
2.539100 3.117135
6.610780 -0.000000
2.481327 3.163317
6.610780 -0.000000
2.419399 3.210929
6.610780 -0.000000
2.352943 3.259941
6.610780 -0.000000
2.281554 3.310298
6.610780 -0.000000
2.204799 3.361907
6.610780 -0.000000
2.122214 3.414640
6.610780 -0.000000
2.033305 3.468318
6.610780 -0.000000
1.937549 3.522707
6.610780 -0.000000
1.834396 3.577506
6.610780 -0.000000
1.723273 3.632339
6.610780 -0.000000
1.603590 3.686741
6.610780 -0.000000
1.474748 3.740144
6.610780 -0.000000
1.336154 3.791866
6.610780 -0.000000
1.187234 3.841098
6.610780 -0.000000
1.027458 3.886887
6.610780 -0.000000
0.856362 3.928130
6.610780 -0.000000
0.673589 3.963564
6.610780 -0.000000
0.478922 3.991766
6.610780 -0.000000
0.272330 4.011159
6.610780 -0.000000
0.054026 4.020030
6.610780 -0.000000
-0.175490 4.016561
6.610780 -0.000000
-0.415372 3.998878
6.610780 -0.000000
-0.664383 3.965117
6.610780 -0.000000
-0.920868 3.913510
6.610780 -0.000000
-1.182734 3.842486
6.610780 -0.000000
-1.447477 3.750782
6.610780 -0.000000
-1.712224 3.637560
6.610780 -0.000000
-1.973829 3.502507
6.610780 -0.000000
-2.228991 3.345917
6.610780 -0.000000
-2.474409 3.168731
6.610780 -0.000000
-2.706949 2.972539
6.610780 -0.000000
-2.923803 2.759517
6.610780 -0.000000
-3.122633 2.532335
6.610780 -0.000000
-3.301677 2.294011
6.610780 -0.000000
-3.459808 2.047752
6.610780 -0.000000
-3.596538 1.796795
6.610780 -0.000000
-3.711987 1.544250
6.610780 -0.000000
-3.806803 1.292985
6.610780 -0.000000
-3.882065 1.045529
6.610780 -0.000000
-3.939176 0.804021
6.610780 -0.000000
-3.979754 0.570192
6.610780 -0.000000
-4.005531 0.345366
6.610780 -0.000000
-4.018274 0.130495
6.610780 -0.000000
-4.019715 -0.073808
6.610780 -0.000000
-4.011503 -0.267214
6.610780 -0.000000
-3.995170 -0.449635
6.610780 -0.000000
-3.972115 -0.621175
6.610780 -0.000000
-3.943591 -0.782082
6.610780 -0.000000
-3.910703 -0.932718
6.610780 -0.000000
-3.874418 -1.073519
6.610780 -0.000000
-3.835570 -1.204974
6.610780 -0.000000
-3.794869 -1.327601
6.610780 -0.000000
-3.752918 -1.441932
6.610780 -0.000000
-3.710218 -1.548497
6.610780 -0.000000
-3.667186 -1.647818
6.610780 -0.000000
-3.624162 -1.740404
6.610780 -0.000000
-3.581422 -1.826739
6.610780 -0.000000
-3.539183 -1.907287
6.610780 -0.000000
-3.497615 -1.982485
6.610780 -0.000000
-3.456846 -2.052747
6.610780 -0.000000
-3.416970 -2.118460
6.610780 -0.000000
-3.378050 -2.179986
6.610780 -0.000000
-3.340123 -2.237663
6.610780 -0.000000
-3.303207 -2.291807
6.610780 -0.000000
-3.267301 -2.342712
6.610780 -0.000000
-3.232389 -2.390653
6.610780 -0.000000
-3.198442 -2.435884
6.610780 -0.000000
-3.165420 -2.478644
6.610780 -0.000000
-3.133276 -2.519155
6.610780 -0.000000
-3.101953 -2.557625
6.610780 -0.000000
-3.071390 -2.594248
6.610780 -0.000000
-3.041519 -2.629206
6.610780 -0.000000
-3.012266 -2.662670
6.610780 -0.000000
-2.983555 -2.694802
6.610780 -0.000000
-2.955306 -2.725752
6.610780 -0.000000
-2.927434 -2.755664
6.610780 -0.000000
-2.899852 -2.784675
6.610780 -0.000000
-2.872470 -2.812913
6.610780 -0.000000
-2.845192 -2.840500
6.610780 -0.000000
-2.817923 -2.867554
6.610780 -0.000000
-2.790562 -2.894187
6.610780 -0.000000
-2.763005 -2.920507
6.610780 -0.000000
-2.735145 -2.946615
6.610780 -0.000000
-2.706869 -2.972612
6.610780 -0.000000
-2.678061 -2.998591
6.610780 -0.000000
-2.648599 -3.024646
6.610780 -0.000000
-2.618357 -3.050863
6.610780 -0.000000
-2.587202 -3.077328
6.610780 -0.000000
-2.554993 -3.104121
6.610780 -0.000000
-2.521585 -3.131321
6.610780 -0.000000
-2.486821 -3.159000
6.610780 -0.000000
-2.450538 -3.187228
6.610780 -0.000000
-2.412562 -3.216070
6.610780 -0.000000
-2.372707 -3.245585
6.610780 -0.000000
-2.330776 -3.275827
6.610780 -0.000000
-2.286561 -3.306841
6.610780 -0.000000
-2.239836 -3.338667
6.610780 -0.000000
-2.190362 -3.371331
6.610780 -0.000000
-2.137882 -3.404852
6.610780 -0.000000
-2.082123 -3.439233
6.610780 -0.000000
-2.022790 -3.474461
6.610780 -0.000000
-1.959570 -3.510505
6.610780 -0.000000
-1.892125 -3.547312
6.610780 -0.000000
-1.820098 -3.584802
6.610780 -0.000000
-1.743105 -3.622864
6.610780 -0.000000
-1.660741 -3.661352
6.610780 -0.000000
-1.572576 -3.700076
6.610780 -0.000000
-1.478158 -3.738797
6.610780 -0.000000
-1.377014 -3.777220
6.610780 -0.000000
-1.268653 -3.814981
6.610780 -0.000000
-1.152573 -3.851640
6.610780 -0.000000
-1.028266 -3.886673
6.610780 -0.000000
-0.895230 -3.919454
6.610780 -0.000000
-0.752979 -3.949251
6.610780 -0.000000
-0.601063 -3.975208
6.610780 -0.000000
-0.439089 -3.996343
6.610780 -0.000000
-0.266748 -4.011534
6.610780 -0.000000
-0.083846 -4.019518
6.610780 -0.000000
0.109655 -4.018897
6.610780 -0.000000
0.313600 -4.008143
6.610780 -0.000000
0.527586 -3.985626
6.610780 -0.000000
0.750923 -3.949642
6.610780 -0.000000
0.982583 -3.898473
6.610780 -0.000000
1.221164 -3.830446
6.610780 -0.000000
1.464868 -3.744025
6.610780 -0.000000
1.711495 -3.637904
6.610780 -0.000000
1.958471 -3.511118
6.610780 -0.000000
2.202905 -3.363148
6.610780 -0.000000
2.441685 -3.194015
6.610780 -0.000000
2.671601 -3.004348
6.610780 -0.000000
2.889499 -2.795416
6.610780 -0.000000
3.092443 -2.569116
6.610780 -0.000000
3.277872 -2.327899
6.610780 -0.000000
3.443734 -2.074669
6.610780 -0.000000
3.588584 -1.812629
6.610780 -0.000000
3.711626 -1.545119
6.610780 -0.000000
3.812714 -1.275449
6.610780 -0.000000
3.892301 -1.006751
6.610780 -0.000000
3.951355 -0.741858
6.610780 -0.000000
3.991248 -0.483218
6.610780 -0.000000
4.013644 -0.232850
6.610780 -0.000000
4.020386 0.007668
6.610780 -0.000000
4.013390 0.237185
6.610780 -0.000000
3.994570 0.454939
6.610780 -0.000000
3.965764 0.660511
6.610780 -0.000000
3.928695 0.853766
6.610780 -0.000000
3.884937 1.034805
6.610780 -0.000000
3.835904 1.203909
6.610780 -0.000000
3.782842 1.361494
6.610780 -0.000000
3.726832 1.508071
6.610780 -0.000000
3.668803 1.644214
6.610780 -0.000000
3.609538 1.770534
6.610780 -0.000000
3.549693 1.887654
6.610780 -0.000000
3.489806 1.996199
6.610780 -0.000000
3.430317 2.096779
6.610780 -0.000000
3.371576 2.189985
6.610780 -0.000000
3.313858 2.276379
6.610780 -0.000000
3.257374 2.356497
6.610780 -0.000000
3.202278 2.430838
6.610780 -0.000000
3.148681 2.499873
6.610780 -0.000000
3.096653 2.564040
6.610780 -0.000000
3.046232 2.623743
6.610780 -0.000000
2.997429 2.679361
6.610780 0.000000
2.950234 2.731241
6.610780 0.000000
2.904618 2.779704
6.610780 0.000000
2.860535 2.825049
6.610780 0.000000
2.817929 2.867549
6.610780 0.000000
2.776733 2.907458
6.610780 0.000000
2.736873 2.945010
6.610780 0.000000
2.698266 2.980422
6.610780 0.000000
2.660827 3.013895
6.610780 0.000000
2.624462 3.045613
6.610780 0.000000
2.589077 3.075750
6.610780 0.000000
2.554573 3.104467
6.610780 0.000000
2.520850 3.131912
6.610780 0.000000
2.487804 3.158226
6.610780 0.000000
2.455329 3.183538
6.610780 0.000000
2.423319 3.207972
6.610780 0.000000
2.391663 3.231642
6.610780 0.000000
2.360249 3.254655
6.610780 0.000000
2.328965 3.277115
6.610780 0.000000
2.297693 3.299116
6.610780 0.000000
2.266314 3.320750
6.610780 0.000000
2.234707 3.342101
6.610780 0.000000
2.202747 3.363252
6.610780 0.000000
2.170303 3.384279
6.610780 0.000000
2.137244 3.405253
6.610780 0.000000
2.103430 3.426243
6.610780 0.000000
2.068720 3.447312
6.610780 0.000000
2.032963 3.468518
6.610780 0.000000
1.996005 3.489917
6.610780 0.000000
1.957682 3.511558
6.610780 0.000000
1.917824 3.533484
6.610780 0.000000
1.876252 3.555733
6.610780 0.000000
1.832777 3.578336
6.610780 0.000000
1.787198 3.601316
6.610780 0.000000
1.739306 3.624689
6.610780 0.000000
1.688876 3.648459
6.610780 0.000000
1.635672 3.672620
6.610780 0.000000
1.579442 3.697151
6.610780 0.000000
1.519920 3.722016
6.610780 0.000000
1.456823 3.747162
6.610780 0.000000
1.389851 3.772515
6.610780 0.000000
1.318687 3.797976
6.610780 0.000000
1.242994 3.823418
6.610780 0.000000
1.162419 3.848680
6.610780 0.000000
1.076589 3.873566
6.610780 0.000000
0.985116 3.897833
6.610780 0.000000
0.887596 3.921190
6.610780 0.000000
0.783612 3.943287
6.610780 0.000000
0.672740 3.963708
6.610780 0.000000
0.554555 3.981963
6.610780 0.000000
0.428636 3.997478
6.610780 0.000000
0.294580 4.009586
6.610780 0.000000
0.152013 4.017518
6.610780 0.000000
0.000610 4.020393
6.610780 0.000000
-0.159883 4.017212
6.610780 0.000000
-0.329627 4.006857
6.610780 0.000000
-0.508654 3.988086
6.610780 0.000000
-0.696834 3.959543
6.610780 0.000000
-0.893835 3.919773
6.610780 0.000000
-1.099081 3.867245
6.610780 0.000000
-1.311709 3.800392
6.610780 0.000000
-1.530532 3.717665
6.610780 0.000000
-1.754009 3.617597
6.610780 0.000000
-1.980227 3.498894
6.610780 0.000000
-2.206911 3.360521
6.610780 0.000000
-2.431452 3.201812
6.610780 0.000000
-2.650978 3.022560
6.610780 0.000000
-2.862446 2.823112
6.610780 0.000000
-3.062773 2.604416
6.610780 0.000000
-3.248986 2.368048
6.610780 0.000000
-3.418381 2.116183
6.610780 0.000000
-3.568674 1.851519
6.610780 0.000000
-3.698125 1.577159
6.610780 0.000000
-3.805623 1.296455
6.610780 0.000000
-3.890722 1.012839
6.610780 0.000000
-3.953626 0.729660
6.610780 0.000000
-3.995126 0.450029
6.610780 0.000000
-4.016507 0.176709
6.610780 0.000000
-4.019430 -0.087966
6.610780 0.000000
-4.005809 -0.342130
6.610780 0.000000
-3.977695 -0.584384
6.610780 0.000000
-3.937173 -0.813775
6.610780 0.000000
-3.886280 -1.029749
6.610780 0.000000
-3.826943 -1.232098
6.610780 0.000000
-3.760934 -1.420892
6.610780 0.000000
-3.689847 -1.596429
6.610780 0.000000
-3.615089 -1.759172
6.610780 0.000000
-3.537879 -1.909705
6.610780 0.000000
-3.459252 -2.048690
6.610780 0.000000
-3.380081 -2.176835
6.610780 0.000000
-3.301083 -2.294866
6.610780 0.000000
-3.222841 -2.403509
6.610780 0.000000
-3.145820 -2.503473
6.610780 0.000000
-3.070382 -2.595441
6.610780 0.000000
-2.996802 -2.680063
6.610780 0.000000
-2.925281 -2.757951
6.610780 0.000000
-2.855956 -2.829677
6.610780 0.000000
-2.788915 -2.895775
6.610780 0.000000
-2.724201 -2.956736
6.610780 0.000000
-2.661823 -3.013015
6.610780 0.000000
-2.601760 -3.065029
6.610780 0.000000
-2.543969 -3.113163
6.610780 0.000000
-2.488387 -3.157766
6.610780 0.000000
-2.434939 -3.199161
6.610780 0.000000
-2.383536 -3.237640
6.610780 0.000000
-2.334079 -3.273474
6.610780 0.000000
-2.286464 -3.306908
6.610780 0.000000
-2.240580 -3.338167
6.610780 0.000000
-2.196313 -3.367457
6.610780 0.000000
-2.153546 -3.394967
6.610780 0.000000
-2.112158 -3.420869
6.610780 0.000000
-2.072028 -3.445324
6.610780 0.000000
-2.033035 -3.468476
6.610780 0.000000
-1.995053 -3.490461
6.610780 0.000000
-1.957960 -3.511403
6.610780 0.000000
-1.921629 -3.531416
6.610780 0.000000
-1.885936 -3.550606
6.610780 0.000000
-1.850753 -3.569071
6.610780 0.000000
-1.815955 -3.586902
6.610780 0.000000
-1.781411 -3.604183
6.610780 0.000000
-1.746993 -3.620991
6.610780 0.000000
-1.712570 -3.637398
6.610780 0.000000
-1.678006 -3.653472
6.610780 0.000000
-1.643167 -3.669272
6.610780 0.000000
-1.607914 -3.684857
6.610780 0.000000
-1.572105 -3.700276
6.610780 0.000000
-1.535594 -3.715577
6.610780 0.000000
-1.498231 -3.730799
6.610780 0.000000
-1.459860 -3.745980
6.610780 0.000000
-1.420323 -3.761149
6.610780 0.000000
-1.379451 -3.776331
6.610780 0.000000
-1.337072 -3.791543
6.610780 0.000000
-1.293005 -3.806796
6.610780 0.000000
-1.247061 -3.822093
6.610780 0.000000
-1.199042 -3.837429
6.610780 0.000000
-1.148740 -3.852785
6.610780 0.000000
-1.095937 -3.868136
6.610780 0.000000
-1.040405 -3.883441
6.610780 0.000000
-0.981902 -3.898644
6.610780 0.000000
-0.920175 -3.913673
6.610780 0.000000
-0.854957 -3.928436
6.610780 0.000000
-0.785968 -3.942818
6.610780 0.000000
-0.712915 -3.956679
6.610780 0.000000
-0.635491 -3.969850
6.610780 0.000000
-0.553375 -3.982127
6.610780 0.000000
-0.466236 -3.993267
6.610780 0.000000
-0.373731 -4.002984
6.610780 0.000000
-0.275511 -4.010942
6.610780 0.000000
-0.171221 -4.016745
6.610780 0.000000
-0.060508 -4.019937
6.610780 0.000000
0.056974 -4.019989
6.610780 0.000000
0.181553 -4.016291
6.610780 0.000000
0.313532 -4.008149
6.610780 0.000000
0.453171 -3.994771
6.610780 0.000000
0.600670 -3.975268
6.610780 0.000000
0.756149 -3.948645
6.610780 0.000000
0.919624 -3.913802
6.610780 0.000000
1.090974 -3.869539
6.610780 0.000000
1.269910 -3.814562
6.610780 0.000000
1.455939 -3.747506
6.610780 0.000000
1.648325 -3.666958
6.610780 0.000000
1.846055 -3.571504
6.610780 0.000000
2.047806 -3.459776
6.610780 0.000000
2.251923 -3.330525
6.610780 0.000000
2.456411 -3.182704
6.610780 0.000000
2.658949 -3.015551
6.610780 0.000000
2.856929 -2.828695
6.610780 0.000000
3.047529 -2.622237
6.610780 0.000000
3.227811 -2.396830
6.610780 0.000000
3.394853 -2.153725
6.610780 0.000000
3.545896 -1.894777
6.610780 0.000000
3.678496 -1.622414
6.610780 0.000000
3.790671 -1.339542
6.610780 0.000000
3.881013 -1.049427
6.610780 0.000000
3.948763 -0.755531
6.610780 0.000000
3.993836 -0.461340
6.610780 0.000000
4.016789 -0.170197
6.610780 0.000000
4.018752 0.114843
6.610780 0.000000
4.001322 0.391124
6.610780 0.000000
3.966436 0.656462
6.610780 0.000000
3.916244 0.909171
6.610780 0.000000
3.852988 1.148059
6.610780 0.000000
3.778901 1.372393
6.610780 0.000000
3.696123 1.581846
6.610780 0.000000
3.606641 1.776429
6.610780 0.000000
3.512255 1.956431
6.610780 0.000000
3.414556 2.122350
6.610780 0.000000
3.314920 2.274833
6.610780 0.000000
3.214516 2.414632
6.610780 0.000000
3.114317 2.542556
6.610780 0.000000
3.015118 2.659440
6.610780 0.000000
2.917555 2.766122
6.610780 0.000000
2.822124 2.863420
6.610780 0.000000
2.729203 2.952119
6.610780 0.000000
2.639067 3.032966
6.610780 0.000000
2.551904 3.106661
6.610780 0.000000
2.467833 3.173855
6.610780 0.000000
2.386914 3.235150
6.610780 0.000000
2.309160 3.291100
6.610780 0.000000
2.234543 3.342212
6.610780 0.000000
2.163006 3.388947
6.610780 0.000000
2.094470 3.431727
6.610780 0.000000
2.028834 3.470935
6.610780 0.000000
1.965984 3.506917
6.610780 0.000000
1.905795 3.539986
6.610780 0.000000
1.848134 3.570428
6.610780 0.000000
1.792863 3.598500
6.610780 0.000000
1.739839 3.624434
6.610780 0.000000
1.688917 3.648440
6.610780 0.000000
1.639953 3.670710
6.610780 0.000000
1.592799 3.691416
6.610780 0.000000
1.547310 3.710713
6.610780 0.000000
1.503339 3.728744
6.610780 0.000000
1.460741 3.745636
6.610780 0.000000
1.419374 3.761507
6.610780 0.000000
1.379094 3.776461
6.610780 0.000000
1.339759 3.790594
6.610780 0.000000
1.301228 3.803993
6.610780 0.000000
1.263360 3.816737
6.610780 0.000000
1.226015 3.828896
6.610780 0.000000
1.189053 3.840535
6.610780 0.000000
1.152333 3.851712
6.610780 0.000000
1.115714 3.862479
6.610780 0.000000
1.079054 3.872880
6.610780 0.000000
1.042210 3.882957
6.610780 0.000000
1.005036 3.892745
6.610780 0.000000
0.967384 3.902272
6.610780 0.000000
0.929105 3.911563
6.610780 0.000000
0.890044 3.920635
6.610780 0.000000
0.850045 3.929502
6.610780 0.000000
0.808944 3.938168
6.610780 0.000000
0.766576 3.946634
6.610780 0.000000
0.722769 3.954891
6.610780 0.000000
0.677343 3.962924
6.610780 0.000000
0.630115 3.970707
6.610780 0.000000
0.580892 3.978206
6.610780 0.000000
0.529474 3.985375
6.610780 0.000000
0.475654 3.992156
6.610780 0.000000
0.419214 3.998477
6.610780 0.000000
0.359928 4.004249
6.610780 0.000000
0.297561 4.009366
6.610780 0.000000
0.231867 4.013701
6.610780 0.000000
0.162591 4.017104
6.610780 0.000000
0.089470 4.019397
6.610780 0.000000
0.012228 4.020374
6.610780 0.000000
-0.069414 4.019794
6.610780 0.000000
-0.155743 4.017375
6.610780 0.000000
-0.247051 4.012795
6.610780 0.000000
-0.343630 4.005681
6.610780 0.000000
-0.445767 3.995604
6.610780 0.000000
-0.553742 3.982076
6.610780 0.000000
-0.667818 3.964540
6.610780 0.000000
-0.788230 3.942366
6.610780 0.000000
-0.915180 3.914844
6.610780 0.000000
-1.048814 3.881179
6.610780 0.000000
-1.189213 3.840486
6.610780 0.000000
-1.336366 3.791792
6.610780 0.000000
-1.490150 3.734034
6.610780 0.000000
-1.650302 3.666069
6.610780 0.000000
-1.816385 3.586684
6.610780 0.000000
-1.987761 3.494619
6.610780 0.000000
-2.163554 3.388597
6.610780 0.000000
-2.342621 3.267366
6.610780 0.000000
-2.523529 3.129754
6.610780 0.000000
-2.704535 2.974735
6.610780 0.000000
-2.883591 2.801510
6.610780 0.000000
-3.058363 2.609593
6.610780 0.000000
-3.226275 2.398897
6.610780 0.000000
-3.384589 2.169819
6.610780 0.000000
-3.530505 1.923303
6.610780 0.000000
-3.661290 1.660877
6.610780 0.000000
-3.774428 1.384648
6.610780 0.000000
-3.867761 1.097261
6.610780 0.000000
-3.939629 0.801797
6.610780 0.000000
-3.988974 0.501645
6.610780 0.000000
-4.015398 0.200334
6.610780 0.000000
-4.019183 -0.098638
6.610780 0.000000
-4.001239 -0.391972
6.610780 0.000000
-3.963032 -0.676710
6.610780 0.000000
-3.906458 -0.950339
6.610780 0.000000
-3.833717 -1.210856
6.610780 0.000000
-3.747177 -1.456786
6.610780 0.000000
-3.649249 -1.687168
6.610780 0.000000
-3.542291 -1.901509
6.610780 0.000000
-3.428518 -2.099720
6.610780 0.000000
-3.309957 -2.282048
6.610780 0.000000
-3.188408 -2.449003
6.610780 0.000000
-3.065433 -2.601284
6.610780 0.000000
-2.942356 -2.739726
6.610780 0.000000
-2.820275 -2.865241
6.610780 0.000000
-2.700079 -2.978781
6.610780 0.000000
-2.582468 -3.081301
6.610780 0.000000
-2.467981 -3.173740
6.610780 0.000000
-2.357015 -3.256999
6.610780 0.000000
-2.249846 -3.331929
6.610780 0.000000
-2.146653 -3.399329
6.610780 0.000000
-2.047531 -3.459938
6.610780 0.000000
-1.952510 -3.514437
6.610780 0.000000
-1.861565 -3.563444
6.610780 0.000000
-1.774629 -3.607527
6.610780 0.000000
-1.691605 -3.647195
6.610780 0.000000
-1.612367 -3.682911
6.610780 0.000000
-1.536773 -3.715089
6.610780 0.000000
-1.464665 -3.744104
6.610780 0.000000
-1.395877 -3.770290
6.610780 0.000000
-1.330237 -3.793946
6.610780 0.000000
-1.267569 -3.815341
6.610780 0.000000
-1.207694 -3.834714
6.610780 0.000000
-1.150435 -3.852279
6.610780 0.000000
-1.095615 -3.868228
6.610780 0.000000
-1.043057 -3.882730
6.610780 0.000000
-0.992590 -3.895937
6.610780 0.000000
-0.944043 -3.907984
6.610780 0.000000
-0.897248 -3.918993
6.610780 0.000000
-0.852041 -3.929069
6.610780 0.000000
-0.808261 -3.938308
6.610780 0.000000
-0.765748 -3.946795
6.610780 0.000000
-0.724347 -3.954602
6.610780 0.000000
-0.683904 -3.961797
6.610780 0.000000
-0.644265 -3.968436
6.610780 0.000000
-0.605282 -3.974568
6.610780 0.000000
-0.566805 -3.980237
6.610780 0.000000
-0.528686 -3.985480
6.610780 0.000000
-0.490777 -3.990325
6.610780 0.000000
-0.452931 -3.994798
6.610780 0.000000
-0.415000 -3.998917
6.610780 0.000000
-0.376835 -4.002693
6.610780 0.000000
-0.338286 -4.006135
6.610780 0.000000
-0.299201 -4.009244
6.610780 0.000000
-0.259427 -4.012014
6.610780 0.000000
-0.218807 -4.014434
6.610780 0.000000
-0.177182 -4.016487
6.610780 0.000000
-0.134388 -4.018146
6.610780 0.000000
-0.090257 -4.019380
6.610780 0.000000
-0.044619 -4.020145
6.610780 0.000000
0.002704 -4.020392
6.610780 0.000000
0.051894 -4.020058
6.610780 0.000000
0.103139 -4.019070
6.610780 0.000000
0.156634 -4.017340
6.610780 0.000000
0.212579 -4.014769
6.610780 0.000000
0.271180 -4.011237
6.610780 0.000000
0.332651 -4.006607
6.610780 0.000000
0.397213 -4.000722
6.610780 0.000000
0.465091 -3.993401
6.610780 0.000000
0.536516 -3.984433
6.610780 0.000000
0.611723 -3.973582
6.610780 0.000000
0.690951 -3.960574
6.610780 0.000000
0.774438 -3.945099
6.610780 0.000000
0.862421 -3.926804
6.610780 0.000000
0.955130 -3.905289
6.610780 0.000000
1.052785 -3.880103
6.610780 0.000000
1.155589 -3.850737
6.610780 0.000000
1.263721 -3.816617
6.610780 0.000000
1.377326 -3.777106
6.610780 0.000000
1.496503 -3.731493
6.610780 0.000000
1.621291 -3.678991
6.610780 0.000000
1.751653 -3.618739
6.610780 0.000000
1.887455 -3.549799
6.610780 0.000000
2.028446 -3.471162
6.610780 0.000000
2.174230 -3.381757
6.610780 0.000000
2.324238 -3.280469
6.610780 0.000000
2.477703 -3.166157
6.610780 0.000000
2.633628 -3.037690
6.610780 0.000000
2.790765 -2.893992
6.610780 0.000000
2.947594 -2.734091
6.610780 0.000000
3.102313 -2.557189
6.610780 0.000000
3.252849 -2.362738
6.610780 0.000000
3.396886 -2.150517
6.610780 0.000000
3.531912 -1.920717
6.610780 0.000000
3.655302 -1.674014
6.610780 0.000000
3.764424 -1.411620
6.610780 0.000000
3.856763 -1.135315
6.610780 0.000000
3.930067 -0.847428
6.610780 0.000000
3.982486 -0.550783
6.610780 0.000000
4.012700 -0.248598
6.610780 0.000000
4.020008 0.055657
6.610780 0.000000
4.004384 0.358426
6.610780 0.000000
3.966473 0.656241
6.610780 0.000000
3.907538 0.945890
6.610780 0.000000
3.829365 1.224549
6.610780 0.000000
3.734140 1.489885
6.610780 0.000000
3.624305 1.740107
6.610780 0.000000
3.502423 1.973978
6.610780 0.000000
3.371054 2.190789
6.610780 0.000000
3.232649 2.390302
6.610780 0.000000
3.089476 2.572682
6.610780 0.000000
2.943573 2.738419
6.610780 0.000000
2.796714 2.888244
6.610780 0.000000
2.650407 3.023061
6.610780 0.000000
2.505901 3.143886
6.610780 0.000000
2.364201 3.251786
6.610780 0.000000
2.226091 3.347847
6.610780 0.000000
2.092163 3.433134
6.610780 0.000000
1.962842 3.508676
6.610780 0.000000
1.838412 3.575444
6.610780 0.000000
1.719040 3.634345
6.610780 0.000000
1.604798 3.686215
6.610780 0.000000
1.495681 3.731822
6.610780 0.000000
1.391624 3.771862
6.610780 0.000000
1.292516 3.806962
6.610780 0.000000
1.198207 3.837689
6.610780 0.000000
1.108526 3.864548
6.610780 0.000000
1.023278 3.887989
6.610780 0.000000
0.942259 3.908415
6.610780 0.000000
0.865256 3.926180
6.610780 0.000000
0.792050 3.941601
6.610780 0.000000
0.722425 3.954954
6.610780 0.000000
0.656161 3.966486
6.610780 0.000000
0.593044 3.976413
6.610780 0.000000
0.532862 3.984924
6.610780 0.000000
0.475408 3.992186
6.610780 0.000000
0.420481 3.998344
6.610780 0.000000
0.367883 4.003526
6.610780 0.000000
0.317423 4.007842
6.610780 0.000000
0.268915 4.011389
6.610780 0.000000
0.222178 4.014249
6.610780 0.000000
0.177036 4.016493
6.610780 0.000000
0.133316 4.018182
6.610780 0.000000
0.090853 4.019366
6.610780 0.000000
0.049481 4.020088
6.610780 0.000000
0.009042 4.020383
6.610780 0.000000
-0.030623 4.020276
6.610780 0.000000
-0.069667 4.019789
6.610780 0.000000
-0.108244 4.018935
6.610780 0.000000
-0.146504 4.017723
6.610780 0.000000
-0.184598 4.016153
6.610780 0.000000
-0.222674 4.014222
6.610780 0.000000
-0.260881 4.011920
6.610780 0.000000
-0.299368 4.009232
6.610780 0.000000
-0.338284 4.006136
6.610780 0.000000
-0.377781 4.002604
6.610780 0.000000
-0.418010 3.998603
6.610780 0.000000
-0.459126 3.994091
6.610780 0.000000
-0.501285 3.989019
6.610780 0.000000
-0.544645 3.983330
6.610780 0.000000
-0.589369 3.976959
6.610780 0.000000
-0.635622 3.969829
6.610780 0.000000
-0.683573 3.961854
6.610780 0.000000
-0.733394 3.952935
6.610780 0.000000
-0.785262 3.942959
6.610780 0.000000
-0.839357 3.931798
6.610780 0.000000
-0.895864 3.919309
6.610780 0.000000
-0.954970 3.905329
6.610780 0.000000
-1.016865 3.889671
6.610780 0.000000
-1.081744 3.872130
6.610780 0.000000
-1.149801 3.852469
6.610780 0.000000
-1.221228 3.830425
6.610780 0.000000
-1.296220 3.805702
6.610780 0.000000
-1.374964 3.777967
6.610780 0.000000
-1.457638 3.746845
6.610780 0.000000
-1.544411 3.711920
6.610780 0.000000
-1.635434 3.672726
6.610780 0.000000
-1.730834 3.628743
6.610780 0.000000
-1.830706 3.579396
6.610780 0.000000
-1.935104 3.524050
6.610780 0.000000
-2.044031 3.462007
6.610780 0.000000
-2.157422 3.392504
6.610780 0.000000
-2.275130 3.314716
6.610780 0.000000
-2.396907 3.227754
6.610780 0.000000
-2.522382 3.130679
6.610780 0.000000
-2.651040 3.022506
6.610780 0.000000
-2.782197 2.902230
6.610780 0.000000
-2.914975 2.768840
6.610780 0.000000
-3.048279 2.621365
6.610780 0.000000
-3.180775 2.458908
6.610780 0.000000
-3.310883 2.280704
6.610780 0.000000
-3.436771 2.086184
6.610780 0.000000
-3.556370 1.875044
6.610780 0.000000
-3.667409 1.647323
6.610780 0.000000
-3.767468 1.403475
6.610780 0.000000
-3.854067 1.144434
6.610780 0.000000
-3.924763 0.871660
6.610780 0.000000
-3.977287 0.587153
6.610780 0.000000
-4.009671 0.293429
6.610780 0.000000
-4.020387 -0.006542
6.610780 0.000000
-4.008466 -0.309449
6.610780 0.000000
-3.973573 -0.611781
6.610780 0.000000
-3.916052 -0.909998
6.610780 0.000000
-3.836908 -1.200707
6.610780 0.000000
-3.737744 -1.480819
6.610780 0.000000
-3.620657 -1.747684
6.610780 0.000000
-3.488099 -1.999182
6.610780 0.000000
-3.342733 -2.233763
6.610780 0.000000
-3.187293 -2.450453
6.610780 0.000000
-3.024458 -2.648813
6.610780 0.000000
-2.856747 -2.828879
6.610780 0.000000
-2.686452 -2.991076
6.610780 0.000000
-2.515591 -3.136138
6.610780 0.000000
-2.345888 -3.265022
6.610780 0.000000
-2.178772 -3.378832
6.610780 0.000000
-2.015392 -3.478757
6.610780 0.000000
-1.856640 -3.566013
6.610780 0.000000
-1.703177 -3.641805
6.610780 0.000000
-1.555471 -3.707299
6.610780 0.000000
-1.413818 -3.763599
6.610780 0.000000
-1.278380 -3.811732
6.610780 0.000000
-1.149204 -3.852647
6.610780 0.000000
-1.026250 -3.887206
6.610780 0.000000
-0.909407 -3.916189
6.610780 0.000000
-0.798511 -3.940297
6.610780 0.000000
-0.693361 -3.960153
6.610780 0.000000
-0.593726 -3.976311
6.610780 0.000000
-0.499357 -3.989261
6.610780 0.000000
-0.409994 -3.999433
6.610780 0.000000
-0.325371 -4.007205
6.610780 0.000000
-0.245219 -4.012907
6.610780 0.000000
-0.169273 -4.016828
6.610780 0.000000
-0.097270 -4.019216
6.610780 0.000000
-0.028955 -4.020289
6.610780 0.000000
0.035923 -4.020232
6.610780 0.000000
0.097606 -4.019208
6.610780 0.000000
0.156325 -4.017352
6.610780 0.000000
0.212308 -4.014783
6.610780 0.000000
0.265771 -4.011599
6.610780 0.000000
0.316923 -4.007882
6.610780 0.000000
0.365965 -4.003702
6.610780 0.000000
0.413092 -3.999114
6.610780 0.000000
0.458491 -3.994164
6.610780 0.000000
0.502343 -3.988886
6.610780 0.000000
0.544822 -3.983306
6.610780 0.000000
0.586100 -3.977442
6.610780 0.000000
0.626339 -3.971304
6.610780 0.000000
0.665702 -3.964896
6.610780 0.000000
0.704345 -3.958214
6.610780 0.000000
0.742422 -3.951249
6.610780 0.000000
0.780084 -3.943986
6.610780 0.000000
0.817480 -3.936405
6.610780 0.000000
0.854755 -3.928480
6.610780 0.000000
0.892057 -3.920178
6.610780 0.000000
0.929530 -3.911462
6.610780 0.000000
0.967318 -3.902288
6.610780 0.000000
1.005565 -3.892608
6.610780 0.000000
1.044416 -3.882365
6.610780 0.000000
1.084015 -3.871495
6.610780 0.000000
1.124510 -3.859927
6.610780 0.000000
1.166046 -3.847583
6.610780 0.000000
1.208774 -3.834374
6.610780 0.000000
1.252843 -3.820202
6.610780 0.000000
1.298405 -3.804958
6.610780 0.000000
1.345615 -3.788519
6.610780 0.000000
1.394628 -3.770752
6.610780 0.000000
1.445600 -3.751506
6.610780 0.000000
1.498692 -3.730614
6.610780 0.000000
1.554060 -3.707891
6.610780 0.000000
1.611865 -3.683131
6.610780 0.000000
1.672263 -3.656104
6.610780 0.000000
1.735410 -3.626556
6.610780 0.000000
1.801457 -3.594205
6.610780 0.000000
1.870549 -3.558736
6.610780 0.000000
1.942820 -3.519803
6.610780 0.000000
2.018392 -3.477018
6.610780 0.000000
2.097370 -3.429956
6.610780 0.000000
2.179836 -3.378147
6.610780 0.000000
2.265842 -3.321072
6.610780 0.000000
2.355402 -3.258165
6.610780 0.000000
2.448485 -3.188805
6.610780 0.000000
2.545000 -3.112319
6.610780 0.000000
2.644785 -3.027981
6.610780 0.000000
2.747591 -2.935013
6.610780 0.000000
2.853065 -2.832592
6.610780 0.000000
2.960731 -2.719858
6.610780 0.000000
3.069971 -2.595927
6.610780 0.000000
3.179999 -2.459911
6.610780 0.000000
3.289847 -2.310944
6.610780 0.000000
3.398341 -2.148217
6.610780 0.000000
3.504089 -1.971019
6.610780 0.000000
3.605475 -1.778793
6.610780 0.000000
3.700663 -1.571195
6.610780 0.000000
3.787614 -1.348160
6.610780 0.000000
3.864132 -1.109974
6.610780 0.000000
3.927917 -0.857338
6.610780 0.000000
3.976654 -0.591424
6.610780 0.000000
4.008119 -0.313910
6.610780 0.000000
4.020302 -0.026986
6.610780 0.000000
4.011538 0.266678
6.610780 0.000000
3.980635 0.564009
6.610780 0.000000
3.926975 0.861640
6.610780 0.000000
3.850594 1.156063
6.610780 0.000000
3.752200 1.443798
6.610780 0.000000
3.633149 1.721564
6.610780 0.000000
3.495371 1.986439
6.610780 0.000000
3.341249 2.235981
6.610780 0.000000
3.173482 2.468313
6.610780 0.000000
2.994929 2.682156
6.610780 0.000000
2.808465 2.876818
6.610780 0.000000
2.616856 3.052150
6.610780 0.000000
2.422663 3.208467
6.610780 0.000000
2.228170 3.346464
6.610780 0.000000
2.035346 3.467120
6.610780 0.000000
1.845839 3.571615
6.610780 0.000000
1.660972 3.661247
6.610780 0.000000
1.481774 3.737366
6.610780 0.000000
1.309001 3.801326
6.610780 0.000000
1.143177 3.854440
6.610780 0.000000
0.984628 3.897957
6.610780 0.000000
0.833514 3.933041
6.610780 0.000000
0.689861 3.960764
6.610780 0.000000
0.553591 3.982097
6.610780 0.000000
0.424546 3.997914
6.610780 0.000000
0.302504 4.008996
6.610780 0.000000
0.187203 4.016032
6.610780 0.000000
0.078350 4.019629
6.610780 0.000000
-0.024369 4.020319
6.610780 0.000000
-0.121276 4.018563
6.610780 0.000000
-0.212697 4.014763
6.610780 0.000000
-0.298957 4.009262
6.610780 0.000000
-0.380376 4.002358
6.610780 0.000000
-0.457265 3.994304
6.610780 0.000000
-0.529927 3.985315
6.610780 0.000000
-0.598653 3.975572
6.610780 0.000000
-0.663723 3.965228
6.610780 0.000000
-0.725404 3.954409
6.610780 0.000000
-0.783953 3.943219
6.610780 0.000000
-0.839614 3.931743
6.610780 0.000000
-0.892621 3.920049
6.610780 0.000000
-0.943197 3.908189
6.610780 0.000000
-0.991554 3.896201
6.610780 0.000000
-1.037895 3.884113
6.610780 0.000000
-1.082416 3.871942
6.610780 0.000000
-1.125303 3.859696
6.610780 0.000000
-1.166734 3.847375
6.610780 0.000000
-1.206882 3.834970
6.610780 0.000000
-1.245913 3.822468
6.610780 0.000000
-1.283988 3.809847
6.610780 0.000000
-1.321262 3.797081
6.610780 0.000000
-1.357887 3.784138
6.610780 0.000000
-1.394011 3.770980
6.610780 0.000000
-1.429778 3.757565
6.610780 0.000000
-1.465330 3.743844
6.610780 0.000000
-1.500805 3.729765
6.610780 0.000000
-1.536341 3.715268
6.610780 0.000000
-1.572073 3.700290
6.610780 0.000000
-1.608137 3.684759
6.610780 0.000000
-1.644667 3.668601
6.610780 0.000000
-1.681794 3.651729
6.610780 0.000000
-1.719652 3.634055
6.610780 0.000000
-1.758375 3.615477
6.610780 0.000000
-1.798093 3.595889
6.610780 0.000000
-1.838940 3.575172
6.610780 0.000000
-1.881049 3.553197
6.610780 0.000000
-1.924552 3.529824
6.610780 0.000000
-1.969581 3.504898
6.610780 0.000000
-2.016267 3.478250
6.610780 0.000000
-2.064740 3.449697
6.610780 0.000000
-2.115128 3.419034
6.610780 0.000000
-2.167556 3.386039
6.610780 0.000000
-2.222143 3.350468
6.610780 0.000000
-2.279006 3.312053
6.610780 0.000000
-2.338248 3.270497
6.610780 0.000000
-2.399968 3.225479
6.610780 0.000000
-2.464245 3.176642
6.610780 0.000000
-2.531146 3.123597
6.610780 0.000000
-2.600713 3.065918
6.610780 0.000000
-2.672959 3.003140
6.610780 0.000000
-2.747866 2.934756
6.610780 0.000000
-2.825370 2.860217
6.610780 0.000000
-2.905358 2.778930
6.610780 0.000000
-2.987654 2.690257
6.610780 0.000000
-3.072005 2.593520
6.610780 0.000000
-3.158071 2.488001
6.610780 0.000000
-3.245405 2.372953
6.610780 0.000000
-3.333441 2.247606
6.610780 0.000000
-3.421469 2.111186
6.610780 0.000000
-3.508625 1.962934
6.610780 0.000000
-3.593867 1.802131
6.610780 0.000000
-3.675967 1.628136
6.610780 0.000000
-3.753495 1.440429
6.610780 0.000000
-3.824826 1.238656
6.610780 0.000000
-3.888143 1.022692
6.610780 0.000000
-3.941469 0.792704
6.610780 0.000000
-3.982704 0.549207
6.610780 0.000000
-4.009692 0.293132
6.610780 0.000000
-4.020310 0.025863
6.610780 0.000000
-4.012567 -0.250731
6.610780 0.000000
-3.984731 -0.534302
6.610780 0.000000
-3.935450 -0.822066
6.610780 0.000000
-3.863871 -1.110882
6.610780 0.000000
-3.769737 -1.397370
6.610780 0.000000
-3.653443 -1.678069
6.610780 0.000000
-3.516053 -1.949597
6.610780 0.000000
-3.359261 -2.208829
6.610780 0.000000
-3.185300 -2.453043
6.610780 0.000000
-2.996822 -2.680040
6.610780 0.000000
-2.796742 -2.888217
6.610780 0.000000
-2.588083 -3.076586
6.610780 0.000000
-2.373834 -3.244760
6.610780 0.000000
-2.156817 -3.392889
6.610780 0.000000
-1.939599 -3.521578
6.610780 0.000000
-1.724426 -3.631792
6.610780 0.000000
-1.513192 -3.724756
6.610780 0.000000
-1.307438 -3.801863
6.610780 0.000000
-1.108360 -3.864595
6.610780 0.000000
-0.916842 -3.914455
6.610780 0.000000
-0.733489 -3.952917
6.610780 0.000000
-0.558670 -3.981388
6.610780 0.000000
-0.392556 -4.001182
6.610780 0.000000
-0.235161 -4.013509
6.610780 0.000000
-0.086368 -4.019465
6.610780 0.000000
0.054030 -4.020030
6.610780 0.000000
0.186316 -4.016073
6.610780 0.000000
0.310820 -4.008360
6.610780 0.000000
0.427906 -3.997556
6.610780 0.000000
0.537958 -3.984239
6.610780 0.000000
0.641368 -3.968905
6.610780 0.000000
0.738531 -3.951978
6.610780 0.000000
0.829835 -3.933819
6.610780 0.000000
0.915660 -3.914732
6.610780 0.000000
0.996373 -3.894971
6.610780 0.000000
1.072328 -3.874748
6.610780 0.000000
1.143861 -3.854237
6.610780 0.000000
1.211295 -3.833578
6.610780 0.000000
1.274934 -3.812886
6.610780 0.000000
1.335069 -3.792249
6.610780 0.000000
1.391973 -3.771733
6.610780 0.000000
1.445906 -3.751388
6.610780 0.000000
1.497113 -3.731248
6.610780 0.000000
1.545826 -3.711331
6.610780 0.000000
1.592266 -3.691646
6.610780 0.000000
1.636639 -3.672189
6.610780 0.000000
1.679144 -3.652948
6.610780 0.000000
1.719970 -3.633904
6.610780 0.000000
1.759295 -3.615030
6.610780 0.000000
1.797290 -3.596291
6.610780 0.000000
1.834119 -3.577648
6.610780 0.000000
1.869939 -3.559057
6.610780 0.000000
1.904902 -3.540467
6.610780 0.000000
1.939152 -3.521824
6.610780 0.000000
1.972832 -3.503069
6.610780 0.000000
2.006077 -3.484137
6.610780 0.000000
2.039021 -3.464960
6.610780 0.000000
2.071794 -3.445465
6.610780 0.000000
2.104522 -3.425572
6.610780 0.000000
2.137329 -3.405199
6.610780 0.000000
2.170339 -3.384256
6.610780 0.000000
2.203670 -3.362647
6.610780 0.000000
2.237442 -3.340271
6.610780 0.000000
2.271771 -3.317019
6.610780 0.000000
2.306773 -3.292773
6.610780 0.000000
2.342562 -3.267409
6.610780 0.000000
2.379250 -3.240791
6.610780 0.000000
2.416947 -3.212775
6.610780 0.000000
2.455763 -3.183204
6.610780 0.000000
2.495803 -3.151908
6.610780 0.000000
2.537171 -3.118705
6.610780 0.000000
2.579968 -3.083395
6.610780 0.000000
2.624287 -3.045764
6.610780 0.000000
2.670218 -3.005577
6.610780 0.000000
2.717844 -2.962581
6.610780 0.000000
2.767236 -2.916498
6.610780 0.000000
2.818457 -2.867030
6.610780 0.000000
2.871554 -2.813848
6.610780 0.000000
2.926556 -2.756598
6.610780 0.000000
2.983472 -2.694894
6.610780 0.000000
3.042284 -2.628320
6.610780 0.000000
3.102942 -2.556425
6.610780 0.000000
3.165359 -2.478722
6.610780 0.000000
3.229399 -2.394689
6.610780 0.000000
3.294874 -2.303771
6.610780 0.000000
3.361529 -2.205376
6.610780 0.000000
3.429031 -2.098883
6.610780 0.000000
3.496958 -1.983644
6.610780 0.000000
3.564784 -1.858998
6.610780 0.000000
3.631864 -1.724275
6.610780 0.000000
3.697418 -1.578816
6.610780 0.000000
3.760516 -1.421998
6.610780 0.000000
3.820067 -1.253254
6.610780 0.000000
3.874807 -1.072114
6.610780 0.000000
3.923296 -0.878242
6.610780 0.000000
3.963920 -0.671488
6.610780 0.000000
3.994911 -0.451937
6.610780 0.000000
4.014371 -0.219971
6.610780 0.000000
4.020323 0.023677
6.610780 0.000000
4.010779 0.277872
6.610780 0.000000
3.983821 0.541042
6.610780 0.000000
3.937713 0.811157
6.610780 0.000000
3.871009 1.085747
6.610780 0.000000
3.782678 1.361949
6.610780 0.000000
3.672209 1.636595
6.610780 0.000000
3.539697 1.906333
6.610780 0.000000
3.385891 2.167786
6.610780 0.000000
3.212198 2.417715
6.610780 0.000000
3.020624 2.653184
6.610780 0.000000
2.813688 2.871710
6.610780 0.000000
2.594277 3.071365
6.610780 0.000000
2.365494 3.250845
6.610780 0.000000
2.130496 3.409478
6.610780 0.000000
1.892348 3.547193
6.610780 0.000000
1.653895 3.664450
6.610780 0.000000
1.417678 3.762147
6.610780 0.000000
1.185873 3.841518
6.610780 0.000000
0.960273 3.904028
6.610780 0.000000
0.742281 3.951275
6.610780 0.000000
0.532944 3.984913
6.610780 0.000000
0.332981 4.006580
6.610780 0.000000
0.142828 4.017855
6.610780 0.000000
-0.037314 4.020220
6.610780 0.000000
-0.207438 4.015038
6.610780 0.000000
-0.367688 4.003544
6.610780 0.000000
-0.518325 3.986841
6.610780 0.000000
-0.659694 3.965900
6.610780 0.000000
-0.792198 3.941571
6.610780 0.000000
-0.916279 3.914587
6.610780 0.000000
-1.032401 3.885577
6.610780 0.000000
-1.141034 3.855075
6.610780 0.000000
-1.242648 3.823530
6.610780 0.000000
-1.337703 3.791320
6.610780 0.000000
-1.426646 3.758755
6.610780 0.000000
-1.509907 3.726089
6.610780 0.000000
-1.587895 3.693528
6.610780 0.000000
-1.661000 3.661235
6.610780 0.000000
-1.729588 3.629337
6.610780 0.000000
-1.794006 3.597930
6.610780 0.000000
-1.854580 3.567085
6.610780 0.000000
-1.911615 3.536847
6.610780 0.000000
-1.965399 3.507244
6.610780 0.000000
-2.016201 3.478289
6.610780 0.000000
-2.064272 3.449977
6.610780 0.000000
-2.109850 3.422293
6.610780 0.000000
-2.153156 3.395214
6.610780 0.000000
-2.194400 3.368704
6.610780 0.000000
-2.233778 3.342723
6.610780 0.000000
-2.271476 3.317221
6.610780 0.000000
-2.307669 3.292145
6.610780 0.000000
-2.342524 3.267437
6.610780 0.000000
-2.376197 3.243030
6.610780 0.000000
-2.408839 3.218859
6.610780 0.000000
-2.440593 3.194849
6.610780 0.000000
-2.471596 3.170926
6.610780 0.000000
-2.501979 3.147008
6.610780 0.000000
-2.531868 3.123012
6.610780 0.000000
-2.561384 3.098850
6.610780 0.000000
-2.590645 3.074430
6.610780 0.000000
-2.619765 3.049654
6.610780 0.000000
-2.648853 3.024423
6.610780 0.000000
-2.678017 2.998630
6.610780 0.000000
-2.707362 2.972163
6.610780 0.000000
-2.736987 2.944904
6.610780 0.000000
-2.766993 2.916729
6.610780 0.000000
-2.797474 2.887508
6.610780 0.000000
-2.828524 2.857099
6.610780 0.000000
-2.860233 2.825354
6.610780 0.000000
-2.892688 2.792117
6.610780 0.000000
-2.925972 2.757217
6.610780 0.000000
-2.960164 2.720475
6.610780 0.000000
-2.995339 2.681698
6.610780 0.000000
-3.031565 2.640677
6.610780 0.000000
-3.068903 2.597190
6.610780 0.000000
-3.107406 2.550997
6.610780 0.000000
-3.147119 2.501840
6.610780 0.000000
-3.188072 2.449440
6.610780 0.000000
-3.230283 2.393498
6.610780 0.000000
-3.273751 2.333692
6.610780 0.000000
-3.318455 2.269673
6.610780 0.000000
-3.364351 2.201068
6.610780 0.000000
-3.411363 2.127477
6.610780 0.000000
-3.459382 2.048471
6.610780 0.000000
-3.508256 1.963593
6.610780 0.000000
-3.557785 1.872359
6.610780 0.000000
-3.607711 1.774256
6.610780 0.000000
-3.657709 1.668748
6.610780 0.000000
-3.707379 1.555282
6.610780 0.000000
-3.756227 1.433288
6.610780 0.000000
-3.803662 1.302196
6.610780 0.000000
-3.848975 1.161443
6.610780 0.000000
-3.891331 1.010494
6.610780 0.000000
-3.929757 0.848861
6.610780 0.000000
-3.963130 0.676133
6.610780 0.000000
-3.990174 0.492009
6.610780 0.000000
-4.009457 0.296335
6.610780 0.000000
-4.019404 0.089155
6.610780 0.000000
-4.018315 -0.129246
6.610780 0.000000
-4.004396 -0.358285
6.610780 0.000000
-3.975816 -0.597033
6.610780 0.000000
-3.930767 -0.844172
6.610780 0.000000
-3.867560 -1.097971
6.610780 0.000000
-3.784718 -1.356270
6.610780 0.000000
-3.681093 -1.616512
6.610780 0.000000
-3.555976 -1.875791
6.610780 0.000000
-3.409194 -2.130951
6.610780 0.000000
-3.241189 -2.378709
6.610780 0.000000
-3.053047 -2.615810
6.610780 0.000000
-2.846496 -2.839193
6.610780 0.000000
-2.623837 -3.046151
6.610780 0.000000
-2.387839 -3.234468
6.610780 0.000000
-2.141597 -3.402517
6.610780 0.000000
-1.888366 -3.549314
6.610780 0.000000
-1.631402 -3.674518
6.610780 0.000000
-1.373810 -3.778386
6.610780 0.000000
-1.118425 -3.861694
6.610780 0.000000
-0.867727 -3.925635
6.610780 0.000000
-0.623792 -3.971705
6.610780 0.000000
-0.388277 -4.001600
6.610780 0.000000
-0.162429 -4.017110
6.610780 0.000000
0.052881 -4.020045
6.610780 0.000000
0.257116 -4.012163
6.610780 0.000000
0.450024 -3.995127
6.610780 0.000000
0.631584 -3.970474
6.610780 0.000000
0.801963 -3.939596
6.610780 0.000000
0.961467 -3.903734
6.610780 0.000000
1.110506 -3.863979
6.610780 0.000000
1.249562 -3.821276
6.610780 0.000000
1.379159 -3.776437
6.610780 0.000000
1.499848 -3.730149
6.610780 0.000000
1.612188 -3.682989
6.610780 0.000000
1.716732 -3.635435
6.610780 0.000000
1.814021 -3.587880
6.610780 0.000000
1.904578 -3.540642
6.610780 0.000000
1.988900 -3.493971
6.610780 0.000000
2.067461 -3.448067
6.610780 0.000000
2.140706 -3.403078
6.610780 0.000000
2.209053 -3.359113
6.610780 0.000000
2.272895 -3.316249
6.610780 0.000000
2.332595 -3.274532
6.610780 0.000000
2.388494 -3.233985
6.610780 0.000000
2.440907 -3.194610
6.610780 0.000000
2.490130 -3.156392
6.610780 0.000000
2.536435 -3.119304
6.610780 0.000000
2.580076 -3.083305
6.610780 0.000000
2.621289 -3.048344
6.610780 0.000000
2.660294 -3.014364
6.610780 0.000000
2.697297 -2.981299
6.610780 0.000000
2.732489 -2.949079
6.610780 0.000000
2.766047 -2.917626
6.610780 0.000000
2.798141 -2.886860
6.610780 0.000000
2.828928 -2.856699
6.610780 0.000000
2.858554 -2.827053
6.610780 0.000000
2.887160 -2.797832
6.610780 0.000000
2.914878 -2.768943
6.610780 0.000000
2.941832 -2.740289
6.610780 0.000000
2.968140 -2.711771
6.610780 0.000000
2.993915 -2.683287
6.610780 0.000000
3.019265 -2.654732
6.610780 0.000000
3.044291 -2.625995
6.610780 0.000000
3.069092 -2.596966
6.610780 0.000000
3.093761 -2.567528
6.610780 0.000000
3.118389 -2.537560
6.610780 0.000000
3.143060 -2.506937
6.610780 0.000000
3.167858 -2.475527
6.610780 0.000000
3.192860 -2.443195
6.610780 0.000000
3.218142 -2.409797
6.610780 0.000000
3.243773 -2.375183
6.610780 0.000000
3.269821 -2.339194
6.610780 0.000000
3.296347 -2.301663
6.610780 0.000000
3.323408 -2.262414
6.610780 0.000000
3.351055 -2.221259
6.610780 0.000000
3.379332 -2.177998
6.610780 0.000000
3.408275 -2.132421
6.610780 0.000000
3.437913 -2.084302
6.610780 0.000000
3.468263 -2.033399
6.610780 0.000000
3.499330 -1.979457
6.610780 0.000000
3.531105 -1.922201
6.610780 0.000000
3.563562 -1.861339
6.610780 0.000000
3.596657 -1.796558
6.610780 0.000000
3.630319 -1.727525
6.610780 0.000000
3.664454 -1.653885
6.610780 0.000000
3.698934 -1.575261
6.610780 0.000000
3.733593 -1.491256
6.610780 0.000000
3.768223 -1.401448
6.610780 0.000000
3.802565 -1.305397
6.610780 0.000000
3.836301 -1.202643
6.610780 0.000000
3.869048 -1.092715
6.610780 0.000000
3.900343 -0.975130
6.610780 0.000000
3.929640 -0.849406
6.610780 0.000000
3.956291 -0.715068
6.610780 0.000000
3.979542 -0.571665
6.610780 0.000000
3.998522 -0.418787
6.610780 0.000000
4.012229 -0.256086
6.610780 0.000000
4.019530 -0.083303
6.610780 0.000000
4.019157 0.099697
6.610780 0.000000
4.009710 0.292891
6.610780 0.000000
3.989673 0.496053
6.610780 0.000000
3.957435 0.708710
6.610780 0.000000
3.911327 0.930096
6.610780 0.000000
3.849679 1.159106
6.610780 0.000000
3.770885 1.394268
6.610780 0.000000
3.673490 1.633716
6.610780 0.000000
3.556290 1.875196
6.610780 0.000000
3.418435 2.116096
6.610780 0.000000
3.259536 2.353504
6.610780 0.000000
3.079753 2.584314
6.610780 0.000000
2.879857 2.805349
6.610780 0.000000
2.661257 3.013514
6.610780 0.000000
2.425977 3.205962
6.610780 0.000000
2.176582 3.380244
6.610780 0.000000
1.916063 3.534439
6.610780 0.000000
1.647684 3.667246
6.610780 0.000000
1.374819 3.778019
6.610780 0.000000
1.100783 3.866760
6.610780 0.000000
0.828685 3.934061
6.610780 0.000000
0.561312 3.981016
6.610780 0.000000
0.301051 4.009105
6.610780 0.000000
0.049846 4.020084
6.610780 0.000000
-0.190810 4.015862
6.610780 0.000000
-0.419851 3.998410
6.610780 0.000000
-0.636601 3.969672
6.610780 0.000000
-0.840724 3.931506
6.610780 0.000000
-1.032163 3.885640
6.610780 0.000000
-1.211089 3.833643
6.610780 0.000000
-1.377847 3.776916
6.610780 0.000000
-1.532909 3.716685
6.610780 0.000000
-1.676836 3.654009
6.610780 0.000000
-1.810242 3.589789
6.610780 0.000000
-1.933772 3.524781
6.610780 0.000000
-2.048082 3.459612
6.610780 0.000000
-2.153819 3.394793
6.610780 0.000000
-2.251613 3.330735
6.610780 0.000000
-2.342071 3.267761
6.610780 0.000000
-2.425767 3.206121
6.610780 0.000000
-2.503246 3.146000
6.610780 0.000000
-2.575016 3.087532
6.610780 0.000000
-2.641550 3.030804
6.610780 0.000000
-2.703290 2.975867
6.610780 0.000000
-2.760642 2.922741
6.610780 0.000000
-2.813985 2.871419
6.610780 0.000000
-2.863665 2.821875
6.610780 0.000000
-2.910003 2.774065
6.610780 0.000000
-2.953294 2.727932
6.610780 0.000000
-2.993810 2.683405
6.610780 0.000000
-3.031800 2.640407
6.610780 0.000000
-3.067495 2.598852
6.610780 0.000000
-3.101109 2.558648
6.610780 0.000000
-3.132838 2.519700
6.610780 0.000000
-3.162862 2.481907
6.610780 0.000000
-3.191351 2.445166
6.610780 0.000000
-3.218460 2.409372
6.610780 0.000000
-3.244334 2.374417
6.610780 0.000000
-3.269108 2.340191
6.610780 0.000000
-3.292907 2.306582
6.610780 0.000000
-3.315849 2.273479
6.610780 0.000000
-3.338043 2.240765
6.610780 0.000000
-3.359592 2.208325
6.610780 0.000000
-3.380593 2.176040
6.610780 0.000000
-3.401136 2.143790
6.610780 0.000000
-3.421306 2.111451
6.610780 0.000000
-3.441184 2.078897
6.610780 0.000000
-3.460844 2.046001
6.610780 0.000000
-3.480357 2.012629
6.610780 0.000000
-3.499789 1.978645
6.610780 0.000000
-3.519202 1.943908
6.610780 0.000000
-3.538652 1.908272
6.610780 0.000000
-3.558191 1.871587
6.610780 0.000000
-3.577867 1.833693
6.610780 0.000000
-3.597720 1.794426
6.610780 0.000000
-3.617789 1.753615
6.610780 0.000000
-3.638100 1.711077
6.610780 0.000000
-3.658678 1.666623
6.610780 0.000000
-3.679537 1.620052
6.610780 0.000000
-3.700680 1.571153
6.610780 0.000000
-3.722104 1.519703
6.610780 0.000000
-3.743791 1.465466
6.610780 0.000000
-3.765708 1.408191
6.610780 0.000000
-3.787809 1.347614
6.610780 0.000000
-3.810027 1.283455
6.610780 0.000000
-3.832273 1.215417
6.610780 0.000000
-3.854436 1.143190
6.610780 0.000000
-3.876372 1.066441
6.610780 0.000000
-3.897906 0.984827
6.610780 0.000000
-3.918824 0.897983
6.610780 0.000000
-3.938867 0.805534
6.610780 0.000000
-3.957725 0.707088
6.610780 0.000000
-3.975029 0.602246
6.610780 0.000000
-3.990347 0.490605
6.610780 0.000000
-4.003168 0.371760
6.610780 0.000000
-4.012901 0.245317
6.610780 0.000000
-4.018863 0.110906
6.610780 0.000000
-4.020267 -0.031813
6.610780 0.000000
-4.016220 -0.183123
6.610780 0.000000
-4.005714 -0.343235
6.610780 0.000000
-3.987625 -0.512258
6.610780 0.000000
-3.960711 -0.690167
6.610780 0.000000
-3.923624 -0.876773
6.610780 0.000000
-3.874928 -1.071678
6.610780 0.000000
-3.813119 -1.274238
6.610780 0.000000
-3.736673 -1.483522
6.610780 0.000000
-3.644094 -1.698274
6.610780 0.000000
-3.533990 -1.916891
6.610780 0.000000
-3.405151 -2.137406
6.610780 0.000000
-3.256648 -2.357499
6.610780 0.000000
-3.087930 -2.574538
6.610780 0.000000
-2.898922 -2.785644
6.610780 0.000000
-2.690102 -2.987793
6.610780 0.000000
-2.462557 -3.177951
6.610780 0.000000
-2.217994 -3.353217
6.610780 0.000000
-1.958704 -3.510988
6.610780 0.000000
-1.687486 -3.649103
6.610780 0.000000
-1.407515 -3.765961
6.610780 0.000000
-1.122191 -3.860602
6.610780 0.000000
-0.834963 -3.932734
6.610780 0.000000
-0.549169 -3.982709
6.610780 0.000000
-0.267881 -4.011458
6.610780 0.000000
0.006195 -4.020388
6.610780 0.000000
0.270801 -4.011262
6.610780 0.000000
0.524158 -3.986078
6.610780 0.000000
0.764958 -3.946948
6.610780 0.000000
0.992344 -3.895999
6.610780 0.000000
1.205853 -3.835294
6.610780 0.000000
1.405361 -3.766765
6.610780 0.000000
1.591021 -3.692182
6.610780 0.000000
1.763201 -3.613126
6.610780 0.000000
1.922427 -3.530982
6.610780 0.000000
2.069338 -3.446941
6.610780 0.000000
2.204643 -3.362009
6.610780 0.000000
2.329089 -3.277027
6.610780 0.000000
2.443434 -3.192678
6.610780 0.000000
2.548430 -3.109512
6.610780 0.000000
2.644807 -3.027962
6.610780 0.000000
2.733264 -2.948360
6.610780 0.000000
2.814464 -2.870950
6.610780 0.000000
2.889027 -2.795904
6.610780 0.000000
2.957532 -2.723336
6.610780 0.000000
3.020516 -2.653308
6.610780 0.000000
3.078472 -2.585840
6.610780 0.000000
3.131855 -2.520921
6.610780 0.000000
3.181081 -2.458512
6.610780 0.000000
3.226533 -2.398551
6.610780 0.000000
3.268557 -2.340960
6.610780 0.000000
3.307472 -2.285649
6.610780 0.000000
3.343567 -2.232514
6.610780 0.000000
3.377106 -2.181447
6.610780 0.000000
3.408331 -2.132331
6.610780 0.000000
3.437462 -2.085045
6.610780 0.000000
3.464699 -2.039466
6.610780 0.000000
3.490224 -1.995468
6.610780 0.000000
3.514207 -1.952923
6.610780 0.000000
3.536800 -1.911702
6.610780 0.000000
3.558144 -1.871677
6.610780 0.000000
3.578367 -1.832717
6.610780 0.000000
3.597587 -1.794693
6.610780 0.000000
3.615915 -1.757475
6.610780 0.000000
3.633449 -1.720933
6.610780 0.000000
3.650281 -1.684935
6.610780 0.000000
3.666497 -1.649351
6.610780 0.000000
3.682174 -1.614048
6.610780 0.000000
3.697385 -1.578893
6.610780 0.000000
3.712195 -1.543751
6.610780 0.000000
3.726664 -1.508486
6.610780 0.000000
3.740848 -1.472960
6.610780 0.000000
3.754797 -1.437031
6.610780 0.000000
3.768555 -1.400555
6.610780 0.000000
3.782161 -1.363385
6.610780 0.000000
3.795650 -1.325368
6.610780 0.000000
3.809051 -1.286348
6.610780 0.000000
3.822386 -1.246164
6.610780 0.000000
3.835672 -1.204648
6.610780 0.000000
3.848920 -1.161626
6.610780 0.000000
3.862131 -1.116917
6.610780 0.000000
3.875300 -1.070333
6.610780 0.000000
3.888411 -1.021675
6.610780 0.000000
3.901439 -0.970738
6.610780 0.000000
3.914347 -0.917304
6.610780 0.000000
3.927083 -0.861148
6.610780 0.000000
3.939582 -0.802031
6.610780 0.000000
3.951759 -0.739702
6.610780 0.000000
3.963511 -0.673901
6.610780 0.000000
3.974710 -0.604352
6.610780 0.000000
3.985203 -0.530770
6.610780 0.000000
3.994807 -0.452855
6.610780 0.000000
4.003303 -0.370297
6.610780 0.000000
4.010436 -0.282775
6.610780 0.000000
4.015903 -0.189961
6.610780 0.000000
4.019351 -0.091522
6.610780 0.000000
4.020372 0.012880
6.610780 0.000000
4.018493 0.123575
6.610780 0.000000
4.013170 0.240885
6.610780 0.000000
4.003780 0.365111
6.610780 0.000000
3.989615 0.496522
6.610780 0.000000
3.969874 0.635342
6.610780 0.000000
3.943660 0.781732
6.610780 0.000000
3.909974 0.935767
6.610780 0.000000
3.867719 1.097411
6.610780 0.000000
3.815699 1.266491
6.610780 0.000000
3.752638 1.442659
6.610780 0.000000
3.677194 1.625362
6.610780 0.000000
3.587991 1.813802
6.610780 0.000000
3.483661 2.006904
6.610780 0.000000
3.362899 2.203286
6.610780 0.000000
3.224532 2.401239
6.610780 0.000000
3.067603 2.598725
6.610780 0.000000
2.891457 2.793392
6.610780 0.000000
2.695837 2.982620
6.610780 0.000000
2.480972 3.163596
6.610780 0.000000
2.247644 3.333415
6.610780 0.000000
1.997234 3.489214
6.610780 0.000000
1.731717 3.628321
6.610780 0.000000
1.453626 3.748404
6.610780 0.000000
1.165953 3.847611
6.610780 0.000000
0.872024 3.924682
6.610780 0.000000
0.575331 3.979014
6.610780 0.000000
0.279360 4.010675
6.610780 0.000000
-0.012572 4.020373
6.610780 0.000000
-0.297462 4.009373
6.610780 0.000000
-0.572729 3.979389
6.610780 0.000000
-0.836274 3.932455
6.610780 0.000000
-1.086510 3.870795
6.610780 0.000000
-1.322346 3.796704
6.610780 0.000000
-1.543147 3.712446
6.610780 0.000000
-1.748684 3.620175
6.610780 0.000000
-1.939057 3.521877
6.610780 0.000000
-2.114635 3.419339
6.610780 0.000000
-2.275987 3.314127
6.610780 0.000000
-2.423824 3.207590
6.610780 0.000000
-2.558948 3.100861
6.610780 0.000000
-2.682213 2.994877
6.610780 0.000000
-2.794490 2.890395
6.610780 0.000000
-2.896644 2.788012
6.610780 0.000000
-2.989516 2.688188
6.610780 0.000000
-3.073908 2.591264
6.610780 0.000000
-3.150578 2.497481
6.610780 0.000000
-3.220236 2.406997
6.610780 0.000000
-3.283538 2.319901
6.610780 0.000000
-3.341087 2.236224
6.610780 0.000000
-3.393438 2.155953
6.610780 0.000000
-3.441097 2.079040
6.610780 0.000000
-3.484523 2.005407
6.610780 0.000000
-3.524133 1.934953
6.610780 0.000000
-3.560305 1.867561
6.610780 0.000000
-3.593380 1.803102
6.610780 0.000000
-3.623667 1.741436
6.610780 0.000000
-3.651442 1.682417
6.610780 0.000000
-3.676958 1.625896
6.610780 0.000000
-3.700440 1.571719
6.610780 0.000000
-3.722093 1.519732
6.610780 0.000000
-3.742099 1.469781
6.610780 0.000000
-3.760624 1.421711
6.610780 0.000000
-3.777819 1.375370
6.610780 0.000000
-3.793817 1.330606
6.610780 0.000000
-3.808740 1.287267
6.610780 0.000000
-3.822698 1.245205
6.610780 0.000000
-3.835790 1.204272
6.610780 0.000000
-3.848105 1.164322
6.610780 0.000000
-3.859723 1.125210
6.610780 0.000000
-3.870716 1.086791
6.610780 0.000000
-3.881149 1.048923
6.610780 0.000000
-3.891080 1.011462
6.610780 0.000000
-3.900560 0.974266
6.610780 0.000000
-3.909633 0.937190
6.610780 0.000000
-3.918341 0.900092
6.610780 0.000000
-3.926715 0.862825
6.610780 0.000000
-3.934785 0.825243
6.610780 0.000000
-3.942573 0.787197
6.610780 0.000000
-3.950095 0.748536
6.610780 0.000000
-3.957364 0.709106
6.610780 0.000000
-3.964383 0.668748
6.610780 0.000000
-3.971152 0.627301
6.610780 0.000000
-3.977663 0.584598
6.610780 0.000000
-3.983899 0.540469
6.610780 0.000000
-3.989837 0.494734
6.610780 0.000000
-3.995442 0.447212
6.610780 0.000000
-4.000673 0.397712
6.610780 0.000000
-4.005473 0.346035
6.610780 0.000000
-4.009776 0.291979
6.610780 0.000000
-4.013500 0.235327
6.610780 0.000000
-4.016545 0.175861
6.610780 0.000000
-4.018795 0.113347
6.610780 0.000000
-4.020112 0.047549
6.610780 0.000000
-4.020334 -0.021783
6.610780 0.000000
-4.019273 -0.094905
6.610780 0.000000
-4.016709 -0.172079
6.610780 0.000000
-4.012388 -0.253575
6.610780 0.000000
-4.006019 -0.339667
6.610780 0.000000
-3.997263 -0.430631
6.610780 0.000000
-3.985737 -0.526741
6.610780 0.000000
-3.971000 -0.628267
6.610780 0.000000
-3.952550 -0.735463
6.610780 0.000000
-3.929821 -0.848567
6.610780 0.000000
-3.902172 -0.967786
6.610780 0.000000
-3.868886 -1.093289
6.610780 0.000000
-3.829161 -1.225187
6.610780 0.000000
-3.782113 -1.363518
6.610780 0.000000
-3.726768 -1.508230
6.610780 0.000000
-3.662072 -1.659152
6.610780 0.000000
-3.586896 -1.815967
6.610780 0.000000
-3.500048 -1.978186
6.610780 0.000000
-3.400300 -2.145116
6.610780 0.000000
-3.286414 -2.315824
6.610780 0.000000
-3.157194 -2.489113
6.610780 0.000000
-3.011533 -2.663499
6.610780 0.000000
-2.848485 -2.837198
6.610780 0.000000
-2.667344 -3.008128
6.610780 0.000000
-2.467730 -3.173936
6.610780 0.000000
-2.249670 -3.332048
6.610780 0.000000
-2.013683 -3.479747
6.610780 0.000000
-1.760836 -3.614279
6.610780 0.000000
-1.492777 -3.732985
6.610780 0.000000
-1.211724 -3.833443
6.610780 0.000000
-0.920413 -3.913617
6.610780 0.000000
-0.621997 -3.971987
6.610780 0.000000
-0.319907 -4.007645
6.610780 0.000000
-0.017687 -4.020354
6.610780 0.000000
0.281180 -4.010548
6.610780 0.000000
0.573438 -3.979287
6.610780 0.000000
0.856197 -3.928166
6.610780 0.000000
1.127030 -3.859192
6.610780 0.000000
1.384034 -3.774654
6.610780 0.000000
1.625840 -3.676983
6.610780 0.000000
1.851595 -3.568635
6.610780 0.000000
2.060912 -3.451985
6.610780 0.000000
2.253801 -3.329255
6.610780 0.000000
2.430601 -3.202458
6.610780 0.000000
2.591900 -3.073371
6.610780 0.000000
2.738471 -2.943524
6.610780 0.000000
2.871205 -2.814204
6.610780 0.000000
2.991064 -2.686465
6.610780 0.000000
3.099040 -2.561154
6.610780 0.000000
3.196121 -2.438928
6.610780 0.000000
3.283267 -2.320284
6.610780 0.000000
3.361397 -2.205577
6.610780 0.000000
3.431377 -2.095044
6.610780 0.000000
3.494012 -1.988829
6.610780 0.000000
3.550045 -1.886992
6.610780 0.000000
3.600157 -1.789533
6.610780 0.000000
3.644967 -1.696399
6.610780 0.000000
3.685038 -1.607498
6.610780 0.000000
3.720876 -1.522708
6.610780 0.000000
3.752937 -1.441883
6.610780 0.000000
3.781628 -1.364861
6.610780 0.000000
3.807317 -1.291469
6.610780 0.000000
3.830331 -1.221526
6.610780 0.000000
3.850960 -1.154844
6.610780 0.000000
3.869465 -1.091236
6.610780 0.000000
3.886078 -1.030514
6.610780 0.000000
3.901003 -0.972488
6.610780 0.000000
3.914424 -0.916975
6.610780 0.000000
3.926503 -0.863789
6.610780 0.000000
3.937384 -0.812753
6.610780 0.000000
3.947194 -0.763689
6.610780 0.000000
3.956045 -0.716425
6.610780 0.000000
3.964038 -0.670792
6.610780 0.000000
3.971260 -0.626623
6.610780 0.000000
3.977787 -0.583756
6.610780 0.000000
3.983687 -0.542032
6.610780 0.000000
3.989018 -0.501293
6.610780 0.000000
3.993830 -0.461386
6.610780 0.000000
3.998167 -0.422158
6.610780 0.000000
4.002064 -0.383457
6.610780 0.000000
4.005551 -0.345135
6.610780 0.000000
4.008651 -0.307043
6.610780 0.000000
4.011381 -0.269031
6.610780 0.000000
4.013754 -0.230951
6.610780 0.000000
4.015774 -0.192655
6.610780 0.000000
4.017443 -0.153992
6.610780 0.000000
4.018753 -0.114810
6.610780 0.000000
4.019694 -0.074956
6.610780 0.000000
4.020247 -0.034275
6.610780 0.000000
4.020386 0.007393
6.610780 0.000000
4.020079 0.050209
6.610780 0.000000
4.019286 0.094339
6.610780 0.000000
4.017956 0.139953
6.610780 0.000000
4.016031 0.187225
6.610780 0.000000
4.013441 0.236333
6.610780 0.000000
4.010103 0.287463
6.610780 0.000000
4.005922 0.340805
6.610780 0.000000
4.000788 0.396553
6.610780 0.000000
3.994573 0.454910
6.610780 0.000000
3.987131 0.516083
6.610780 0.000000
3.978295 0.580282
6.610780 0.000000
3.967872 0.647727
6.610780 0.000000
3.955644 0.718638
6.610780 0.000000
3.941362 0.793239
6.610780 0.000000
3.924742 0.871755
6.610780 0.000000
3.905465 0.954411
6.610780 0.000000
3.883168 1.041426
6.610780 0.000000
3.857440 1.133013
6.610780 0.000000
3.827820 1.229371
6.610780 0.000000
3.793791 1.330679
6.610780 0.000000
3.754774 1.437090
6.610780 0.000000
3.710125 1.548719
6.610780 0.000000
3.659129 1.665633
6.610780 0.000000
3.601000 1.787836
6.610780 0.000000
3.534879 1.915252
6.610780 0.000000
3.459836 2.047704
6.610780 0.000000
3.374875 2.184897
6.610780 0.000000
3.278947 2.326385
6.610780 0.000000
3.170960 2.471552
6.610780 0.000000
3.049812 2.619581
6.610780 0.000000
2.914420 2.769425
6.610780 0.000000
2.763763 2.919789
6.610780 0.000000
2.596941 3.069113
6.610780 0.000000
2.413238 3.215562
6.610780 0.000000
2.212199 3.357043
6.610780 0.000000
1.993706 3.491231
6.610780 0.000000
1.758065 3.615628
6.610780 0.000000
1.506064 3.727644
6.610780 0.000000
1.239035 3.824703
6.610780 0.000000
0.958864 3.904374
6.610780 0.000000
0.667979 3.964513
6.610780 0.000000
0.369283 4.003397
6.610780 0.000000
0.066049 4.019850
6.610780 0.000000
-0.238226 4.013329
6.610780 0.000000
-0.539988 3.983964
6.610780 0.000000
-0.835801 3.932556
6.610780 0.000000
-1.122511 3.860509
6.610780 0.000000
-1.397376 3.769735
6.610780 0.000000
-1.658163 3.662520
6.610780 0.000000
-1.903190 3.541388
6.610780 0.000000
-2.131336 3.408954
6.610780 0.000000
-2.342005 3.267808
6.610780 0.000000
-2.535072 3.120412
6.610780 0.000000
-2.710801 2.969026
6.610780 0.000000
-2.869773 2.815663
6.610780 0.000000
-3.012800 2.662066
6.610780 0.000000
-3.140854 2.509700
6.610780 0.000000
-3.255003 2.359770
6.610780 0.000000
-3.356363 2.213229
6.610780 0.000000
-3.446053 2.070816
6.610780 0.000000
-3.525166 1.933072
6.610780 0.000000
-3.594747 1.800375
6.610780 0.000000
-3.655782 1.672967
6.610780 0.000000
-3.709183 1.550973
6.610780 0.000000
-3.755793 1.434427
6.610780 0.000000
-3.796375 1.323288
6.610780 0.000000
-3.831624 1.217462
