cos() sin()
6.920559 0.000000
6.920810 -0.000007
6.921563 -0.000058
6.922813 -0.000195
6.924557 -0.000462
6.926789 -0.000900
6.929500 -0.001553
6.932680 -0.002462
6.936317 -0.003667
6.940399 -0.005209
6.944911 -0.007126
6.949835 -0.009457
6.955155 -0.012238
6.960849 -0.015504
6.966898 -0.019290
6.973280 -0.023628
6.979971 -0.028551
6.986946 -0.034086
6.994180 -0.040263
7.001646 -0.047108
7.009318 -0.054644
7.017166 -0.062895
7.025162 -0.071880
7.033277 -0.081620
7.041480 -0.092131
7.049741 -0.103427
7.058029 -0.115522
7.066314 -0.128426
7.074565 -0.142148
7.082751 -0.156695
7.090841 -0.172073
7.098804 -0.188283
7.106610 -0.205326
7.114230 -0.223203
7.121633 -0.241909
7.128792 -0.261441
7.135677 -0.281791
7.142261 -0.302951
7.148518 -0.324912
7.154422 -0.347661
7.159947 -0.371185
7.165071 -0.395471
7.169771 -0.420501
7.174023 -0.446258
7.177810 -0.472723
7.181110 -0.499876
7.183906 -0.527696
7.186182 -0.556161
7.187922 -0.585247
7.189112 -0.614931
7.189740 -0.645188
7.189795 -0.675991
7.189266 -0.707316
7.188146 -0.739136
7.186427 -0.771422
7.184105 -0.804148
7.181175 -0.837287
7.177635 -0.870810
7.173484 -0.904688
7.168722 -0.938896
7.163350 -0.973403
7.157372 -1.008183
7.150792 -1.043208
7.143615 -1.078451
7.135848 -1.113885
7.127500 -1.149483
7.118580 -1.185220
7.109097 -1.221070
7.099065 -1.257009
7.088494 -1.293011
7.077398 -1.329055
7.065792 -1.365118
7.053692 -1.401178
7.041113 -1.437214
7.028072 -1.473206
7.014587 -1.509135
7.000676 -1.544984
6.986358 -1.580736
6.971652 -1.616374
6.956578 -1.651885
6.941156 -1.687253
6.925407 -1.722468
6.909351 -1.757516
6.893010 -1.792389
6.876405 -1.827076
6.859557 -1.861570
6.842488 -1.895863
6.825218 -1.929950
6.807769 -1.963826
6.790161 -1.997488
6.772417 -2.030932
6.754555 -2.064158
6.736597 -2.097164
6.718563 -2.129953
6.700471 -2.162524
6.682341 -2.194881
6.664191 -2.227027
6.646039 -2.258967
6.627903 -2.290706
6.609798 -2.322250
6.591742 -2.353606
6.573748 -2.384781
6.555833 -2.415785
6.538008 -2.446625
6.520288 -2.477313
6.502684 -2.507857
6.485208 -2.538269
6.467869 -2.568561
6.450677 -2.598743
6.433640 -2.628827
6.416766 -2.658827
6.400061 -2.688755
6.383531 -2.718624
6.367180 -2.748446
6.351012 -2.778235
6.335029 -2.808004
6.319233 -2.837766
6.303625 -2.867534
6.288204 -2.897322
6.272970 -2.927142
6.257918 -2.957007
6.243048 -2.986929
6.228354 -3.016920
6.213832 -3.046993
6.199475 -3.077157
6.185277 -3.107425
6.171231 -3.137807
6.157328 -3.168312
6.143559 -3.198949
6.129914 -3.229727
6.116383 -3.260654
6.102955 -3.291736
6.089617 -3.322981
6.076358 -3.354394
6.063165 -3.385980
6.050024 -3.417742
6.036921 -3.449684
6.023843 -3.481808
6.010774 -3.514114
5.997701 -3.546603
5.984606 -3.579275
5.971477 -3.612127
5.958296 -3.645157
5.945048 -3.678360
5.931719 -3.711733
5.918292 -3.745270
5.904751 -3.778962
5.891082 -3.812803
5.877269 -3.846784
5.863298 -3.880894
5.849153 -3.915123
5.834821 -3.949458
5.820287 -3.983887
5.805538 -4.018395
5.790562 -4.052967
5.775345 -4.087589
5.759876 -4.122242
5.744143 -4.156910
5.728138 -4.191573
5.711849 -4.226213
5.695268 -4.260809
5.678388 -4.295341
5.661200 -4.329786
5.643699 -4.364124
5.625880 -4.398330
5.607738 -4.432383
5.589270 -4.466257
5.570475 -4.499929
5.551351 -4.533375
5.531898 -4.566568
5.512118 -4.599485
5.492012 -4.632100
5.471585 -4.664386
5.450842 -4.696320
5.429788 -4.727875
5.408430 -4.759025
5.386778 -4.789745
5.364839 -4.820011
5.342626 -4.849798
5.320150 -4.879080
5.297425 -4.907835
5.274464 -4.936038
5.251284 -4.963667
5.227899 -4.990699
5.204329 -5.017113
5.180592 -5.042889
5.156708 -5.068006
5.132696 -5.092445
5.108580 -5.116189
5.084380 -5.139221
5.060121 -5.161526
5.035826 -5.183088
5.011520 -5.203895
4.987228 -5.223935
4.962977 -5.243197
4.938792 -5.261673
4.914701 -5.279355
4.890731 -5.296237
4.866908 -5.312314
4.843262 -5.327584
4.819819 -5.342045
4.796607 -5.355699
4.773654 -5.368546
4.750987 -5.380592
4.728634 -5.391841
4.706622 -5.402302
4.684977 -5.411982
4.663725 -5.420893
4.642891 -5.429047
4.622500 -5.436459
4.602576 -5.443145
4.583141 -5.449121
4.564218 -5.454408
4.545827 -5.459026
4.527988 -5.462998
4.510720 -5.466347
4.494039 -5.469099
4.477962 -5.471281
4.462502 -5.472920
4.447672 -5.474047
4.433483 -5.474691
4.419944 -5.474885
4.407064 -5.474661
4.394848 -5.474052
4.383300 -5.473094
4.372423 -5.471821
4.362216 -5.470270
4.352678 -5.468477
4.343806 -5.466479
4.335594 -5.464314
4.328034 -5.462018
4.321117 -5.459629
4.314832 -5.457186
4.309165 -5.454725
4.304102 -5.452285
4.299624 -5.449901
4.295714 -5.447612
4.292349 -5.445451
4.289509 -5.443456
4.287167 -5.441661
4.285299 -5.440100
4.283876 -5.438804
4.282870 -5.437807
4.282250 -5.437138
4.281985 -5.436827
4.282041 -5.436902
4.282384 -5.437390
4.282978 -5.438315
4.283788 -5.439701
4.284776 -5.441570
4.285904 -5.443942
4.287134 -5.446835
4.288426 -5.450267
4.289742 -5.454251
4.291040 -5.458802
4.292282 -5.463929
4.293428 -5.469643
4.294436 -5.475950
4.295268 -5.482857
4.295884 -5.490365
4.296245 -5.498477
4.296312 -5.507193
4.296047 -5.516510
4.295413 -5.526424
4.294374 -5.536930
4.292894 -5.548019
4.290938 -5.559683
4.288473 -5.571910
4.285468 -5.584687
4.281890 -5.598002
4.277712 -5.611836
4.272903 -5.626175
4.267439 -5.640999
4.261294 -5.656289
4.254445 -5.672024
4.246869 -5.688181
4.238548 -5.704739
4.229461 -5.721672
4.219595 -5.738958
4.208932 -5.756569
4.197461 -5.774480
4.185171 -5.792665
4.172051 -5.811097
4.158096 -5.829748
4.143299 -5.848590
4.127656 -5.867595
4.111166 -5.886737
4.093828 -5.905987
4.075645 -5.925316
4.056619 -5.944699
4.036755 -5.964106
4.016060 -5.983512
3.994542 -6.002890
3.972212 -6.022214
3.949080 -6.041458
3.925158 -6.060598
3.900462 -6.079609
3.875007 -6.098469
3.848809 -6.117155
3.821886 -6.135645
3.794257 -6.153919
3.765942 -6.171957
3.736962 -6.189741
3.707339 -6.207254
3.677096 -6.224478
3.646256 -6.241399
3.614844 -6.258003
3.582883 -6.274277
3.550400 -6.290209
3.517419 -6.305789
3.483967 -6.321008
3.450070 -6.335857
3.415755 -6.350331
3.381048 -6.364423
3.345976 -6.378129
3.310565 -6.391447
3.274842 -6.404375
3.238833 -6.416912
3.202565 -6.429059
3.166063 -6.440817
3.129353 -6.452189
3.092459 -6.463180
3.055408 -6.473795
3.018221 -6.484039
2.980924 -6.493919
2.943538 -6.503445
2.906086 -6.512624
2.868589 -6.521466
2.831068 -6.529983
2.793543 -6.538186
2.756032 -6.546087
2.718554 -6.553698
2.681125 -6.561034
2.643763 -6.568108
2.606481 -6.574935
2.569295 -6.581531
2.532217 -6.587910
2.495260 -6.594088
2.458434 -6.600083
2.421750 -6.605909
2.385217 -6.611585
2.348843 -6.617125
2.312634 -6.622548
2.276596 -6.627871
2.240735 -6.633109
2.205053 -6.638281
2.169554 -6.643402
2.134240 -6.648488
2.099109 -6.653557
2.064164 -6.658623
2.029402 -6.663703
1.994820 -6.668812
1.960417 -6.673964
1.926188 -6.679173
1.892127 -6.684454
1.858230 -6.689819
1.824490 -6.695280
1.790899 -6.700850
1.757450 -6.706540
1.724135 -6.712360
1.690943 -6.718320
1.657866 -6.724429
1.624893 -6.730694
1.592013 -6.737123
1.559216 -6.743723
1.526488 -6.750498
1.493819 -6.757454
1.461197 -6.764594
1.428608 -6.771920
1.396041 -6.779435
1.363483 -6.787138
1.330920 -6.795031
1.298340 -6.803112
1.265730 -6.811378
1.233078 -6.819827
1.200370 -6.828455
1.167595 -6.837256
1.134741 -6.846225
1.101795 -6.855354
1.068746 -6.864636
1.035584 -6.874063
1.002297 -6.883624
0.968875 -6.893310
0.935309 -6.903108
0.901590 -6.913007
0.867710 -6.922994
0.833661 -6.933056
0.799436 -6.943177
0.765029 -6.953343
0.730434 -6.963539
0.695649 -6.973747
0.660667 -6.983952
0.625488 -6.994136
0.590109 -7.004281
0.554530 -7.014369
0.518751 -7.024381
0.482773 -7.034299
0.446599 -7.044103
0.410232 -7.053775
0.373676 -7.063293
0.336937 -7.072640
0.300022 -7.081795
0.262938 -7.090739
0.225695 -7.099451
0.188302 -7.107914
0.150770 -7.116107
0.113112 -7.124011
0.075340 -7.131608
0.037470 -7.138880
-0.000483 -7.145808
-0.038504 -7.152376
-0.076575 -7.158566
-0.114676 -7.164362
-0.152790 -7.169749
-0.190895 -7.174713
-0.228971 -7.179238
-0.266995 -7.183311
-0.304945 -7.186921
-0.342796 -7.190056
-0.380526 -7.192706
-0.418109 -7.194860
-0.455519 -7.196511
-0.492731 -7.197652
-0.529718 -7.198276
-0.566453 -7.198379
-0.602909 -7.197956
-0.639059 -7.197006
-0.674875 -7.195527
-0.710329 -7.193519
-0.745393 -7.190984
-0.780039 -7.187925
-0.814241 -7.184345
-0.847970 -7.180250
-0.881200 -7.175648
-0.913903 -7.170545
-0.946053 -7.164952
-0.977625 -7.158879
-1.008592 -7.152338
-1.038932 -7.145344
-1.068620 -7.137911
-1.097633 -7.130054
-1.125949 -7.121792
-1.153548 -7.113142
-1.180411 -7.104125
-1.206517 -7.094760
-1.231851 -7.085070
-1.256396 -7.075077
-1.280138 -7.064806
-1.303065 -7.054280
-1.325164 -7.043526
-1.346425 -7.032569
-1.366842 -7.021436
-1.386407 -7.010155
-1.405115 -6.998754
-1.422965 -6.987261
-1.439955 -6.975704
-1.456086 -6.964114
-1.471360 -6.952519
-1.485784 -6.940949
-1.499362 -6.929432
-1.512105 -6.917998
-1.524023 -6.906677
-1.535129 -6.895495
-1.545437 -6.884483
-1.554963 -6.873668
-1.563727 -6.863076
-1.571749 -6.852735
-1.579050 -6.842670
-1.585656 -6.832905
-1.591591 -6.823466
-1.596884 -6.814374
-1.601563 -6.805652
-1.605659 -6.797319
-1.609204 -6.789395
-1.612233 -6.781899
-1.614780 -6.774845
-1.616882 -6.768249
-1.618575 -6.762125
-1.619898 -6.756483
-1.620892 -6.751334
-1.621595 -6.746687
-1.622049 -6.742547
-1.622296 -6.738919
-1.622378 -6.735807
-1.622337 -6.733211
-1.622215 -6.731130
-1.622057 -6.729563
-1.621904 -6.728504
-1.621800 -6.727947
-1.621788 -6.727885
-1.621908 -6.728306
-1.622203 -6.729200
-1.622715 -6.730553
-1.623483 -6.732349
-1.624548 -6.734573
-1.625947 -6.737205
-1.627719 -6.740226
-1.629900 -6.743614
-1.632525 -6.747347
-1.635627 -6.751400
-1.639241 -6.755748
-1.643396 -6.760364
-1.648122 -6.765221
-1.653446 -6.770290
-1.659395 -6.775542
-1.665992 -6.780946
-1.673261 -6.786471
-1.681221 -6.792086
-1.689891 -6.797758
-1.699288 -6.803456
-1.709425 -6.809145
-1.720317 -6.814794
-1.731973 -6.820368
-1.744402 -6.825836
-1.757611 -6.831164
-1.771604 -6.836319
-1.786383 -6.841270
-1.801950 -6.845983
-1.818303 -6.850428
-1.835439 -6.854574
-1.853353 -6.858391
-1.872038 -6.861849
-1.891485 -6.864919
-1.911684 -6.867575
-1.932624 -6.869790
-1.954290 -6.871537
-1.976667 -6.872794
-1.999739 -6.873536
-2.023488 -6.873742
-2.047896 -6.873391
-2.072941 -6.872465
-2.098602 -6.870944
-2.124856 -6.868814
-2.151681 -6.866058
-2.179052 -6.862664
-2.206944 -6.858620
-2.235331 -6.853914
-2.264187 -6.848539
-2.293485 -6.842487
-2.323197 -6.835752
-2.353297 -6.828330
-2.383756 -6.820218
-2.414547 -6.811415
-2.445642 -6.801921
-2.477012 -6.791738
-2.508631 -6.780869
-2.540469 -6.769319
-2.572500 -6.757093
-2.604698 -6.744199
-2.637034 -6.730646
-2.669484 -6.716443
-2.702022 -6.701601
-2.734622 -6.686134
-2.767260 -6.670053
-2.799914 -6.653374
-2.832560 -6.636112
-2.865176 -6.618283
-2.897741 -6.599905
-2.930236 -6.580996
-2.962640 -6.561574
-2.994937 -6.541660
-3.027108 -6.521272
-3.059138 -6.500433
-3.091012 -6.479162
-3.122716 -6.457483
-3.154237 -6.435417
-3.185564 -6.412986
-3.216687 -6.390213
-3.247595 -6.367121
-3.278281 -6.343733
-3.308738 -6.320071
-3.338960 -6.296158
-3.368943 -6.272018
-3.398682 -6.247673
-3.428175 -6.223146
-3.457421 -6.198458
-3.486420 -6.173632
-3.515172 -6.148689
-3.543679 -6.123650
-3.571944 -6.098537
-3.599970 -6.073369
-3.627763 -6.048165
-3.655328 -6.022945
-3.682671 -5.997727
-3.709799 -5.972528
-3.736721 -5.947366
-3.763445 -5.922256
-3.789981 -5.897214
-3.816339 -5.872253
-3.842529 -5.847389
-3.868563 -5.822633
-3.894452 -5.797997
-3.920209 -5.773491
-3.945846 -5.749127
-3.971376 -5.724912
-3.996813 -5.700855
-4.022169 -5.676962
-4.047459 -5.653240
-4.072695 -5.629693
-4.097892 -5.606326
-4.123064 -5.583141
-4.148225 -5.560141
-4.173387 -5.537326
-4.198565 -5.514696
-4.223772 -5.492251
-4.249021 -5.469988
-4.274324 -5.447905
-4.299696 -5.425998
-4.325146 -5.404263
-4.350687 -5.382694
-4.376331 -5.361284
-4.402087 -5.340027
-4.427965 -5.318915
-4.453976 -5.297939
-4.480127 -5.277089
-4.506428 -5.256357
-4.532884 -5.235731
-4.559502 -5.215200
-4.586289 -5.194752
-4.613249 -5.174375
-4.640385 -5.154057
-4.667702 -5.133784
-4.695202 -5.113543
-4.722885 -5.093321
-4.750751 -5.073102
-4.778801 -5.052874
-4.807033 -5.032621
-4.835443 -5.012329
-4.864029 -4.991984
-4.892785 -4.971572
-4.921706 -4.951076
-4.950786 -4.930485
-4.980016 -4.909782
-5.009387 -4.888955
-5.038891 -4.867990
-5.068516 -4.846873
-5.098251 -4.825591
-5.128083 -4.804133
-5.157999 -4.782485
-5.187984 -4.760637
-5.218023 -4.738578
-5.248099 -4.716297
-5.278195 -4.693785
-5.308294 -4.671033
-5.338378 -4.648033
-5.368426 -4.624778
-5.398418 -4.601262
-5.428335 -4.577479
-5.458154 -4.553425
-5.487854 -4.529096
-5.517413 -4.504489
-5.546808 -4.479604
-5.576016 -4.454440
-5.605013 -4.428997
-5.633775 -4.403278
-5.662280 -4.377285
-5.690502 -4.351022
-5.718417 -4.324495
-5.746002 -4.297710
-5.773232 -4.270674
-5.800082 -4.243397
-5.826530 -4.215887
-5.852552 -4.188157
-5.878124 -4.160219
-5.903223 -4.132085
-5.927827 -4.103770
-5.951914 -4.075291
-5.975462 -4.046663
-5.998452 -4.017904
-6.020862 -3.989034
-6.042674 -3.960071
-6.063870 -3.931037
-6.084431 -3.901954
-6.104342 -3.872843
-6.123588 -3.843727
-6.142153 -3.814632
-6.160025 -3.785582
-6.177193 -3.756601
-6.193645 -3.727717
-6.209372 -3.698955
-6.224367 -3.670343
-6.238623 -3.641906
-6.252135 -3.613674
-6.264899 -3.585674
-6.276913 -3.557933
-6.288178 -3.530479
-6.298693 -3.503341
-6.308463 -3.476545
-6.317490 -3.450120
-6.325782 -3.424092
-6.333345 -3.398488
-6.340190 -3.373334
-6.346326 -3.348656
-6.351766 -3.324479
-6.356524 -3.300827
-6.360616 -3.277723
-6.364059 -3.255189
-6.366871 -3.233247
-6.369074 -3.211917
-6.370687 -3.191218
-6.371735 -3.171168
-6.372241 -3.151782
-6.372232 -3.133076
-6.371734 -3.115063
-6.370775 -3.097755
-6.369384 -3.081161
-6.367591 -3.065290
-6.365427 -3.050148
-6.362925 -3.035741
-6.360116 -3.022071
-6.357033 -3.009140
-6.353712 -2.996945
-6.350185 -2.985485
-6.346488 -2.974754
-6.342656 -2.964746
-6.338723 -2.955452
-6.334724 -2.946860
-6.330696 -2.938958
-6.326671 -2.931732
-6.322687 -2.925164
-6.318775 -2.919235
-6.314971 -2.913926
-6.311307 -2.909213
-6.307816 -2.905073
-6.304529 -2.901479
-6.301478 -2.898404
-6.298692 -2.895818
-6.296199 -2.893691
-6.294028 -2.891991
-6.292205 -2.890682
-6.290753 -2.889732
-6.289698 -2.889104
-6.289061 -2.888759
-6.288862 -2.888661
-6.289121 -2.888771
-6.289854 -2.889047
-6.291077 -2.889451
-6.292803 -2.889941
-6.295044 -2.890475
-6.297812 -2.891012
-6.301112 -2.891510
-6.304953 -2.891927
-6.309338 -2.892222
-6.314270 -2.892352
-6.319750 -2.892276
-6.325776 -2.891954
-6.332347 -2.891345
-6.339455 -2.890409
-6.347097 -2.889108
-6.355262 -2.887403
-6.363941 -2.885257
-6.373122 -2.882634
-6.382792 -2.879500
-6.392936 -2.875821
-6.403538 -2.871564
-6.414581 -2.866700
-6.426044 -2.861198
-6.437909 -2.855031
-6.450152 -2.848172
-6.462753 -2.840599
-6.475687 -2.832287
-6.488930 -2.823216
-6.502457 -2.813367
-6.516241 -2.802723
-6.530256 -2.791268
-6.544475 -2.778989
-6.558871 -2.765876
-6.573414 -2.751917
-6.588078 -2.737106
-6.602833 -2.721437
-6.617652 -2.704906
-6.632506 -2.687510
-6.647366 -2.669251
-6.662204 -2.650130
-6.676993 -2.630149
-6.691706 -2.609316
-6.706315 -2.587635
-6.720794 -2.565118
-6.735116 -2.541772
-6.749258 -2.517611
-6.763195 -2.492647
-6.776903 -2.466896
-6.790359 -2.440374
-6.803542 -2.413097
-6.816432 -2.385085
-6.829007 -2.356357
-6.841251 -2.326935
-6.853145 -2.296839
-6.864673 -2.266093
-6.875820 -2.234720
-6.886572 -2.202745
-6.896916 -2.170193
-6.906842 -2.137088
-6.916338 -2.103458
-6.925397 -2.069329
-6.934011 -2.034727
-6.942173 -1.999680
-6.949879 -1.964215
-6.957124 -1.928359
-6.963907 -1.892141
-6.970227 -1.855586
-6.976084 -1.818723
-6.981478 -1.781578
-6.986413 -1.744178
-6.990893 -1.706551
-6.994922 -1.668721
-6.998507 -1.630714
-7.001654 -1.592555
-7.004372 -1.554270
-7.006670 -1.515881
-7.008557 -1.477412
-7.010046 -1.438886
-7.011148 -1.400323
-7.011875 -1.361746
-7.012241 -1.323173
-7.012261 -1.284624
-7.011948 -1.246117
-7.011319 -1.207669
-7.010389 -1.169296
-7.009176 -1.131014
-7.007695 -1.092836
-7.005964 -1.054776
-7.004002 -1.016846
-7.001824 -0.979056
-6.999451 -0.941417
-6.996899 -0.903937
-6.994188 -0.866624
-6.991335 -0.829484
-6.988359 -0.792524
-6.985278 -0.755747
-6.982110 -0.719157
-6.978873 -0.682756
-6.975585 -0.646546
-6.972263 -0.610526
-6.968925 -0.574697
-6.965586 -0.539056
-6.962263 -0.503602
-6.958971 -0.468330
-6.955727 -0.433236
-6.952544 -0.398315
-6.949436 -0.363561
-6.946417 -0.328967
-6.943499 -0.294526
-6.940694 -0.260229
-6.938013 -0.226068
-6.935467 -0.192034
-6.933065 -0.158115
-6.930816 -0.124303
-6.928728 -0.090585
-6.926807 -0.056951
-6.925059 -0.023389
-6.923490 0.010114
-6.922104 0.043568
-6.920903 0.076988
-6.919891 0.110385
-6.919068 0.143771
-6.918434 0.177161
-6.917990 0.210566
-6.917733 0.244000
-6.917661 0.277474
-6.917770 0.311000
-6.918056 0.344592
-6.918514 0.378261
-6.919136 0.412019
-6.919917 0.445875
-6.920847 0.479842
-6.921918 0.513930
-6.923121 0.548147
-6.924444 0.582504
-6.925876 0.617008
-6.927405 0.651667
-6.929018 0.686489
-6.930703 0.721480
-6.932444 0.756646
-6.934227 0.791990
-6.936038 0.827518
-6.937859 0.863231
-6.939675 0.899133
-6.941470 0.935223
-6.943226 0.971504
-6.944926 1.007972
-6.946553 1.044628
-6.948089 1.081467
-6.949516 1.118485
-6.950815 1.155679
-6.951969 1.193041
-6.952961 1.230565
-6.953771 1.268242
-6.954381 1.306063
-6.954776 1.344018
-6.954936 1.382095
-6.954844 1.420281
-6.954485 1.458563
-6.953841 1.496926
-6.952897 1.535355
-6.951637 1.573833
-6.950046 1.612343
-6.948110 1.650865
-6.945817 1.689381
-6.943152 1.727869
-6.940104 1.766310
-6.936662 1.804680
-6.932816 1.842958
-6.928556 1.881119
-6.923874 1.919139
-6.918763 1.956995
-6.913216 1.994660
-6.907229 2.032109
-6.900797 2.069315
-6.893917 2.106253
-6.886588 2.142896
-6.878809 2.179215
-6.870581 2.215185
-6.861906 2.250778
-6.852787 2.285966
-6.843229 2.320722
-6.833237 2.355020
-6.822819 2.388832
-6.811983 2.422132
-6.800739 2.454893
-6.789097 2.487090
-6.777071 2.518698
-6.764672 2.549692
-6.751916 2.580048
-6.738820 2.609744
-6.725399 2.638756
-6.711672 2.667064
-6.697658 2.694648
-6.683377 2.721488
-6.668852 2.747566
-6.654103 2.772866
-6.639155 2.797372
-6.624031 2.821071
-6.608756 2.843949
-6.593355 2.865995
-6.577855 2.887201
-6.562282 2.907558
-6.546663 2.927060
-6.531025 2.945703
-6.515398 2.963484
-6.499808 2.980401
-6.484284 2.996457
-6.468854 3.011653
-6.453547 3.025995
-6.438391 3.039488
-6.423413 3.052142
-6.408642 3.063966
-6.394103 3.074974
-6.379825 3.085178
-6.365833 3.094596
-6.352153 3.103245
-6.338809 3.111144
-6.325824 3.118316
-6.313223 3.124783
-6.301025 3.130571
-6.289253 3.135705
-6.277924 3.140216
-6.267058 3.144131
-6.256671 3.147483
-6.246778 3.150303
-6.237393 3.152627
-6.228527 3.154488
-6.220192 3.155924
-6.212396 3.156971
-6.205146 3.157669
-6.198447 3.158054
-6.192303 3.158169
-6.186716 3.158052
-6.181685 3.157745
-6.177208 3.157289
-6.173281 3.156725
-6.169899 3.156095
-6.167053 3.155441
-6.164734 3.154804
-6.162931 3.154225
-6.161629 3.153746
-6.160815 3.153406
-6.160472 3.153246
-6.160580 3.153305
-6.161120 3.153621
-6.162069 3.154232
-6.163406 3.155174
-6.165104 3.156482
-6.167138 3.158191
-6.169481 3.160333
-6.172103 3.162940
-6.174976 3.166042
-6.178067 3.169667
-6.181347 3.173841
-6.184780 3.178589
-6.188336 3.183936
-6.191979 3.189901
-6.195675 3.196505
-6.199389 3.203766
-6.203086 3.211698
-6.206730 3.220316
-6.210286 3.229631
-6.213718 3.239653
-6.216992 3.250390
-6.220070 3.261848
-6.222920 3.274030
-6.225505 3.286939
-6.227793 3.300574
-6.229751 3.314932
-6.231344 3.330011
-6.232542 3.345805
-6.233314 3.362305
-6.233630 3.379503
-6.233461 3.397388
-6.232779 3.415947
-6.231558 3.435166
-6.229773 3.455030
-6.227399 3.475520
-6.224415 3.496620
-6.220799 3.518310
-6.216532 3.540568
-6.211595 3.563372
-6.205973 3.586701
-6.199649 3.610530
-6.192612 3.634835
-6.184849 3.659590
-6.176350 3.684769
-6.167107 3.710346
-6.157112 3.736295
-6.146362 3.762587
-6.134852 3.789195
-6.122581 3.816092
-6.109548 3.843250
-6.095754 3.870640
-6.081204 3.898236
-6.065900 3.926009
-6.049848 3.953933
-6.033057 3.981979
-6.015535 4.010123
-5.997292 4.038337
-5.978339 4.066596
-5.958690 4.094875
-5.938357 4.123150
-5.917356 4.151397
-5.895703 4.179593
-5.873416 4.207717
-5.850512 4.235747
-5.827010 4.263664
-5.802931 4.291448
-5.778294 4.319082
-5.753121 4.346547
-5.727435 4.373828
-5.701257 4.400911
-5.674610 4.427781
-5.647518 4.454426
-5.620005 4.480835
-5.592095 4.506996
-5.563811 4.532902
-5.535179 4.558543
-5.506223 4.583914
-5.476966 4.609009
-5.447435 4.633823
-5.417652 4.658353
-5.387642 4.682597
-5.357428 4.706554
-5.327035 4.730224
-5.296486 4.753608
-5.265802 4.776709
-5.235007 4.799529
-5.204122 4.822073
-5.173169 4.844346
-5.142167 4.866355
-5.111137 4.888105
-5.080098 4.909606
-5.049068 4.930865
-5.018065 4.951892
-4.987106 4.972698
-4.956207 4.993292
-4.925382 5.013687
-4.894646 5.033894
-4.864012 5.053926
-4.833493 5.073796
-4.803099 5.093516
-4.772841 5.113102
-4.742729 5.132566
-4.712770 5.151923
-4.682972 5.171187
-4.653341 5.190373
-4.623882 5.209496
-4.594600 5.228570
-4.565498 5.247610
-4.536578 5.266631
-4.507842 5.285647
-4.479289 5.304671
-4.450919 5.323719
-4.422730 5.342804
-4.394719 5.361940
-4.366884 5.381139
-4.339220 5.400414
-4.311722 5.419777
-4.284383 5.439239
-4.257196 5.458813
-4.230155 5.478507
-4.203251 5.498333
-4.176475 5.518298
-4.149817 5.538412
-4.123267 5.558681
-4.096815 5.579113
-4.070448 5.599714
-4.044156 5.620488
-4.017926 5.641441
-3.991746 5.662575
-3.965603 5.683893
-3.939483 5.705396
-3.913374 5.727085
-3.887261 5.748959
-3.861132 5.771018
-3.834972 5.793258
-3.808768 5.815677
-3.782507 5.838270
-3.756174 5.861031
-3.729756 5.883955
-3.703241 5.907034
-3.676615 5.930259
-3.649866 5.953622
-3.622981 5.977113
-3.595949 6.000719
-3.568759 6.024430
-3.541399 6.048231
-3.513859 6.072110
-3.486131 6.096051
-3.458204 6.120040
-3.430071 6.144059
-3.401724 6.168092
-3.373157 6.192121
-3.344363 6.216128
-3.315338 6.240093
-3.286078 6.263998
-3.256580 6.287821
-3.226842 6.311542
-3.196862 6.335140
-3.166641 6.358594
-3.136179 6.381881
-3.105479 6.404981
-3.074544 6.427869
-3.043378 6.450524
-3.011986 6.472924
-2.980376 6.495044
-2.948555 6.516864
-2.916532 6.538360
-2.884316 6.559511
-2.851920 6.580292
-2.819355 6.600684
-2.786635 6.620664
-2.753774 6.640211
-2.720788 6.659305
-2.687694 6.677925
-2.654509 6.696051
-2.621253 6.713666
-2.587944 6.730750
-2.554603 6.747286
-2.521253 6.763258
-2.487915 6.778650
-2.454613 6.793448
-2.421371 6.807637
-2.388213 6.821206
-2.355164 6.834142
-2.322251 6.846437
-2.289500 6.858080
-2.256938 6.869063
-2.224592 6.879382
-2.192490 6.889030
-2.160659 6.898003
-2.129127 6.906300
-2.097922 6.913920
-2.067073 6.920863
-2.036606 6.927132
-2.006550 6.932729
-1.976933 6.937661
-1.947780 6.941934
-1.919120 6.945555
-1.890977 6.948536
-1.863377 6.950886
-1.836345 6.952619
-1.809905 6.953749
-1.784079 6.954291
-1.758890 6.954262
-1.734359 6.953682
-1.710504 6.952569
-1.687346 6.950945
-1.664901 6.948832
-1.643184 6.946253
-1.622210 6.943235
-1.601993 6.939801
-1.582542 6.935980
-1.563868 6.931799
-1.545978 6.927286
-1.528878 6.922471
-1.512572 6.917385
-1.497063 6.912058
-1.482351 6.906522
-1.468434 6.900808
-1.455309 6.894948
-1.442970 6.888976
-1.431410 6.882923
-1.420619 6.876822
-1.410585 6.870706
-1.401295 6.864608
-1.392733 6.858559
-1.384881 6.852591
-1.377721 6.846736
-1.371230 6.841025
-1.365386 6.835488
-1.360163 6.830154
-1.355535 6.825052
-1.351472 6.820209
-1.347945 6.815652
-1.344922 6.811407
-1.342370 6.807498
-1.340254 6.803947
-1.338538 6.800777
-1.337185 6.798006
-1.336157 6.795655
-1.335414 6.793740
-1.334917 6.792277
-1.334625 6.791279
-1.334495 6.790758
-1.334487 6.790724
-1.334557 6.791187
-1.334662 6.792152
-1.334760 6.793625
-1.334808 6.795608
-1.334762 6.798103
-1.334580 6.801109
-1.334219 6.804624
-1.333638 6.808643
-1.332794 6.813159
-1.331647 6.818166
-1.330157 6.823653
-1.328284 6.829610
-1.325991 6.836023
-1.323241 6.842877
-1.319997 6.850157
-1.316226 6.857845
-1.311893 6.865922
-1.306968 6.874368
-1.301419 6.883161
-1.295219 6.892279
-1.288341 6.901698
-1.280759 6.911393
-1.272450 6.921338
-1.263394 6.931507
-1.253569 6.941872
-1.242958 6.952407
-1.231547 6.963082
-1.219320 6.973869
-1.206266 6.984738
-1.192375 6.995660
-1.177640 7.006606
-1.162053 7.017547
-1.145613 7.028451
-1.128315 7.039291
-1.110161 7.050038
-1.091153 7.060661
-1.071292 7.071134
-1.050586 7.081427
-1.029042 7.091515
-1.006667 7.101369
-0.983474 7.110965
-0.959473 7.120277
-0.934680 7.129281
-0.909108 7.137954
-0.882774 7.146273
-0.855697 7.154217
-0.827895 7.161766
-0.799389 7.168901
-0.770199 7.175604
-0.740349 7.181859
-0.709862 7.187651
-0.678762 7.192965
-0.647073 7.197788
-0.614822 7.202110
-0.582033 7.205920
-0.548735 7.209210
-0.514954 7.211972
-0.480717 7.214201
-0.446053 7.215892
-0.410988 7.217041
-0.375550 7.217647
-0.339769 7.217710
-0.303670 7.217229
-0.267282 7.216208
-0.230633 7.214650
-0.193749 7.212559
-0.156656 7.209941
-0.119383 7.206803
-0.081953 7.203153
-0.044392 7.199000
-0.006726 7.194355
0.031023 7.189229
0.068831 7.183634
0.106675 7.177584
0.144534 7.171091
0.182388 7.164171
0.220216 7.156840
0.258000 7.149114
0.295722 7.141009
0.333364 7.132543
0.370912 7.123734
0.408349 7.114600
0.445664 7.105161
0.482841 7.095435
0.519871 7.085442
0.556743 7.075201
0.593447 7.064732
0.629976 7.054056
0.666321 7.043191
0.702477 7.032158
0.738439 7.020977
0.774203 7.009668
0.809767 6.998250
0.845128 6.986742
0.880286 6.975163
0.915242 6.963532
0.949996 6.951868
0.984551 6.940187
1.018909 6.928507
1.053076 6.916846
1.087056 6.905218
1.120855 6.893641
1.154480 6.882127
1.187937 6.870693
1.221235 6.859350
1.254383 6.848113
1.287389 6.836992
1.320265 6.825999
1.353019 6.815144
1.385664 6.804436
1.418210 6.793883
1.450669 6.783494
1.483054 6.773275
1.515376 6.763230
1.547648 6.753366
1.579883 6.743685
1.612094 6.734191
1.644293 6.724885
1.676493 6.715768
1.708707 6.706839
1.740948 6.698098
1.773229 6.689543
1.805561 6.681170
1.837957 6.672976
1.870428 6.664956
1.902987 6.657103
1.935644 6.649412
1.968409 6.641874
2.001293 6.634482
2.034305 6.627226
2.067454 6.620097
2.100748 6.613083
2.134195 6.606174
2.167802 6.599357
2.201574 6.592620
2.235517 6.585950
2.269636 6.579332
2.303933 6.572753
2.338412 6.566198
2.373075 6.559652
2.407922 6.553098
2.442953 6.546522
2.478167 6.539907
2.513561 6.533237
2.549133 6.526496
2.584879 6.519666
2.620792 6.512732
2.656867 6.505677
2.693097 6.498484
2.729473 6.491136
2.765985 6.483618
2.802623 6.475913
2.839375 6.468006
2.876229 6.459881
2.913172 6.451523
2.950187 6.442918
2.987261 6.434052
3.024376 6.424911
3.061514 6.415481
3.098659 6.405752
3.135789 6.395711
3.172885 6.385348
3.209927 6.374652
3.246891 6.363615
3.283758 6.352228
3.320502 6.340484
3.357101 6.328377
3.393530 6.315901
3.429765 6.303053
3.465780 6.289829
3.501551 6.276226
3.537050 6.262245
3.572253 6.247886
3.607133 6.233149
3.641663 6.218038
3.675817 6.202556
3.709568 6.186708
3.742891 6.170502
3.775758 6.153944
3.808144 6.137043
3.840024 6.119809
3.871371 6.102254
3.902162 6.084389
3.932372 6.066229
3.961977 6.047789
3.990955 6.029083
4.019283 6.010131
4.046940 5.990948
4.073906 5.971556
4.100160 5.951973
4.125686 5.932222
4.150466 5.912324
4.174483 5.892302
4.197723 5.872180
4.220173 5.851982
4.241821 5.831734
4.262657 5.811461
4.282671 5.791190
4.301855 5.770947
4.320205 5.750760
4.337716 5.730656
4.354385 5.710662
4.370212 5.690807
4.385198 5.671118
4.399345 5.651623
4.412658 5.632349
4.425144 5.613325
4.436810 5.594577
4.447667 5.576132
4.457727 5.558016
4.467003 5.540255
4.475510 5.522873
4.483266 5.505895
4.490289 5.489344
4.496601 5.473242
4.502223 5.457610
4.507180 5.442469
4.511497 5.427837
4.515201 5.413732
4.518321 5.400169
4.520886 5.387165
4.522928 5.374731
4.524479 5.362879
4.525572 5.351620
4.526243 5.340961
4.526527 5.330909
4.526460 5.321469
4.526080 5.312643
4.525424 5.304433
4.524532 5.296837
4.523441 5.289853
4.522192 5.283476
4.520824 5.277699
4.519376 5.272514
4.517888 5.267910
4.516400 5.263875
4.514951 5.260395
4.513579 5.257453
4.512324 5.255031
4.511223 5.253110
4.510313 5.251668
4.509631 5.250683
4.509212 5.250129
4.509091 5.249980
4.509301 5.250208
4.509874 5.250785
4.510840 5.251680
4.512230 5.252862
4.514072 5.254297
4.516391 5.255952
4.519212 5.257792
4.522560 5.259782
4.526455 5.261886
4.530916 5.264066
4.535962 5.266286
4.541609 5.268508
4.547870 5.270694
4.554758 5.272805
4.562282 5.274804
4.570452 5.276653
4.579273 5.278314
4.588749 5.279748
4.598883 5.280920
4.609676 5.281793
4.621126 5.282329
4.633229 5.282495
4.645981 5.282255
4.659374 5.281576
4.673400 5.280426
4.688048 5.278773
4.703306 5.276586
4.719161 5.273837
4.735598 5.270498
4.752600 5.266542
4.770148 5.261944
4.788225 5.256682
4.806809 5.250733
4.825880 5.244077
4.845414 5.236695
4.865388 5.228571
4.885778 5.219689
4.906559 5.210036
4.927705 5.199600
4.949189 5.188370
4.970986 5.176339
4.993068 5.163501
5.015407 5.149849
5.037976 5.135382
5.060747 5.120098
5.083693 5.103997
5.106785 5.087082
5.129996 5.069355
5.153300 5.050823
5.176668 5.031492
5.200074 5.011371
5.223493 4.990469
5.246899 4.968797
5.270266 4.946369
5.293571 4.923198
5.316790 4.899300
5.339900 4.874690
5.362879 4.849386
5.385707 4.823407
5.408364 4.796773
5.430830 4.769503
5.453087 4.741620
5.475119 4.713144
5.496910 4.684100
5.518445 4.654510
5.539711 4.624399
5.560695 4.593790
5.581386 4.562709
5.601775 4.531181
5.621851 4.499231
5.641609 4.466885
5.661042 4.434169
5.680144 4.401108
5.698911 4.367728
5.717342 4.334055
5.735433 4.300115
5.753186 4.265932
5.770600 4.231531
5.787677 4.196938
5.804421 4.162175
5.820835 4.127268
5.836924 4.092240
5.852695 4.057112
5.868153 4.021907
5.883308 3.986646
5.898167 3.951350
5.912740 3.916038
5.927038 3.880731
5.941071 3.845445
5.954852 3.810199
5.968392 3.775008
5.981704 3.739889
5.994803 3.704855
6.007701 3.669921
6.020413 3.635099
6.032955 3.600401
6.045340 3.565837
6.057585 3.531416
6.069704 3.497148
6.081714 3.463039
6.093630 3.429097
6.105469 3.395326
6.117245 3.361731
6.128974 3.328315
6.140673 3.295081
6.152356 3.262030
6.164038 3.229162
6.175735 3.196476
6.187462 3.163971
6.199231 3.131645
6.211058 3.099493
6.222955 3.067512
6.234935 3.035697
6.247011 3.004041
6.259194 2.972538
6.271494 2.941181
6.283923 2.909961
6.296489 2.878869
6.309202 2.847896
6.322070 2.817032
6.335100 2.786266
6.348298 2.755588
6.361669 2.724986
6.375220 2.694448
6.388952 2.663962
6.402870 2.633515
6.416974 2.603096
6.431267 2.572690
6.445747 2.542285
6.460414 2.511867
6.475266 2.481425
6.490300 2.450944
6.505512 2.420412
6.520897 2.389816
6.536449 2.359142
6.552162 2.328380
6.568027 2.297516
6.584036 2.266539
6.600180 2.235437
6.616447 2.204200
6.632827 2.172818
6.649307 2.141279
6.665874 2.109576
6.682513 2.077699
6.699212 2.045641
6.715953 2.013394
6.732722 1.980952
6.749500 1.948310
6.766271 1.915462
6.783017 1.882406
6.799720 1.849137
6.816360 1.815654
6.832918 1.781957
6.849374 1.748044
6.865708 1.713918
6.881899 1.679580
6.897928 1.645033
6.913773 1.610283
6.929412 1.575333
6.944826 1.540192
6.959994 1.504866
6.974893 1.469364
6.989504 1.433696
7.003806 1.397873
7.017778 1.361908
7.031401 1.325813
7.044654 1.289603
7.057519 1.253293
7.069976 1.216899
7.082008 1.180440
7.093597 1.143933
7.104726 1.107399
7.115379 1.070857
7.125540 1.034328
7.135195 0.997836
7.144330 0.961402
7.152933 0.925051
7.160991 0.888806
7.168495 0.852694
7.175435 0.816739
7.181802 0.780968
7.187590 0.745408
7.192792 0.710085
7.197403 0.675027
7.201420 0.640262
7.204842 0.605817
7.207667 0.571721
7.209896 0.538001
7.211532 0.504685
7.212577 0.471802
7.213036 0.439378
7.212916 0.407441
7.212224 0.376018
7.210970 0.345136
7.209165 0.314819
7.206819 0.285094
7.203946 0.255984
7.200562 0.227513
7.196681 0.199705
7.192322 0.172580
7.187503 0.146159
7.182243 0.120462
7.176565 0.095507
7.170489 0.071311
7.164039 0.047889
7.157240 0.025255
7.150116 0.003421
7.142694 -0.017600
7.135001 -0.037801
7.127063 -0.057174
7.118911 -0.075713
7.110572 -0.093414
7.102076 -0.110276
7.093452 -0.126297
7.084732 -0.141481
7.075945 -0.155830
7.067122 -0.169351
7.058294 -0.182052
7.049490 -0.193941
7.040742 -0.205031
7.032080 -0.215336
7.023533 -0.224871
7.015131 -0.233654
7.006902 -0.241705
6.998874 -0.249046
6.991076 -0.255698
6.983533 -0.261689
6.976270 -0.267045
6.969314 -0.271794
6.962687 -0.275966
6.956411 -0.279595
6.950507 -0.282713
6.944995 -0.285354
6.939894 -0.287555
6.935219 -0.289353
6.930987 -0.290787
6.927211 -0.291896
6.923902 -0.292720
6.921071 -0.293300
6.918727 -0.293678
6.916875 -0.293897
6.915522 -0.293999
6.914670 -0.294027
6.914320 -0.294024
6.914473 -0.294034
6.915124 -0.294101
6.916271 -0.294266
6.917908 -0.294574
6.920025 -0.295066
6.922615 -0.295785
6.925664 -0.296770
6.929162 -0.298064
6.933091 -0.299705
6.937438 -0.301732
6.942183 -0.304183
6.947307 -0.307092
6.952790 -0.310497
6.958610 -0.314429
6.964743 -0.318921
6.971164 -0.324004
6.977849 -0.329707
6.984771 -0.336055
6.991903 -0.343076
6.999215 -0.350792
7.006679 -0.359226
7.014266 -0.368397
7.021945 -0.378323
7.029685 -0.389019
7.037456 -0.400501
7.045227 -0.412779
7.052967 -0.425865
7.060643 -0.439765
7.068225 -0.454485
7.075683 -0.470030
7.082984 -0.486402
7.090099 -0.503600
7.096998 -0.521622
7.103652 -0.540466
7.110031 -0.560125
7.116108 -0.580592
7.121855 -0.601857
7.127246 -0.623911
7.132256 -0.646740
7.136859 -0.670330
7.141034 -0.694667
7.144756 -0.719733
7.148006 -0.745510
7.150763 -0.771979
7.153009 -0.799118
7.154727 -0.826908
7.155900 -0.855323
7.156514 -0.884342
7.156555 -0.913939
7.156013 -0.944090
7.154876 -0.974768
7.153136 -1.005947
7.150786 -1.037600
7.147819 -1.069700
7.144231 -1.102219
7.140018 -1.135129
7.135180 -1.168404
7.129716 -1.202013
7.123627 -1.235930
7.116915 -1.270126
7.109586 -1.304575
7.101643 -1.339248
7.093093 -1.374119
7.083945 -1.409160
7.074206 -1.444346
7.063888 -1.479651
7.053001 -1.515050
7.041558 -1.550519
7.029572 -1.586034
7.017057 -1.621572
7.004029 -1.657112
6.990503 -1.692631
6.976496 -1.728110
6.962027 -1.763530
6.947112 -1.798871
6.931772 -1.834117
6.916025 -1.869252
6.899892 -1.904260
6.883392 -1.939127
6.866547 -1.973840
6.849377 -2.008387
6.831904 -2.042758
6.814149 -2.076942
6.796134 -2.110932
6.777880 -2.144719
6.759409 -2.178298
6.740742 -2.211663
6.721901 -2.244810
6.702907 -2.277737
6.683781 -2.310441
6.664544 -2.342921
6.645215 -2.375179
6.625815 -2.407215
6.606364 -2.439031
6.586880 -2.470630
6.567381 -2.502017
6.547886 -2.533197
6.528411 -2.564176
6.508974 -2.594959
6.489589 -2.625555
6.470273 -2.655972
6.451039 -2.686219
6.431900 -2.716305
6.412869 -2.746240
6.393959 -2.776035
6.375179 -2.805701
6.356540 -2.835250
6.338051 -2.864694
6.319719 -2.894044
6.301553 -2.923315
6.283557 -2.952517
6.265738 -2.981666
6.248099 -3.010773
6.230644 -3.039852
6.213374 -3.068916
6.196291 -3.097979
6.179396 -3.127054
6.162687 -3.156153
6.146163 -3.185290
6.129822 -3.214477
6.113659 -3.243727
6.097670 -3.273051
6.081851 -3.302461
6.066195 -3.331968
6.050694 -3.361583
6.035342 -3.391316
6.020129 -3.421177
6.005046 -3.451173
5.990084 -3.481315
5.975231 -3.511608
5.960476 -3.542060
5.945808 -3.572678
5.931213 -3.603465
5.916680 -3.634427
5.902193 -3.665567
5.887741 -3.696888
5.873307 -3.728391
5.858878 -3.760077
5.844440 -3.791945
5.829976 -3.823996
5.815472 -3.856226
5.800913 -3.888631
5.786282 -3.921209
5.771566 -3.953954
5.756747 -3.986859
5.741812 -4.019917
5.726745 -4.053119
5.711532 -4.086457
5.696157 -4.119919
5.680607 -4.153495
5.664868 -4.187172
5.648926 -4.220937
5.632768 -4.254775
5.616382 -4.288671
5.599756 -4.322608
5.582879 -4.356570
5.565741 -4.390539
5.548331 -4.424496
5.530641 -4.458421
5.512663 -4.492294
5.494390 -4.526094
5.475814 -4.559799
5.456931 -4.593388
5.437736 -4.626837
5.418226 -4.660122
5.398398 -4.693221
5.378252 -4.726108
5.357786 -4.758760
5.337003 -4.791152
5.315904 -4.823257
5.294491 -4.855052
5.272771 -4.886511
5.250748 -4.917608
5.228430 -4.948318
5.205823 -4.978617
5.182938 -5.008478
5.159785 -5.037878
5.136376 -5.066792
5.112722 -5.095196
5.088839 -5.123066
5.064741 -5.150380
5.040445 -5.177115
5.015967 -5.203250
4.991325 -5.228763
4.966540 -5.253635
4.941632 -5.277846
4.916622 -5.301379
4.891531 -5.324215
4.866383 -5.346340
4.841202 -5.367737
4.816011 -5.388395
4.790837 -5.408299
4.765705 -5.427440
4.740641 -5.445807
4.715671 -5.463393
4.690823 -5.480191
4.666125 -5.496195
4.641603 -5.511402
4.617286 -5.525810
4.593201 -5.539419
4.569375 -5.552231
4.545838 -5.564247
4.522615 -5.575473
4.499734 -5.585915
4.477222 -5.595582
4.455105 -5.604482
4.433408 -5.612629
4.412156 -5.620034
4.391374 -5.626714
4.371084 -5.632684
4.351310 -5.637962
4.332071 -5.642570
4.313390 -5.646527
4.295283 -5.649858
4.277770 -5.652585
4.260866 -5.654736
4.244586 -5.656337
4.228944 -5.657417
4.213951 -5.658006
4.199617 -5.658133
4.185951 -5.657832
4.172959 -5.657134
4.160647 -5.656074
4.149016 -5.654687
4.138068 -5.653006
4.127803 -5.651069
4.118217 -5.648912
4.109306 -5.646570
4.101063 -5.644082
4.093480 -5.641484
4.086545 -5.638814
4.080246 -5.636108
4.074569 -5.633404
4.069498 -5.630739
4.065013 -5.628149
4.061094 -5.625669
4.057721 -5.623335
4.054868 -5.621182
4.052511 -5.619243
4.050622 -5.617551
4.049173 -5.616138
4.048133 -5.615034
4.047472 -5.614270
4.047156 -5.613873
4.047152 -5.613870
4.047424 -5.614287
4.047936 -5.615147
4.048651 -5.616472
4.049530 -5.618283
4.050537 -5.620600
4.051630 -5.623439
4.052771 -5.626815
4.053919 -5.630743
4.055034 -5.635233
4.056077 -5.640295
4.057005 -5.645938
4.057780 -5.652167
4.058360 -5.658986
4.058707 -5.666398
4.058781 -5.674402
4.058543 -5.682997
4.057956 -5.692180
4.056982 -5.701945
4.055584 -5.712285
4.053728 -5.723191
4.051379 -5.734654
4.048504 -5.746660
4.045071 -5.759196
4.041050 -5.772247
4.036412 -5.785796
4.031128 -5.799826
4.025174 -5.814316
4.018524 -5.829247
4.011155 -5.844597
4.003048 -5.860343
3.994181 -5.876462
3.984538 -5.892929
3.974102 -5.909719
3.962861 -5.926807
3.950801 -5.944165
3.937913 -5.961766
3.924187 -5.979585
3.909618 -5.997592
3.894200 -6.015760
3.877932 -6.034061
3.860810 -6.052467
3.842837 -6.070951
3.824015 -6.089484
3.804348 -6.108040
