cos() sin()
5.633129 0.000000
5.633109 -0.015057
5.633049 -0.030068
5.632950 -0.044989
5.632812 -0.059773
5.632638 -0.074375
5.632430 -0.088750
5.632190 -0.102852
5.631922 -0.116633
5.631628 -0.130048
5.631313 -0.143051
5.630980 -0.155593
5.630635 -0.167627
5.630281 -0.179106
5.629925 -0.189981
5.629570 -0.200202
5.629224 -0.209721
5.628891 -0.218487
5.628576 -0.226449
5.628285 -0.233556
5.628025 -0.239755
5.627799 -0.244994
5.627614 -0.249218
5.627473 -0.252374
5.627382 -0.254404
5.627343 -0.255254
5.627361 -0.254864
5.627437 -0.253177
5.627573 -0.250134
5.627769 -0.245673
5.628026 -0.239733
5.628339 -0.232252
5.628707 -0.223165
5.629123 -0.212408
5.629581 -0.199915
5.630070 -0.185620
5.630580 -0.169454
5.631096 -0.151349
5.631600 -0.131236
5.632074 -0.109044
5.632492 -0.084702
5.632829 -0.058141
5.633053 -0.029288
5.633129 0.001928
5.633017 0.035578
5.632672 0.071732
5.632046 0.110459
5.631083 0.151828
5.629722 0.195905
5.627896 0.242755
5.625533 0.292438
5.622554 0.345012
5.618872 0.400532
5.614394 0.459045
5.609022 0.520595
5.602648 0.585218
5.595160 0.652943
5.586436 0.723791
5.576352 0.797771
5.564775 0.874885
5.551567 0.955119
5.536584 1.038450
5.519682 1.124838
5.500708 1.214229
5.479514 1.306551
5.455945 1.401718
5.429851 1.499622
5.401083 1.600139
5.369498 1.703124
5.334959 1.808413
5.297337 1.915821
5.256514 2.025145
5.212386 2.136160
5.164864 2.248627
5.113878 2.362286
5.059376 2.476864
5.001330 2.592073
4.939734 2.707614
4.874607 2.823181
4.805995 2.938461
4.733972 3.053138
4.658637 3.166899
4.580117 3.279431
4.498567 3.390434
4.414164 3.499615
4.327110 3.606697
4.237631 3.711418
4.145969 3.813540
4.052384 3.912842
3.957148 4.009130
3.860546 4.102235
3.762867 4.192014
3.664405 4.278350
3.565456 4.361155
3.466311 4.440364
3.367256 4.515942
3.268570 4.587874
3.170522 4.656172
3.073366 4.720865
2.977343 4.782005
2.882679 4.839660
2.789583 4.893911
2.698247 4.944857
2.608844 4.992602
2.521530 5.037264
2.436442 5.078966
2.353703 5.117834
2.273414 5.154002
2.195664 5.187601
2.120524 5.218767
2.048050 5.247631
1.978287 5.274327
1.911263 5.298983
1.846999 5.321723
1.785501 5.342671
1.726767 5.361942
1.670787 5.379648
1.617540 5.395897
1.567002 5.410790
1.519138 5.424423
1.473911 5.436886
1.431278 5.448265
1.391192 5.458638
1.353602 5.468081
1.318455 5.476662
1.285693 5.484445
1.255258 5.491491
1.227091 5.497853
1.201131 5.503583
1.177314 5.508727
1.155578 5.513328
1.135859 5.517424
1.118094 5.521052
1.102219 5.524243
1.088171 5.527027
1.075885 5.529432
1.065300 5.531481
1.056353 5.533196
1.048982 5.534599
1.043126 5.535705
1.038724 5.536533
1.035716 5.537096
1.034043 5.537409
1.033648 5.537483
1.034472 5.537329
1.036459 5.536957
1.039553 5.536377
1.043699 5.535597
1.048842 5.534625
1.054928 5.533468
1.061906 5.532133
1.069723 5.530627
1.078326 5.528956
1.087667 5.527126
1.097694 5.525144
1.108357 5.523014
1.119609 5.520744
1.131401 5.518340
1.143684 5.515807
1.156412 5.513153
1.169538 5.510383
1.183015 5.507506
1.196798 5.504527
1.210839 5.501456
1.225096 5.498298
1.239521 5.495064
1.254071 5.491762
1.268700 5.488401
1.283365 5.484990
1.298022 5.481540
1.312625 5.478062
1.327132 5.474565
1.341498 5.471063
1.355678 5.467566
1.369630 5.464088
1.383309 5.460641
1.396670 5.457239
1.409669 5.453896
1.422262 5.450625
1.434403 5.447443
1.446047 5.444363
1.457149 5.441403
1.467662 5.438576
1.477540 5.435901
1.486737 5.433393
1.495203 5.431069
1.502892 5.428946
1.509754 5.427042
1.515740 5.425373
1.520799 5.423958
1.524880 5.422812
1.527930 5.421953
1.529897 5.421398
1.530727 5.421164
1.530364 5.421267
1.528751 5.421722
1.525831 5.422544
1.521546 5.423748
1.515835 5.425347
1.508637 5.427353
1.499888 5.429777
1.489525 5.432629
1.477482 5.435917
1.463691 5.439646
1.448085 5.443822
1.430592 5.448445
1.411142 5.453515
1.389662 5.459028
1.366077 5.464977
1.340313 5.471353
1.312292 5.478142
1.281938 5.485324
1.249171 5.492879
1.213915 5.500778
1.176089 5.508989
1.135614 5.517474
1.092413 5.526190
1.046408 5.535086
0.997522 5.544105
0.945681 5.553182
0.890812 5.562248
0.832849 5.571221
0.771725 5.580017
0.707381 5.588538
0.639763 5.596682
0.568824 5.604336
0.494524 5.611380
0.416834 5.617686
0.335734 5.623115
0.251214 5.627525
0.163281 5.630762
0.071951 5.632670
-0.022740 5.633083
-0.120741 5.631835
-0.221985 5.628754
-0.326382 5.623666
-0.433826 5.616399
-0.544187 5.606782
-0.657316 5.594647
-0.773041 5.579834
-0.891169 5.562190
-1.011485 5.541574
-1.133754 5.517857
-1.257721 5.490927
-1.383113 5.460691
-1.509640 5.427074
-1.637000 5.390026
-1.764877 5.349519
-1.892948 5.305553
-2.020884 5.258153
-2.148354 5.207372
-2.275027 5.153290
-2.400580 5.096014
-2.524696 5.035678
-2.647069 4.972441
-2.767411 4.906484
-2.885448 4.838010
-3.000929 4.767239
-3.113624 4.694411
-3.223327 4.619774
-3.329859 4.543587
-3.433064 4.466119
-3.532814 4.387638
-3.629009 4.308415
-3.721570 4.228719
-3.810447 4.148811
-3.895612 4.068949
-3.977059 3.989379
-4.054802 3.910336
-4.128874 3.832042
-4.199325 3.754705
-4.266220 3.678521
-4.329635 3.603666
-4.389659 3.530303
-4.446389 3.458579
-4.499929 3.388625
-4.550390 3.320557
-4.597884 3.254475
-4.642530 3.190464
-4.684445 3.128597
-4.723748 3.068932
-4.760557 3.011518
-4.794989 2.956388
-4.827157 2.903567
-4.857173 2.853071
-4.885146 2.804905
-4.911181 2.759066
-4.935378 2.715545
-4.957835 2.674326
-4.978643 2.635385
-4.997892 2.598695
-5.015665 2.564224
-5.032042 2.531935
-5.047099 2.501788
-5.060905 2.473739
-5.073529 2.447743
-5.085034 2.423751
-5.095480 2.401714
-5.104921 2.381580
-5.113412 2.363295
-5.121000 2.346807
-5.127733 2.332060
-5.133652 2.318999
-5.138800 2.307570
-5.143214 2.297715
-5.146930 2.289379
-5.149981 2.282508
-5.152399 2.277044
-5.154214 2.272933
-5.155453 2.270121
-5.156144 2.268552
-5.156311 2.268172
-5.155978 2.268929
-5.155168 2.270769
-5.153902 2.273639
-5.152202 2.277489
-5.150088 2.282266
-5.147578 2.287921
-5.144692 2.294403
-5.141448 2.301664
-5.137864 2.309653
-5.133957 2.318325
-5.129745 2.327630
-5.125244 2.337523
-5.120473 2.347957
-5.115448 2.358886
-5.110185 2.370265
-5.104702 2.382049
-5.099017 2.394196
-5.093146 2.406660
-5.087107 2.419398
-5.080918 2.432369
-5.074597 2.445529
-5.068162 2.458837
-5.061632 2.472251
-5.055027 2.485729
-5.048365 2.499231
-5.041666 2.512716
-5.034952 2.526144
-5.028242 2.539474
-5.021558 2.552665
-5.014922 2.565678
-5.008355 2.578472
-5.001882 2.591009
-4.995523 2.603246
-4.989305 2.615145
-4.983249 2.626665
-4.977382 2.637766
-4.971728 2.648407
-4.966314 2.658548
-4.961163 2.668146
-4.956305 2.677161
-4.951764 2.685550
-4.947569 2.693271
-4.943746 2.700281
-4.940325 2.706536
-4.937332 2.711992
-4.934796 2.716604
-4.932745 2.720325
-4.931209 2.723109
-4.930215 2.724908
-4.929792 2.725673
-4.929969 2.725353
-4.930773 2.723898
-4.932233 2.721254
-4.934375 2.717369
-4.937226 2.712185
-4.940812 2.705647
-4.945158 2.697695
-4.950289 2.688269
-4.956226 2.677306
-4.962991 2.664744
-4.970604 2.650516
-4.979083 2.634554
-4.988443 2.616789
-4.998696 2.597148
-5.009854 2.575559
-5.021924 2.551945
-5.034909 2.526229
-5.048810 2.498331
-5.063623 2.468170
-5.079339 2.435664
-5.095944 2.400728
-5.113420 2.363277
-5.131742 2.323224
-5.150878 2.280482
-5.170791 2.234964
-5.191435 2.186583
-5.212758 2.135253
-5.234697 2.080888
-5.257183 2.023407
-5.280137 1.962728
-5.303470 1.898777
-5.327084 1.831481
-5.350871 1.760774
-5.374712 1.686598
-5.398479 1.608902
-5.422033 1.527646
-5.445225 1.442798
-5.467898 1.354341
-5.489883 1.262270
-5.511007 1.166597
-5.531086 1.067349
-5.549932 0.964572
-5.567352 0.858332
-5.583151 0.748715
-5.597130 0.635828
-5.609095 0.519801
-5.618853 0.400789
-5.626217 0.278966
-5.631009 0.154534
-5.633061 0.027714
-5.632219 -0.101249
-5.628346 -0.232091
-5.621322 -0.364529
-5.611050 -0.498260
-5.597454 -0.632972
-5.580484 -0.768338
-5.560116 -0.904024
-5.536352 -1.039690
-5.509222 -1.174996
-5.478785 -1.309603
-5.445125 -1.443177
-5.408352 -1.575397
-5.368602 -1.705948
-5.326032 -1.834537
-5.280821 -1.960885
-5.233166 -2.084734
-5.183278 -2.205850
-5.131381 -2.324022
-5.077708 -2.439062
-5.022501 -2.550809
-4.966002 -2.659129
-4.908457 -2.763910
-4.850107 -2.865067
-4.791191 -2.962538
-4.731943 -3.056282
-4.672586 -3.146282
-4.613334 -3.232537
-4.554391 -3.315067
-4.495948 -3.393905
-4.438184 -3.469101
-4.381264 -3.540716
-4.325339 -3.608820
-4.270547 -3.673496
-4.217012 -3.734830
-4.164843 -3.792918
-4.114139 -3.847857
-4.064984 -3.899750
-4.017450 -3.948701
-3.971599 -3.994815
-3.927481 -4.038198
-3.885134 -4.078955
-3.844591 -4.117191
-3.805872 -4.153009
-3.768992 -4.186508
-3.733955 -4.217787
-3.700762 -4.246941
-3.669405 -4.274062
-3.639873 -4.299241
-3.612147 -4.322562
-3.586206 -4.344108
-3.562024 -4.363958
-3.539571 -4.382189
-3.518816 -4.398872
-3.499722 -4.414078
-3.482253 -4.427873
-3.466369 -4.440319
-3.452029 -4.451476
-3.439189 -4.461404
-3.427807 -4.470155
-3.417837 -4.477782
-3.409234 -4.484336
-3.401952 -4.489863
-3.395944 -4.494408
-3.391164 -4.498017
-3.387563 -4.500729
-3.385096 -4.502585
-3.383716 -4.503622
-3.383374 -4.503879
-3.384026 -4.503389
-3.385624 -4.502188
-3.388122 -4.500308
-3.391475 -4.497782
-3.395637 -4.494641
-3.400564 -4.490914
-3.406211 -4.486632
-3.412535 -4.481824
-3.419492 -4.476518
-3.427040 -4.470743
-3.435136 -4.464526
-3.443738 -4.457893
-3.452806 -4.450874
-3.462298 -4.443494
-3.472175 -4.435780
-3.482398 -4.427759
-3.492926 -4.419458
-3.503722 -4.410904
-3.514748 -4.402124
-3.525965 -4.393144
-3.537338 -4.383992
-3.548828 -4.374696
-3.560401 -4.365282
-3.572019 -4.355780
-3.583649 -4.346218
-3.595253 -4.336623
-3.606798 -4.327025
-3.618250 -4.317455
-3.629573 -4.307940
-3.640733 -4.298512
-3.651697 -4.289202
-3.662431 -4.280041
-3.672900 -4.271059
-3.683072 -4.262291
-3.692913 -4.253767
-3.702389 -4.245522
-3.711466 -4.237590
-3.720110 -4.230003
-3.728287 -4.222798
-3.735963 -4.216008
-3.743102 -4.209671
-3.749670 -4.203822
-3.755631 -4.198498
-3.760948 -4.193735
-3.765586 -4.189572
-3.769505 -4.186045
-3.772669 -4.183194
-3.775038 -4.181057
-3.776571 -4.179672
-3.777228 -4.179078
-3.776966 -4.179314
-3.775742 -4.180420
-3.773511 -4.182435
-3.770226 -4.185396
-3.765839 -4.189344
-3.760301 -4.194315
-3.753561 -4.200348
-3.745564 -4.207481
-3.736256 -4.215748
-3.725580 -4.225187
-3.713475 -4.235830
-3.699879 -4.247710
-3.684729 -4.260859
-3.667958 -4.275305
-3.649495 -4.291076
-3.629270 -4.308195
-3.607207 -4.326685
-3.583230 -4.346563
-3.557257 -4.367845
-3.529208 -4.390540
-3.498995 -4.414655
-3.466533 -4.440190
-3.431732 -4.467143
-3.394498 -4.495501
-3.354740 -4.525247
-3.312361 -4.556359
-3.267266 -4.588803
-3.219359 -4.622540
-3.168541 -4.657520
-3.114719 -4.693684
-3.057796 -4.730965
-2.997682 -4.769281
-2.934288 -4.808544
-2.867528 -4.848652
-2.797326 -4.889490
-2.723608 -4.930934
-2.646311 -4.972845
-2.565382 -5.015073
-2.480778 -5.057458
-2.392471 -5.099826
-2.300445 -5.141994
-2.204702 -5.183767
-2.105261 -5.224942
-2.002162 -5.265310
-1.895464 -5.304655
-1.785250 -5.342755
-1.671624 -5.379388
-1.554715 -5.414333
-1.434677 -5.447371
-1.311688 -5.478286
-1.185951 -5.506874
-1.057691 -5.532941
-0.927158 -5.556305
-0.794621 -5.576802
-0.660370 -5.594288
-0.524711 -5.608638
-0.387962 -5.619754
-0.250455 -5.627559
-0.112530 -5.632005
0.025472 -5.633072
0.163207 -5.630764
0.300335 -5.625117
0.436521 -5.616190
0.571440 -5.604070
0.704783 -5.588866
0.836253 -5.570711
0.965572 -5.549758
1.092484 -5.526176
1.216754 -5.500150
1.338170 -5.471878
1.456544 -5.441564
1.571713 -5.409424
1.683537 -5.375672
1.791902 -5.340527
1.896715 -5.304207
1.997908 -5.266926
2.095431 -5.228892
2.189256 -5.190309
2.279373 -5.151369
2.365788 -5.112259
2.448524 -5.073152
2.527615 -5.034214
2.603108 -4.995595
2.675062 -4.957438
2.743541 -4.919871
2.808621 -4.883011
2.870381 -4.846964
2.928905 -4.811825
2.984284 -4.777677
3.036607 -4.744593
3.085970 -4.712636
3.132465 -4.681859
3.176189 -4.652308
3.217236 -4.624018
3.255700 -4.597017
3.291674 -4.571327
3.325250 -4.546962
3.356517 -4.523930
3.385563 -4.502234
3.412473 -4.481872
3.437331 -4.462836
3.460217 -4.445115
3.481209 -4.428694
3.500382 -4.413555
3.517811 -4.399676
3.533564 -4.387034
3.547712 -4.375601
3.560318 -4.365350
3.571446 -4.356250
3.581158 -4.348270
3.589512 -4.341376
3.596565 -4.335535
3.602372 -4.330711
3.606986 -4.326869
3.610458 -4.323972
3.612838 -4.321984
3.614173 -4.320868
3.614510 -4.320586
3.613894 -4.321101
3.612369 -4.322376
3.609978 -4.324374
3.606762 -4.327056
3.602762 -4.330387
3.598018 -4.334330
3.592569 -4.338847
3.586452 -4.343904
3.579707 -4.349465
3.572369 -4.355493
3.564476 -4.361956
3.556063 -4.368817
3.547167 -4.376043
3.537822 -4.383601
3.528064 -4.391458
3.517929 -4.399582
3.507451 -4.407940
3.496664 -4.416501
3.485605 -4.425235
3.474308 -4.434110
3.462807 -4.443097
3.451139 -4.452166
3.439338 -4.461289
3.427439 -4.470437
3.415478 -4.479582
3.403492 -4.488695
3.391516 -4.497751
3.379587 -4.506721
3.367742 -4.515579
3.356018 -4.524300
3.344453 -4.532856
3.333084 -4.541221
3.321952 -4.549372
3.311093 -4.557281
3.300548 -4.564923
3.290357 -4.572274
3.280561 -4.579308
3.271200 -4.586000
3.262316 -4.592324
3.253951 -4.598254
3.246149 -4.603766
3.238951 -4.608833
3.232402 -4.613429
3.226546 -4.617526
3.221428 -4.621098
3.217093 -4.624117
3.213588 -4.626554
3.210958 -4.628379
3.209251 -4.629563
3.208514 -4.630074
3.208794 -4.629880
3.210139 -4.628947
3.212597 -4.627241
3.216218 -4.624726
3.221049 -4.621362
3.227139 -4.617112
3.234537 -4.611932
3.243290 -4.605781
3.253447 -4.598612
3.265055 -4.590377
3.278161 -4.581026
3.292812 -4.570507
3.309051 -4.558764
3.326922 -4.545738
3.346468 -4.531368
3.367729 -4.515589
3.390742 -4.498334
3.415543 -4.479532
3.442165 -4.459108
3.470636 -4.436984
3.500982 -4.413079
3.533224 -4.387308
3.567378 -4.359582
3.603455 -4.329810
3.641460 -4.297896
3.681391 -4.263743
3.723238 -4.227250
3.766984 -4.188314
3.812605 -4.146829
3.860064 -4.102688
3.909316 -4.055785
3.960305 -4.006011
4.012964 -3.953260
4.067213 -3.897425
4.122958 -3.838406
4.180095 -3.776102
4.238504 -3.710421
4.298052 -3.641277
4.358590 -3.568591
4.419957 -3.492295
4.481978 -3.412333
4.544463 -3.328663
4.607212 -3.241256
4.670010 -3.150104
4.732633 -3.055213
4.794849 -2.956615
4.856416 -2.854360
4.917089 -2.748523
4.976621 -2.639203
5.034761 -2.526525
5.091263 -2.410640
5.145887 -2.291721
5.198400 -2.169972
5.248581 -2.045616
5.296221 -1.918902
5.341132 -1.790099
5.383142 -1.659496
5.422103 -1.527398
5.457890 -1.394123
5.490405 -1.260001
5.519574 -1.125366
5.545353 -0.990559
5.567724 -0.855918
5.586697 -0.721779
5.602307 -0.588470
5.614617 -0.456309
5.623711 -0.325602
5.629696 -0.196636
5.632698 -0.069684
5.632861 0.055003
5.630342 0.177196
5.625311 0.296686
5.617948 0.413288
5.608439 0.526840
5.596974 0.637204
5.583746 0.744261
5.568948 0.847919
5.552769 0.948101
5.535398 1.044755
5.517015 1.137843
5.497796 1.227348
5.477908 1.313266
5.457511 1.395607
5.436755 1.474396
5.415780 1.549668
5.394718 1.621468
5.373691 1.689850
5.352809 1.754874
5.332174 1.816608
5.311879 1.875124
5.292005 1.930500
5.272627 1.982814
5.253809 2.032150
5.235609 2.078590
5.218076 2.122222
5.201251 2.163129
5.185170 2.201399
5.169861 2.237115
5.155346 2.270364
5.141643 2.301229
5.128763 2.329792
5.116715 2.356135
5.105501 2.380337
5.095121 2.402475
5.085570 2.422627
5.076842 2.440865
5.068926 2.457262
5.061809 2.471889
5.055476 2.484815
5.049911 2.496105
5.045095 2.505825
5.041007 2.514038
5.037627 2.520805
5.034931 2.526187
5.032895 2.530240
5.031495 2.533022
5.030707 2.534588
5.030503 2.534991
5.030859 2.534284
5.031748 2.532519
5.033143 2.529745
5.035018 2.526012
5.037346 2.521367
5.040100 2.515857
5.043253 2.509530
5.046780 2.502430
5.050654 2.494602
5.054849 2.486090
5.059340 2.476938
5.064102 2.467188
5.069109 2.456885
5.074337 2.446068
5.079762 2.434782
5.085361 2.423066
5.091110 2.410962
5.096988 2.398512
5.102971 2.385757
5.109038 2.372737
5.115167 2.359493
5.121339 2.346067
5.127533 2.332498
5.133729 2.318829
5.139909 2.305100
5.146052 2.291352
5.152141 2.277628
5.158158 2.263968
5.164085 2.250415
5.169906 2.237010
5.175603 2.223798
5.181160 2.210820
5.186561 2.198120
5.191790 2.185741
5.196830 2.173729
5.201668 2.162127
5.206287 2.150981
5.210672 2.140337
5.214808 2.130240
5.218680 2.120738
5.222271 2.111878
5.225568 2.103708
5.228553 2.096276
5.231212 2.089633
5.233527 2.083827
5.235482 2.078910
5.237060 2.074933
5.238242 2.071946
5.239010 2.070004
5.239344 2.069158
5.239224 2.069464
5.238627 2.070974
5.237531 2.073744
5.235911 2.077830
5.233743 2.083286
5.230997 2.090170
5.227646 2.098539
5.223657 2.108448
5.218997 2.119956
5.213631 2.133119
5.207520 2.147994
5.200624 2.164638
5.192898 2.183108
5.184295 2.203458
5.174766 2.225745
5.164256 2.250022
5.152709 2.276342
5.140064 2.304754
5.126254 2.335308
5.111212 2.368050
5.094863 2.403022
5.077130 2.440266
5.057930 2.479816
5.037177 2.521705
5.014778 2.565958
4.990639 2.612597
4.964660 2.661635
4.936734 2.713079
4.906756 2.766929
4.874611 2.823173
4.840187 2.881794
4.803364 2.942761
4.764023 3.006032
4.722045 3.071553
4.677306 3.139259
4.629689 3.209069
4.579074 3.280888
4.525347 3.354606
4.468398 3.430097
4.408125 3.507219
4.344431 3.585814
4.277234 3.665708
4.206459 3.746712
4.132047 3.828620
4.053958 3.911211
3.972165 3.994252
3.886663 4.077498
3.797471 4.160692
3.704626 4.243571
3.608194 4.325862
3.508264 4.407293
3.404952 4.487588
3.298401 4.566475
3.188778 4.643688
3.076279 4.718967
2.961122 4.792066
2.843549 4.862754
2.723822 4.930815
2.602224 4.996056
2.479051 5.058305
2.354615 5.117415
2.229235 5.173263
2.103238 5.225757
1.976951 5.274828
1.850704 5.320436
1.724819 5.362569
1.599613 5.401239
1.475393 5.436484
1.352450 5.468366
1.231063 5.496965
1.111492 5.522385
0.993977 5.544741
0.878742 5.564167
0.765984 5.580808
0.655885 5.594815
0.548601 5.606352
0.444269 5.615583
0.343005 5.622677
0.244905 5.627803
0.150045 5.631131
0.058483 5.632826
-0.029739 5.633051
-0.114595 5.631963
-0.196074 5.629716
-0.274178 5.626453
-0.348921 5.622313
-0.420327 5.617426
-0.488430 5.611914
-0.553274 5.605893
-0.614906 5.599467
-0.673384 5.592736
-0.728767 5.585789
-0.781122 5.578709
-0.830516 5.571570
-0.877023 5.564439
-0.920715 5.557376
-0.961668 5.550436
-0.999959 5.543665
-1.035665 5.537106
-1.068864 5.530793
-1.099634 5.524758
-1.128052 5.519026
-1.154194 5.513618
-1.178136 5.508552
-1.199954 5.503840
-1.219720 5.499493
-1.237509 5.495518
-1.253391 5.491917
-1.267437 5.488693
-1.279715 5.485843
-1.290293 5.483365
-1.299237 5.481252
-1.306612 5.479499
-1.312480 5.478096
-1.316904 5.477035
-1.319945 5.476303
-1.321662 5.475888
-1.322113 5.475780
-1.321355 5.475962
-1.319445 5.476423
-1.316437 5.477147
-1.312384 5.478119
-1.307340 5.479325
-1.301357 5.480749
-1.294486 5.482376
-1.286777 5.484191
-1.278279 5.486178
-1.269043 5.488322
-1.259114 5.490608
-1.248543 5.493022
-1.237375 5.495548
-1.225657 5.498173
-1.213435 5.500883
-1.200756 5.503665
-1.187665 5.506505
-1.174207 5.509390
-1.160427 5.512309
-1.146369 5.515250
-1.132079 5.518201
-1.117601 5.521151
-1.102980 5.524091
-1.088259 5.527010
-1.073483 5.529899
-1.058697 5.532748
-1.043946 5.535551
-1.029273 5.538298
-1.014725 5.540982
-1.000345 5.543596
-0.986180 5.546133
-0.972274 5.548588
-0.958674 5.550954
-0.945426 5.553226
-0.932577 5.555398
-0.920174 5.557466
-0.908263 5.559425
-0.896894 5.561270
-0.886115 5.562998
-0.875974 5.564604
-0.866522 5.566083
-0.857808 5.567433
-0.849884 5.568648
-0.842801 5.569724
-0.836612 5.570658
-0.831369 5.571442
-0.827127 5.572074
-0.823939 5.572546
-0.821861 5.572853
-0.820951 5.572987
-0.821263 5.572941
-0.822857 5.572706
-0.825790 5.572272
-0.830124 5.571628
-0.835916 5.570762
-0.843230 5.569660
-0.852126 5.568305
-0.862667 5.566682
-0.874917 5.564770
-0.888939 5.562547
-0.904797 5.559990
-0.922556 5.557071
-0.942281 5.553760
-0.964036 5.550025
-0.987887 5.545829
-1.013899 5.541133
-1.042135 5.535892
-1.072659 5.530059
-1.105532 5.523581
-1.140816 5.516401
-1.178570 5.508459
-1.218850 5.499686
-1.261709 5.490012
-1.307199 5.479359
-1.355365 5.467644
-1.406251 5.454778
-1.459891 5.440667
-1.516318 5.425212
-1.575554 5.408306
-1.637616 5.389839
-1.702511 5.369693
-1.770236 5.347748
-1.840779 5.323878
-1.914115 5.297953
-1.990208 5.269840
-2.069005 5.239405
-2.150442 5.206510
-2.234438 5.171019
-2.320895 5.132796
-2.409700 5.091708
-2.500719 5.047628
-2.593804 5.000433
-2.688785 4.950008
-2.785477 4.896250
-2.883675 4.839066
-2.983158 4.778380
-3.083686 4.714130
-3.185008 4.646274
-3.286857 4.574791
-3.388955 4.499681
-3.491015 4.420968
-3.592742 4.338703
-3.693840 4.252963
-3.794010 4.163849
-3.892955 4.071492
-3.990386 3.976049
-4.086022 3.877701
-4.179594 3.776657
-4.270849 3.673145
-4.359551 3.567416
-4.445487 3.459739
-4.528464 3.350397
-4.608316 3.239686
-4.684903 3.127911
-4.758111 3.015382
-4.827852 2.902411
-4.894068 2.789310
-4.956724 2.676384
-5.015814 2.563933
-5.071354 2.452247
-5.123383 2.341601
-5.171960 2.232258
-5.217164 2.124463
-5.259090 2.018445
-5.297846 1.914413
-5.333552 1.812558
-5.366340 1.713050
-5.396347 1.616041
-5.423715 1.521663
-5.448593 1.430028
-5.471128 1.341233
-5.491469 1.255355
-5.509764 1.172454
-5.526158 1.092576
-5.540793 1.015753
-5.553807 0.942003
-5.565332 0.871332
-5.575496 0.803734
-5.584419 0.739195
-5.592216 0.677690
-5.598996 0.619188
-5.604859 0.563650
-5.609901 0.511031
-5.614211 0.461281
-5.617870 0.414346
-5.620954 0.370168
-5.623532 0.328685
-5.625668 0.289833
-5.627420 0.253547
-5.628841 0.219758
-5.629978 0.188399
-5.630873 0.159401
-5.631566 0.132692
-5.632090 0.108204
-5.632475 0.085866
-5.632747 0.065609
-5.632930 0.047363
-5.633044 0.031060
-5.633105 0.016631
-5.633128 0.004009
-5.633125 -0.006872
-5.633106 -0.016078
-5.633079 -0.023673
-5.633051 -0.029722
-5.633025 -0.034286
-5.633005 -0.037427
-5.632993 -0.039206
-5.632989 -0.039682
-5.632995 -0.038915
-5.633008 -0.036961
-5.633027 -0.033877
-5.633051 -0.029720
-5.633076 -0.024544
-5.633099 -0.018403
-5.633118 -0.011350
-5.633128 -0.003438
-5.633127 0.005281
-5.633110 0.014756
-5.633074 0.024937
-5.633016 0.035775
-5.632931 0.047219
-5.632818 0.059222
-5.632672 0.071734
-5.632492 0.084709
-5.632275 0.098099
-5.632019 0.111858
-5.631721 0.125938
-5.631382 0.140293
-5.631000 0.154877
-5.630574 0.169645
-5.630105 0.184551
-5.629594 0.199549
-5.629040 0.214594
-5.628447 0.229640
-5.627814 0.244643
-5.627146 0.259557
-5.626445 0.274336
-5.625714 0.288935
-5.624958 0.303308
-5.624180 0.317410
-5.623385 0.331195
-5.622578 0.344615
-5.621766 0.357626
-5.620953 0.370179
-5.620147 0.382227
-5.619353 0.393723
-5.618579 0.404619
-5.617832 0.414865
-5.617118 0.424413
-5.616447 0.433213
-5.615824 0.441213
-5.615257 0.448364
-5.614755 0.454612
-5.614324 0.459905
-5.613971 0.464190
-5.613704 0.467412
-5.613528 0.469516
-5.613450 0.470445
-5.613476 0.470143
-5.613609 0.468550
-5.613854 0.465608
-5.614213 0.461256
-5.614688 0.455433
-5.615280 0.448076
-5.615988 0.439121
-5.616808 0.428504
-5.617736 0.416158
-5.618766 0.402016
-5.619888 0.386011
-5.621091 0.368073
-5.622361 0.348133
-5.623681 0.326119
-5.625030 0.301960
-5.626384 0.275585
-5.627715 0.246920
-5.628991 0.215893
-5.630174 0.182433
-5.631225 0.146465
-5.632095 0.107921
-5.632734 0.066728
-5.633083 0.022818
-5.633079 -0.023875
-5.632651 -0.073416
-5.631723 -0.125865
-5.630212 -0.181281
-5.628026 -0.239715
-5.625070 -0.301215
-5.621238 -0.365822
-5.616419 -0.433569
-5.610494 -0.504483
-5.603338 -0.578578
-5.594818 -0.655861
-5.584798 -0.736326
-5.573134 -0.819955
-5.559677 -0.906715
-5.544278 -0.996558
-5.526781 -1.089422
-5.507031 -1.185224
-5.484873 -1.283866
-5.460154 -1.385230
-5.432724 -1.489178
-5.402440 -1.595552
-5.369165 -1.704176
-5.332773 -1.814850
-5.293150 -1.927357
-5.250199 -2.041460
-5.203835 -2.156906
-5.153998 -2.273423
-5.100644 -2.390727
-5.043756 -2.508519
-4.983340 -2.626493
-4.919428 -2.744335
-4.852078 -2.861728
-4.781377 -2.978352
-4.707438 -3.093893
-4.630401 -3.208041
-4.550432 -3.320499
-4.467721 -3.430979
-4.382480 -3.539211
-4.294941 -3.644945
-4.205355 -3.747950
-4.113987 -3.848020
-4.021111 -3.944973
-3.927013 -4.038652
-3.831981 -4.128930
-3.736307 -4.215703
-3.640280 -4.298896
-3.544186 -4.378458
-3.448301 -4.454364
-3.352897 -4.526613
-3.258229 -4.595225
-3.164541 -4.660238
-3.072064 -4.721713
-2.981008 -4.779721
-2.891572 -4.834352
-2.803933 -4.885704
-2.718254 -4.933887
-2.634677 -4.979018
-2.553330 -5.021220
-2.474322 -5.060620
-2.397746 -5.097348
-2.323680 -5.131535
-2.252187 -5.163313
-2.183317 -5.192810
-2.117104 -5.220155
-2.053574 -5.245472
-1.992739 -5.268884
-1.934603 -5.290506
-1.879158 -5.310453
-1.826391 -5.328831
-1.776279 -5.345744
-1.728795 -5.361288
-1.683903 -5.375557
-1.641565 -5.388637
-1.601736 -5.400610
-1.564369 -5.411552
-1.529413 -5.421535
-1.496815 -5.430625
-1.466517 -5.438885
-1.438464 -5.446372
-1.412595 -5.453139
-1.388850 -5.459234
-1.367168 -5.464705
-1.347486 -5.469591
-1.329743 -5.473932
-1.313877 -5.477762
-1.299824 -5.481113
-1.287523 -5.484016
-1.276911 -5.486496
-1.267927 -5.488579
-1.260511 -5.490288
-1.254601 -5.491641
-1.250137 -5.492659
-1.247061 -5.493358
-1.245313 -5.493755
-1.244836 -5.493863
-1.245573 -5.493696
-1.247468 -5.493266
-1.250464 -5.492584
-1.254508 -5.491662
-1.259544 -5.490509
-1.265520 -5.489135
-1.272383 -5.487548
-1.280081 -5.485758
-1.288563 -5.483772
-1.297778 -5.481598
-1.307677 -5.479245
-1.318210 -5.476720
-1.329329 -5.474032
-1.340985 -5.471189
-1.353131 -5.468197
-1.365720 -5.465067
-1.378704 -5.461805
-1.392039 -5.458422
-1.405678 -5.454926
-1.419576 -5.451325
-1.433688 -5.447631
-1.447969 -5.443852
-1.462375 -5.440000
-1.476861 -5.436085
-1.491384 -5.432119
-1.505900 -5.428113
-1.520365 -5.424079
-1.534735 -5.420031
-1.548967 -5.415981
-1.563018 -5.411942
-1.576843 -5.407930
-1.590399 -5.403959
-1.603643 -5.400044
-1.616531 -5.396200
-1.629018 -5.392443
-1.641060 -5.388791
-1.652613 -5.385259
-1.663632 -5.381865
-1.674070 -5.378627
-1.683883 -5.375563
-1.693024 -5.372691
-1.701446 -5.370030
-1.709102 -5.367599
-1.715944 -5.365415
-1.721922 -5.363500
-1.726987 -5.361871
-1.731088 -5.360548
-1.734174 -5.359551
-1.736194 -5.358897
-1.737092 -5.358606
-1.736815 -5.358696
-1.735307 -5.359184
-1.732511 -5.360089
-1.728369 -5.361426
-1.722821 -5.363211
-1.715807 -5.365459
-1.707264 -5.368184
-1.697128 -5.371396
-1.685335 -5.375108
-1.671817 -5.379328
-1.656507 -5.384063
-1.639333 -5.389316
-1.620226 -5.395092
-1.599112 -5.401387
-1.575917 -5.408200
-1.550565 -5.415523
-1.522979 -5.423346
-1.493082 -5.431653
-1.460795 -5.440425
-1.426038 -5.449639
-1.388730 -5.459265
-1.348792 -5.469269
-1.306144 -5.479611
-1.260706 -5.490243
-1.212399 -5.501112
-1.161146 -5.512158
-1.106874 -5.523312
-1.049509 -5.534499
-0.988984 -5.545634
-0.925235 -5.556625
-0.858204 -5.567372
-0.787839 -5.577764
-0.714095 -5.587684
-0.636937 -5.597004
-0.556339 -5.605589
-0.472286 -5.613296
-0.384775 -5.619973
-0.293820 -5.625461
-0.199446 -5.629597
-0.101696 -5.632211
-0.000632 -5.633129
0.103667 -5.632175
0.211101 -5.629172
0.321549 -5.623944
0.434869 -5.616318
0.550899 -5.606127
0.669451 -5.593208
0.790318 -5.577414
0.913272 -5.558604
1.038063 -5.536657
1.164424 -5.511466
1.292069 -5.482947
1.420698 -5.451033
1.549998 -5.415686
1.679646 -5.376889
1.809313 -5.334654
1.938666 -5.289019
2.067373 -5.240049
2.195105 -5.187838
2.321539 -5.132505
2.446363 -5.074195
2.569282 -5.013077
2.690012 -4.949341
2.808293 -4.883199
2.923884 -4.814877
3.036570 -4.744617
3.146156 -4.672670
3.252479 -4.599296
3.355397 -4.524760
3.454796 -4.449329
3.550589 -4.373267
3.642711 -4.296836
3.731124 -4.220291
3.815811 -4.143879
3.896775 -4.067836
3.974040 -3.992386
4.047647 -3.917741
4.117652 -3.844098
4.184124 -3.771638
4.247144 -3.700529
4.306803 -3.630922
4.363200 -3.562953
4.416440 -3.496742
4.466633 -3.432395
4.513892 -3.370004
4.558332 -3.309646
4.600070 -3.251385
4.639221 -3.195273
4.675902 -3.141351
4.710225 -3.089649
4.742301 -3.040186
4.772239 -2.992972
4.800144 -2.948010
4.826117 -2.905295
4.850257 -2.864813
4.872656 -2.826547
4.893404 -2.790473
4.912587 -2.756561
4.930286 -2.724779
4.946579 -2.695089
4.961537 -2.667451
4.975231 -2.641822
4.987725 -2.618156
4.999082 -2.596407
5.009359 -2.576523
5.018611 -2.558455
5.026889 -2.542151
5.034242 -2.527558
5.040716 -2.514623
5.046353 -2.503291
5.051194 -2.493509
5.055276 -2.485222
5.058636 -2.478376
5.061307 -2.472917
5.063321 -2.468790
5.064709 -2.465941
5.065499 -2.464318
5.065718 -2.463868
5.065393 -2.464537
5.064548 -2.466273
5.063206 -2.469026
5.061392 -2.472744
5.059126 -2.477376
5.056430 -2.482873
5.053325 -2.489187
5.049831 -2.496267
5.045968 -2.504067
5.041755 -2.512538
5.037212 -2.521635
5.032357 -2.531310
5.027209 -2.541519
5.021787 -2.552216
5.016109 -2.563356
5.010195 -2.574897
5.004063 -2.586794
4.997732 -2.599004
4.991221 -2.611485
4.984550 -2.624196
4.977739 -2.637093
4.970807 -2.650136
4.963775 -2.663285
4.956663 -2.676497
4.949492 -2.689735
4.942284 -2.702956
4.935061 -2.716122
4.927845 -2.729193
4.920658 -2.742129
4.913524 -2.754892
4.906466 -2.767442
4.899510 -2.779739
4.892678 -2.791746
4.885997 -2.803422
4.879493 -2.814729
4.873190 -2.825626
4.867117 -2.836075
4.861299 -2.846035
4.855765 -2.855467
4.850543 -2.864329
4.845660 -2.872582
4.841146 -2.880182
4.837030 -2.887090
4.833341 -2.893261
4.830109 -2.898653
4.827364 -2.903222
4.825137 -2.906923
4.823456 -2.909710
4.822354 -2.911537
4.821860 -2.912355
4.822004 -2.912116
4.822817 -2.910770
4.824328 -2.908265
4.826566 -2.904549
4.829561 -2.899566
4.833340 -2.893262
4.837932 -2.885578
4.843361 -2.876456
4.849654 -2.865833
4.856834 -2.853648
4.864924 -2.839835
4.873943 -2.824328
4.883910 -2.807056
4.894842 -2.787950
4.906751 -2.766936
4.919649 -2.743939
4.933541 -2.718882
4.948431 -2.691686
4.964320 -2.662268
4.981201 -2.630547
4.999065 -2.596438
5.017897 -2.559855
5.037674 -2.520710
5.058371 -2.478916
5.079953 -2.434383
5.102378 -2.387024
5.125597 -2.336749
5.149554 -2.283472
5.174180 -2.227106
5.199402 -2.167570
5.225135 -2.104783
5.251283 -2.038669
5.277742 -1.969158
5.304396 -1.896187
5.331120 -1.819700
5.357776 -1.739648
5.384220 -1.655997
5.410292 -1.568719
5.435829 -1.477805
5.460654 -1.383258
5.484585 -1.285096
5.507432 -1.183358
5.529000 -1.078100
5.549091 -0.969399
5.567503 -0.857353
5.584036 -0.742084
5.598491 -0.623736
5.610674 -0.502477
5.620399 -0.378497
5.627489 -0.252011
5.631781 -0.123255
5.633124 0.007512
5.631389 0.140014
5.626464 0.273954
5.618260 0.409022
5.606713 0.544896
5.591785 0.681242
5.573462 0.817721
5.551760 0.953993
5.526723 1.089716
5.498419 1.224554
5.466946 1.358178
5.432425 1.490271
5.395000 1.620530
5.354839 1.748670
5.312125 1.874425
5.267062 1.997549
5.219864 2.117822
5.170756 2.235046
5.119972 2.349050
5.067750 2.459687
5.014330 2.566835
4.959951 2.670399
4.904851 2.770304
4.849259 2.866501
4.793400 2.958962
4.737490 3.047677
4.681731 3.132656
4.626319 3.213926
4.571433 3.291526
4.517243 3.365510
4.463903 3.435945
4.411554 3.502904
4.360325 3.566470
4.310330 3.626734
4.261672 3.683789
4.214439 3.737733
4.168709 3.788669
4.124548 3.836698
4.082010 3.881925
4.041140 3.924454
4.001972 3.964387
3.964535 4.001826
3.928844 4.036872
3.894910 4.069622
3.862737 4.100171
3.832322 4.128614
3.803656 4.155038
3.776726 4.179532
3.751513 4.202178
3.727994 4.223057
3.706143 4.242246
3.685931 4.259819
3.667325 4.275848
3.650291 4.290399
3.634792 4.303537
3.620788 4.315326
3.608241 4.325823
3.597107 4.335085
3.587345 4.343167
3.578910 4.350120
3.571759 4.355994
3.565847 4.360835
3.561128 4.364689
3.557558 4.367600
3.555090 4.369609
3.553680 4.370756
3.553281 4.371080
3.553849 4.370618
3.555339 4.369406
3.557705 4.367480
3.560904 4.364872
3.564891 4.361617
3.569622 4.357745
3.575055 4.353289
3.581147 4.348279
3.587856 4.342745
3.595139 4.336718
3.602956 4.330225
3.611266 4.323298
3.620029 4.315963
3.629205 4.308249
3.638756 4.300186
3.648642 4.291801
3.658826 4.283122
3.669271 4.274178
3.679938 4.264997
3.690792 4.255608
3.701797 4.246038
3.712917 4.236318
3.724117 4.226476
3.735361 4.216541
3.746616 4.206544
3.757848 4.196513
3.769023 4.186480
3.780106 4.176475
3.791066 4.166528
3.801870 4.156673
3.812483 4.146941
3.822875 4.137363
3.833012 4.127974
3.842861 4.118806
3.852392 4.109893
3.861570 4.101271
3.870364 4.092973
3.878741 4.085035
3.886668 4.077494
3.894112 4.070385
3.901040 4.063746
3.907418 4.057613
3.913212 4.052026
3.918387 4.047022
3.922907 4.042641
3.926737 4.038921
3.929840 4.035901
3.932179 4.033623
3.933714 4.032125
3.934407 4.031450
3.934216 4.031636
3.933100 4.032725
3.931015 4.034757
3.927916 4.037774
3.923758 4.041815
3.918492 4.046921
3.912068 4.053131
3.904434 4.060485
3.895538 4.069021
3.885322 4.078777
3.873729 4.089788
3.860699 4.102091
3.846168 4.115719
3.830071 4.130703
3.812339 4.147073
3.792903 4.164857
3.771688 4.184079
3.748618 4.204760
3.723614 4.226919
3.696594 4.250569
3.667473 4.275721
3.636164 4.302378
3.602578 4.330540
3.566622 4.360201
3.528203 4.391347
3.487224 4.423959
3.443589 4.458009
3.397199 4.493460
3.347955 4.530269
3.295761 4.568381
3.240518 4.607731
3.182133 4.648244
3.120511 4.689835
3.055565 4.732406
2.987212 4.775846
2.915374 4.820035
2.839983 4.864837
2.760978 4.910107
2.678309 4.955684
2.591941 5.001398
2.501851 5.047067
2.408030 5.092498
2.310491 5.137487
2.209263 5.181824
2.104395 5.225291
1.995959 5.267665
1.884051 5.308719
1.768789 5.348227
1.650317 5.385963
1.528802 5.421707
1.404437 5.455245
1.277440 5.486373
1.148051 5.514900
1.016531 5.540651
0.883162 5.563467
0.748245 5.583214
0.612095 5.599775
0.475037 5.613064
0.337410 5.623015
0.199552 5.629594
0.061810 5.632790
-0.075477 5.632624
-0.211970 5.629140
-0.347343 5.622410
-0.481279 5.612532
-0.613476 5.599624
-0.743651 5.583827
-0.871537 5.565300
-0.996893 5.544218
-1.119497 5.520767
-1.239152 5.495148
-1.355685 5.467565
-1.468947 5.438229
-1.578813 5.407356
-1.685181 5.375157
-1.787972 5.341844
-1.887129 5.307626
-1.982613 5.272702
-2.074406 5.237269
-2.162506 5.201510
-2.246928 5.165604
-2.327699 5.129714
-2.404859 5.093996
-2.478460 5.058595
-2.548564 5.023641
-2.615237 4.989256
-2.678557 4.955550
-2.738604 4.922621
-2.795463 4.890555
-2.849222 4.859432
-2.899973 4.829317
-2.947808 4.800268
-2.992820 4.772334
-3.035102 4.745556
-3.074747 4.719965
-3.111848 4.695588
-3.146496 4.672441
-3.178779 4.650538
-3.208787 4.629885
-3.236603 4.610482
-3.262311 4.592327
-3.285994 4.575411
-3.307729 4.559723
-3.327593 4.545247
-3.345659 4.531965
-3.362000 4.519856
-3.376685 4.508896
-3.389780 4.499059
-3.401351 4.490318
-3.411458 4.482644
-3.420163 4.476006
-3.427525 4.470371
-3.433598 4.465708
-3.438437 4.461983
-3.442096 4.459161
-3.444625 4.457208
-3.446074 4.456088
-3.446490 4.455766
-3.445920 4.456207
-3.444410 4.457374
-3.442003 4.459233
-3.438744 4.461747
-3.434673 4.464881
-3.429833 4.468601
-3.424263 4.472870
-3.418003 4.477656
-3.411092 4.482922
-3.403570 4.488637
-3.395473 4.494765
-3.386839 4.501274
-3.377705 4.508132
-3.368108 4.515307
-3.358084 4.522766
-3.347671 4.530480
-3.336903 4.538416
-3.325817 4.546546
-3.314450 4.554840
-3.302836 4.563268
-3.291013 4.571802
-3.279017 4.580414
-3.266883 4.589076
-3.254648 4.597761
-3.242349 4.606443
-3.230024 4.615094
-3.217708 4.623689
-3.205440 4.632203
-3.193257 4.640609
-3.181198 4.648884
-3.169301 4.657003
-3.157606 4.664941
-3.146151 4.672673
-3.134977 4.680178
-3.124124 4.687429
-3.113634 4.694404
-3.103546 4.701079
-3.093904 4.707431
-3.084750 4.713434
-3.076126 4.719067
-3.068078 4.724304
-3.060647 4.729121
-3.053880 4.733493
-3.047822 4.737397
-3.042518 4.740805
-3.038015 4.743692
-3.034359 4.746031
-3.031599 4.747794
-3.029782 4.748954
-3.028956 4.749481
-3.029170 4.749344
-3.030474 4.748512
-3.032917 4.746953
-3.036549 4.744630
-3.041419 4.741510
-3.047577 4.737554
-3.055075 4.732723
-3.063961 4.726975
-3.074285 4.720267
-3.086097 4.712553
-3.099445 4.703784
-3.114377 4.693911
-3.130941 4.682878
-3.149183 4.670631
-3.169146 4.657109
-3.190873 4.642249
-3.214405 4.625986
-3.239781 4.608249
-3.267036 4.588967
-3.296202 4.568063
-3.327307 4.545456
-3.360378 4.521063
-3.395432 4.494795
-3.432486 4.466563
-3.471547 4.436271
-3.512619 4.403823
-3.555696 4.369116
-3.600766 4.332047
-3.647808 4.292510
-3.696790 4.250398
-3.747674 4.205601
-3.800408 4.158010
-3.854928 4.107515
-3.911160 4.054007
-3.969017 3.997380
-4.028397 3.937532
-4.089186 3.874365
-4.151254 3.807786
-4.214458 3.737711
-4.278641 3.664066
-4.343628 3.586786
-4.409236 3.505821
-4.475263 3.421135
-4.541498 3.332708
-4.607717 3.240539
-4.673686 3.144646
-4.739165 3.045071
-4.803905 2.941878
-4.867653 2.835154
-4.930158 2.725012
-4.991166 2.611592
-5.050429 2.495057
-5.107708 2.375598
-5.162770 2.253430
-5.215399 2.128792
-5.265394 2.001943
-5.312570 1.873164
-5.356767 1.742754
-5.397846 1.611025
-5.435694 1.478301
-5.470224 1.344915
-5.501375 1.211203
-5.529117 1.077504
-5.553442 0.944154
-5.574374 0.811482
-5.591959 0.679810
-5.606269 0.549446
-5.617399 0.420685
-5.625462 0.293803
-5.630592 0.169059
-5.632936 0.046689
-5.632655 -0.073089
-5.629921 -0.190084
-5.624914 -0.304124
-5.617817 -0.415062
-5.608819 -0.522771
-5.598109 -0.627149
-5.585875 -0.728112
-5.572300 -0.825599
-5.557567 -0.919564
-5.541848 -1.009981
-5.525313 -1.096839
-5.508122 -1.180142
-5.490426 -1.259908
-5.472367 -1.336166
-5.454080 -1.408954
-5.435689 -1.478321
-5.417306 -1.544324
-5.399038 -1.607025
-5.380980 -1.666493
-5.363217 -1.722801
-5.345828 -1.776026
-5.328880 -1.826247
-5.312435 -1.873546
-5.296545 -1.918007
-5.281256 -1.959713
-5.266607 -1.998749
-5.252629 -2.035199
-5.239349 -2.069146
-5.226788 -2.100675
-5.214961 -2.129866
-5.203879 -2.156802
-5.193548 -2.181560
-5.183971 -2.204220
-5.175148 -2.224857
-5.167073 -2.243546
-5.159740 -2.260360
-5.153139 -2.275369
-5.147257 -2.288643
-5.142081 -2.300249
-5.137594 -2.310253
-5.133779 -2.318719
-5.130616 -2.325709
-5.128086 -2.331284
-5.126166 -2.335502
-5.124834 -2.338422
-5.124069 -2.340099
-5.123845 -2.340589
-5.124139 -2.339945
-5.124927 -2.338219
-5.126184 -2.335462
-5.127885 -2.331724
-5.130006 -2.327055
-5.132521 -2.321503
-5.135405 -2.315115
-5.138635 -2.307937
