cos() sin()
6.920559 0.000000
6.920810 -0.000007
6.921562 -0.000058
6.922813 -0.000195
6.924557 -0.000462
6.926788 -0.000901
6.929498 -0.001554
6.932678 -0.002463
6.936315 -0.003668
6.940396 -0.005210
6.944907 -0.007127
6.949831 -0.009458
6.955149 -0.012239
6.960843 -0.015506
6.966891 -0.019293
6.973271 -0.023632
6.979961 -0.028555
6.986935 -0.034091
6.994168 -0.040269
7.001633 -0.047114
7.009304 -0.054652
7.017150 -0.062904
7.025145 -0.071891
7.033259 -0.081632
7.041460 -0.092144
7.049720 -0.103442
7.058007 -0.115539
7.066291 -0.128445
7.074541 -0.142170
7.082725 -0.156719
7.090814 -0.172099
7.098776 -0.188312
7.106581 -0.205358
7.114199 -0.223238
7.121602 -0.241947
7.128759 -0.261482
7.135643 -0.281835
7.142227 -0.302999
7.148483 -0.324964
7.154386 -0.347717
7.159910 -0.371246
7.165033 -0.395536
7.169732 -0.420571
7.173984 -0.446332
7.177770 -0.472803
7.181070 -0.499961
7.183865 -0.527787
7.186141 -0.556258
7.187880 -0.585350
7.189070 -0.615041
7.189698 -0.645304
7.189752 -0.676115
7.189223 -0.707447
7.188103 -0.739273
7.186384 -0.771567
7.184062 -0.804302
7.181132 -0.837448
7.177592 -0.870979
7.173440 -0.904867
7.168678 -0.939083
7.163306 -0.973600
7.157327 -1.008389
7.150747 -1.043424
7.143569 -1.078677
7.135802 -1.114121
7.127454 -1.149730
7.118533 -1.185478
7.109050 -1.221339
7.099016 -1.257289
7.088444 -1.293304
7.077348 -1.329360
7.065741 -1.365435
7.053639 -1.401507
7.041058 -1.437555
7.028016 -1.473560
7.014529 -1.509503
7.000616 -1.545365
6.986295 -1.581131
6.971587 -1.616783
6.956510 -1.652307
6.941085 -1.687690
6.925333 -1.722919
6.909274 -1.757982
6.892930 -1.792870
6.876321 -1.827572
6.859468 -1.862081
6.842394 -1.896389
6.825119 -1.930492
6.807665 -1.964383
6.790052 -1.998060
6.772302 -2.031521
6.754434 -2.064762
6.736470 -2.097785
6.718428 -2.130589
6.700329 -2.163176
6.682191 -2.195549
6.664033 -2.227712
6.645873 -2.259667
6.627728 -2.291422
6.609615 -2.322982
6.591549 -2.354354
6.573546 -2.385546
6.555620 -2.416565
6.537786 -2.447421
6.520055 -2.478125
6.502440 -2.508685
6.484952 -2.539112
6.467601 -2.569419
6.450397 -2.599616
6.433347 -2.629716
6.416460 -2.659731
6.399742 -2.689674
6.383198 -2.719557
6.366834 -2.749393
6.350652 -2.779196
6.334654 -2.808979
6.318844 -2.838755
6.303221 -2.868537
6.287785 -2.898338
6.272535 -2.928171
6.257468 -2.958049
6.242581 -2.987983
6.227871 -3.017987
6.213333 -3.048072
6.198959 -3.078248
6.184745 -3.108527
6.170682 -3.138920
6.156761 -3.169435
6.142975 -3.200083
6.129313 -3.230871
6.115765 -3.261808
6.102319 -3.292900
6.088964 -3.324155
6.075687 -3.355577
6.062476 -3.387171
6.049317 -3.418942
6.036196 -3.450892
6.023100 -3.483023
6.010013 -3.515337
5.996922 -3.547833
5.983810 -3.580512
5.970662 -3.613371
5.957463 -3.646407
5.944198 -3.679617
5.930851 -3.712996
5.917406 -3.746538
5.903849 -3.780236
5.890162 -3.814082
5.876332 -3.848068
5.862344 -3.882183
5.848182 -3.916417
5.833833 -3.950756
5.819282 -3.985189
5.804517 -4.019702
5.789524 -4.054279
5.774291 -4.088904
5.758806 -4.123561
5.743058 -4.158233
5.727037 -4.192900
5.710733 -4.227543
5.694137 -4.262143
5.677242 -4.296678
5.660039 -4.331127
5.642524 -4.365468
5.624691 -4.399678
5.606535 -4.433733
5.588053 -4.467611
5.569244 -4.501287
5.550107 -4.534736
5.530641 -4.567933
5.510847 -4.600853
5.490729 -4.633472
5.470290 -4.665762
5.449534 -4.697699
5.428468 -4.729258
5.407098 -4.760412
5.385433 -4.791137
5.363484 -4.821407
5.341259 -4.851198
5.318772 -4.880485
5.296035 -4.909245
5.273064 -4.937453
5.249872 -4.965086
5.226477 -4.992124
5.202896 -5.018543
5.179149 -5.044324
5.155254 -5.069447
5.131232 -5.093892
5.107105 -5.117642
5.082895 -5.140680
5.058625 -5.162991
5.034320 -5.184559
5.010004 -5.205372
4.985703 -5.225419
4.961441 -5.244688
4.937247 -5.263170
4.913145 -5.280859
4.889165 -5.297747
4.865333 -5.313831
4.841676 -5.329108
4.818223 -5.343576
4.795001 -5.357236
4.772038 -5.370091
4.749361 -5.382143
4.726998 -5.393399
4.704976 -5.403866
4.683320 -5.413553
4.662058 -5.422470
4.641214 -5.430631
4.620812 -5.438049
4.600878 -5.444740
4.581433 -5.450723
4.562499 -5.456015
4.544098 -5.460639
4.526249 -5.464615
4.508970 -5.467969
4.492279 -5.470726
4.476191 -5.472912
4.460720 -5.474555
4.445879 -5.475685
4.431680 -5.476333
4.418131 -5.476529
4.405241 -5.476307
4.393015 -5.475701
4.381457 -5.474745
4.370569 -5.473473
4.360352 -5.471923
4.350804 -5.470130
4.341922 -5.468132
4.333700 -5.465966
4.326131 -5.463669
4.319205 -5.461279
4.312911 -5.458834
4.307235 -5.456371
4.302163 -5.453927
4.297677 -5.451540
4.293758 -5.449246
4.290386 -5.447082
4.287537 -5.445082
4.285188 -5.443282
4.283312 -5.441715
4.281882 -5.440413
4.280870 -5.439410
4.280243 -5.438734
4.279972 -5.438416
4.280022 -5.438483
4.280359 -5.438963
4.280949 -5.439880
4.281753 -5.441257
4.282737 -5.443117
4.283861 -5.445480
4.285087 -5.448365
4.286376 -5.451787
4.287688 -5.455761
4.288984 -5.460302
4.290223 -5.465420
4.291366 -5.471123
4.292373 -5.477420
4.293203 -5.484316
4.293818 -5.491815
4.294178 -5.499917
4.294244 -5.508622
4.293979 -5.517929
4.293345 -5.527833
4.292305 -5.538328
4.290825 -5.549408
4.288870 -5.561061
4.286406 -5.573279
4.283402 -5.586047
4.279825 -5.599351
4.275648 -5.613177
4.270841 -5.627507
4.265378 -5.642322
4.259235 -5.657604
4.252387 -5.673330
4.244813 -5.689480
4.236493 -5.706031
4.227409 -5.722957
4.217543 -5.740236
4.206882 -5.757841
4.195413 -5.775746
4.183124 -5.793926
4.170006 -5.812352
4.156052 -5.830998
4.141256 -5.849835
4.125614 -5.868837
4.109125 -5.887975
4.091788 -5.907221
4.073604 -5.926548
4.054578 -5.945928
4.034714 -5.965334
4.014018 -5.984738
3.992500 -6.004115
3.970168 -6.023437
3.947033 -6.042681
3.923110 -6.061820
3.898411 -6.080832
3.872953 -6.099692
3.846751 -6.118378
3.819823 -6.136870
3.792190 -6.155145
3.763870 -6.173185
3.734884 -6.190970
3.705255 -6.208485
3.675005 -6.225711
3.644158 -6.242635
3.612737 -6.259241
3.580768 -6.275517
3.548275 -6.291452
3.515285 -6.307034
3.481822 -6.322255
3.447914 -6.337108
3.413587 -6.351584
3.378868 -6.365678
3.343783 -6.379387
3.308358 -6.392708
3.272621 -6.405638
3.236597 -6.418177
3.200313 -6.430326
3.163795 -6.442086
3.127068 -6.453460
3.090157 -6.464452
3.053087 -6.475067
3.015882 -6.485312
2.978565 -6.495193
2.941160 -6.504718
2.903687 -6.513897
2.866170 -6.522739
2.828627 -6.531255
2.791080 -6.539456
2.753547 -6.547354
2.716046 -6.554963
2.678594 -6.562296
2.641207 -6.569366
2.603901 -6.576189
2.566691 -6.582780
2.529588 -6.589154
2.492605 -6.595326
2.455754 -6.601314
2.419044 -6.607133
2.382485 -6.612801
2.346084 -6.618333
2.309848 -6.623747
2.273784 -6.629060
2.237895 -6.634288
2.202187 -6.639449
2.166660 -6.644558
2.131318 -6.649632
2.096160 -6.654688
2.061188 -6.659741
2.026398 -6.664806
1.991789 -6.669900
1.957358 -6.675036
1.923102 -6.680229
1.889014 -6.685493
1.855090 -6.690840
1.821323 -6.696284
1.787706 -6.701835
1.754230 -6.707506
1.720889 -6.713306
1.687671 -6.719245
1.654568 -6.725333
1.621570 -6.731577
1.588665 -6.737984
1.555842 -6.744561
1.523091 -6.751314
1.490398 -6.758246
1.457752 -6.765362
1.425140 -6.772664
1.392550 -6.780154
1.359969 -6.787833
1.327385 -6.795701
1.294783 -6.803756
1.262153 -6.811996
1.229480 -6.820419
1.196753 -6.829021
1.163958 -6.837795
1.131085 -6.846738
1.098121 -6.855840
1.065054 -6.865096
1.031874 -6.874496
0.998570 -6.884031
0.965132 -6.893689
0.931550 -6.903461
0.897816 -6.913333
0.863920 -6.923294
0.829857 -6.933328
0.795618 -6.943423
0.761197 -6.953564
0.726590 -6.963733
0.691791 -6.973916
0.656797 -6.984095
0.621606 -6.994254
0.586216 -7.004374
0.550626 -7.014437
0.514836 -7.024425
0.478848 -7.034319
0.442664 -7.044100
0.406286 -7.053748
0.369721 -7.063244
0.332973 -7.072569
0.296049 -7.081702
0.258956 -7.090625
0.221704 -7.099317
0.184303 -7.107759
0.146763 -7.115932
0.109096 -7.123817
0.071317 -7.131395
0.033439 -7.138649
-0.004523 -7.145560
-0.042552 -7.152110
-0.080631 -7.158284
-0.118741 -7.164064
-0.156862 -7.169436
-0.194976 -7.174385
-0.233060 -7.178895
-0.271093 -7.182955
-0.309051 -7.186552
-0.346912 -7.189674
-0.384651 -7.192311
-0.422244 -7.194454
-0.459664 -7.196094
-0.496885 -7.197224
-0.533883 -7.197838
-0.570628 -7.197931
-0.607096 -7.197499
-0.643257 -7.196539
-0.679084 -7.195052
-0.714550 -7.193036
-0.749626 -7.190493
-0.784286 -7.187425
-0.818500 -7.183838
-0.852243 -7.179736
-0.885486 -7.175126
-0.918204 -7.170017
-0.950368 -7.164417
-0.981955 -7.158338
-1.012938 -7.151791
-1.043294 -7.144790
-1.072998 -7.137351
-1.102027 -7.129488
-1.130360 -7.121219
-1.157977 -7.112563
-1.184856 -7.103539
-1.210980 -7.094168
-1.236332 -7.084471
-1.260895 -7.074472
-1.284656 -7.064193
-1.307600 -7.053660
-1.329718 -7.042898
-1.350998 -7.031934
-1.371433 -7.020793
-1.391017 -7.009503
-1.409744 -6.998093
-1.427613 -6.986591
-1.444621 -6.975026
-1.460770 -6.963426
-1.476063 -6.951821
-1.490505 -6.940240
-1.504101 -6.928712
-1.516862 -6.917267
-1.528797 -6.905933
-1.539920 -6.894740
-1.550244 -6.883715
-1.559786 -6.872886
-1.568566 -6.862281
-1.576603 -6.851926
-1.583918 -6.841846
-1.590538 -6.832067
-1.596486 -6.822613
-1.601791 -6.813505
-1.606482 -6.804767
-1.610589 -6.796418
-1.614145 -6.788478
-1.617183 -6.780964
-1.619739 -6.773893
-1.621848 -6.767280
-1.623548 -6.761137
-1.624878 -6.755478
-1.625876 -6.750311
-1.626584 -6.745645
-1.627041 -6.741486
-1.627291 -6.737840
-1.627373 -6.734709
-1.627333 -6.732094
-1.627211 -6.729995
-1.627051 -6.728409
-1.626896 -6.727331
-1.626789 -6.726756
-1.626771 -6.726674
-1.626887 -6.727077
-1.627176 -6.727953
-1.627681 -6.729288
-1.628441 -6.731067
-1.629497 -6.733273
-1.630886 -6.735888
-1.632648 -6.738892
-1.634818 -6.742264
-1.637431 -6.745980
-1.640521 -6.750018
-1.644122 -6.754350
-1.648263 -6.758952
-1.652974 -6.763794
-1.658284 -6.768850
-1.664218 -6.774088
-1.670799 -6.779479
-1.678052 -6.784992
-1.685996 -6.790595
-1.694649 -6.796256
-1.704029 -6.801943
-1.714149 -6.807622
-1.725024 -6.813261
-1.736663 -6.818827
-1.749074 -6.824287
-1.762266 -6.829607
-1.776241 -6.834755
-1.791004 -6.839698
-1.806554 -6.844405
-1.822890 -6.848845
-1.840010 -6.852985
-1.857907 -6.856797
-1.876576 -6.860251
-1.896008 -6.863317
-1.916192 -6.865970
-1.937117 -6.868181
-1.958768 -6.869926
-1.981132 -6.871180
-2.004191 -6.871920
-2.027928 -6.872124
-2.052324 -6.871771
-2.077357 -6.870843
-2.103008 -6.869321
-2.129253 -6.867189
-2.156069 -6.864432
-2.183431 -6.861036
-2.211316 -6.856990
-2.239696 -6.852283
-2.268546 -6.846907
-2.297838 -6.840853
-2.327547 -6.834116
-2.357643 -6.826692
-2.388099 -6.818577
-2.418888 -6.809771
-2.449982 -6.800274
-2.481352 -6.790087
-2.512970 -6.779214
-2.544810 -6.767660
-2.576843 -6.755429
-2.609043 -6.742529
-2.641383 -6.728970
-2.673837 -6.714760
-2.706379 -6.699911
-2.738985 -6.684435
-2.771629 -6.668345
-2.804289 -6.651656
-2.836942 -6.634384
-2.869566 -6.616543
-2.902140 -6.598153
-2.934643 -6.579230
-2.967056 -6.559794
-2.999362 -6.539864
-3.031544 -6.519460
-3.063584 -6.498604
-3.095468 -6.477315
-3.127183 -6.455617
-3.158715 -6.433531
-3.190054 -6.411078
-3.221187 -6.388283
-3.252107 -6.365168
-3.282804 -6.341755
-3.313272 -6.318067
-3.343506 -6.294129
-3.373499 -6.269961
-3.403249 -6.245587
-3.432753 -6.221030
-3.462010 -6.196311
-3.491019 -6.171454
-3.519781 -6.146478
-3.548297 -6.121406
-3.576571 -6.096258
-3.604607 -6.071054
-3.632408 -6.045813
-3.659980 -6.020556
-3.687330 -5.995299
-3.714465 -5.970061
-3.741393 -5.944859
-3.768123 -5.919708
-3.794663 -5.894624
-3.821025 -5.869622
-3.847219 -5.844714
-3.873255 -5.819914
-3.899146 -5.795234
-3.924904 -5.770684
-3.950541 -5.746274
-3.976071 -5.722013
-4.001506 -5.697909
-4.026859 -5.673970
-4.052145 -5.650200
-4.077378 -5.626606
-4.102570 -5.603191
-4.127736 -5.579958
-4.152889 -5.556909
-4.178043 -5.534046
-4.203213 -5.511368
-4.228410 -5.488874
-4.253648 -5.466562
-4.278940 -5.444431
-4.304299 -5.422475
-4.329736 -5.400692
-4.355263 -5.379074
-4.380892 -5.357616
-4.406632 -5.336311
-4.432494 -5.315151
-4.458487 -5.294128
-4.484620 -5.273232
-4.510902 -5.252453
-4.537338 -5.231781
-4.563936 -5.211204
-4.590702 -5.190711
-4.617640 -5.170290
-4.644755 -5.149928
-4.672049 -5.129612
-4.699525 -5.109328
-4.727184 -5.089063
-4.755027 -5.068803
-4.783052 -5.048534
-4.811259 -5.028241
-4.839644 -5.007910
-4.868204 -4.987527
-4.896935 -4.967076
-4.925830 -4.946544
-4.954884 -4.925916
-4.984087 -4.905178
-5.013433 -4.884317
-5.042911 -4.863318
-5.072510 -4.842168
-5.102219 -4.820854
-5.132025 -4.799364
-5.161915 -4.777686
-5.191875 -4.755808
-5.221888 -4.733720
-5.251939 -4.711411
-5.282011 -4.688872
-5.312087 -4.666093
-5.342146 -4.643068
-5.372171 -4.619788
-5.402141 -4.596247
-5.432036 -4.572441
-5.461834 -4.548364
-5.491513 -4.524012
-5.521052 -4.499384
-5.550427 -4.474478
-5.579616 -4.449293
-5.608596 -4.423830
-5.637341 -4.398091
-5.665829 -4.372079
-5.694036 -4.345797
-5.721937 -4.319252
-5.749508 -4.292448
-5.776725 -4.265395
-5.803564 -4.238100
-5.830001 -4.210573
-5.856012 -4.182826
-5.881575 -4.154871
-5.906666 -4.126720
-5.931262 -4.098389
-5.955343 -4.069892
-5.978886 -4.041248
-6.001871 -4.012472
-6.024277 -3.983585
-6.046087 -3.954605
-6.067280 -3.925554
-6.087840 -3.896453
-6.107751 -3.867324
-6.126997 -3.838191
-6.145564 -3.809077
-6.163438 -3.780008
-6.180608 -3.751009
-6.197063 -3.722105
-6.212795 -3.693324
-6.227794 -3.664691
-6.242054 -3.636234
-6.255571 -3.607981
-6.268341 -3.579959
-6.280362 -3.552195
-6.291633 -3.524719
-6.302156 -3.497558
-6.311932 -3.470738
-6.320967 -3.444289
-6.329266 -3.418236
-6.336837 -3.392607
-6.343688 -3.367427
-6.349831 -3.342723
-6.355279 -3.318519
-6.360044 -3.294839
-6.364143 -3.271708
-6.367592 -3.249146
-6.370410 -3.227176
-6.372618 -3.205817
-6.374237 -3.185089
-6.375290 -3.165009
-6.375800 -3.145593
-6.375794 -3.126857
-6.375299 -3.108814
-6.374342 -3.091475
-6.372952 -3.074850
-6.371160 -3.058949
-6.368996 -3.043777
-6.366492 -3.029339
-6.363681 -3.015639
-6.360595 -3.002677
-6.357270 -2.990452
-6.353738 -2.978962
-6.350035 -2.968202
-6.346195 -2.958165
-6.342254 -2.948842
-6.338246 -2.940222
-6.334207 -2.932293
-6.330171 -2.925039
-6.326174 -2.918445
-6.322249 -2.912491
-6.318430 -2.907157
-6.314750 -2.902420
-6.311242 -2.898256
-6.307938 -2.894640
-6.304868 -2.891543
-6.302062 -2.888937
-6.299548 -2.886791
-6.297355 -2.885072
-6.295509 -2.883746
-6.294035 -2.882780
-6.292955 -2.882137
-6.292293 -2.881779
-6.292069 -2.881668
-6.292301 -2.881766
-6.293007 -2.882033
-6.294202 -2.882428
-6.295901 -2.882910
-6.298114 -2.883438
-6.300852 -2.883970
-6.304124 -2.884465
-6.307935 -2.884879
-6.312291 -2.885173
-6.317193 -2.885303
-6.322643 -2.885228
-6.328640 -2.884909
-6.335180 -2.884303
-6.342259 -2.883372
-6.349871 -2.882076
-6.358006 -2.880378
-6.366656 -2.878240
-6.375809 -2.875626
-6.385450 -2.872502
-6.395567 -2.868833
-6.406141 -2.864588
-6.417157 -2.859735
-6.428594 -2.854246
-6.440432 -2.848092
-6.452650 -2.841248
-6.465226 -2.833689
-6.478136 -2.825392
-6.491356 -2.816336
-6.504860 -2.806503
-6.518623 -2.795875
-6.532617 -2.784436
-6.546816 -2.772174
-6.561192 -2.759077
-6.575717 -2.745134
-6.590362 -2.730339
-6.605101 -2.714686
-6.619903 -2.698170
-6.634741 -2.680790
-6.649587 -2.662546
-6.664411 -2.643439
-6.679187 -2.623473
-6.693887 -2.602652
-6.708484 -2.580985
-6.722952 -2.558479
-6.737265 -2.535145
-6.751397 -2.510994
-6.765324 -2.486041
-6.779023 -2.460298
-6.792471 -2.433784
-6.805647 -2.406514
-6.818529 -2.378507
-6.831097 -2.349784
-6.843334 -2.320365
-6.855221 -2.290272
-6.866743 -2.259527
-6.877884 -2.228154
-6.888630 -2.196178
-6.898968 -2.163623
-6.908888 -2.130515
-6.918379 -2.096880
-6.927431 -2.062744
-6.936038 -2.028135
-6.944194 -1.993079
-6.951892 -1.957604
-6.959131 -1.921736
-6.965906 -1.885505
-6.972217 -1.848936
-6.978065 -1.812057
-6.983450 -1.774896
-6.988375 -1.737479
-6.992844 -1.699832
-6.996862 -1.661981
-7.000434 -1.623953
-7.003568 -1.585772
-7.006271 -1.547463
-7.008554 -1.509050
-7.010425 -1.470555
-7.011897 -1.432002
-7.012980 -1.393412
-7.013687 -1.354805
-7.014033 -1.316203
-7.014030 -1.277624
-7.013695 -1.239086
-7.013041 -1.200606
-7.012086 -1.162201
-7.010845 -1.123886
-7.009336 -1.085675
-7.007576 -1.047581
-7.005582 -1.009617
-7.003372 -0.971792
-7.000965 -0.934118
-6.998378 -0.896603
-6.995629 -0.859255
-6.992738 -0.822080
-6.989723 -0.785084
-6.986601 -0.748272
-6.983391 -0.711647
-6.980111 -0.675211
-6.976778 -0.638966
-6.973410 -0.602912
-6.970023 -0.567048
-6.966635 -0.531374
-6.963262 -0.495886
-6.959919 -0.460580
-6.956622 -0.425454
-6.953385 -0.390501
-6.950223 -0.355716
-6.947147 -0.321091
-6.944172 -0.286620
-6.941309 -0.252294
-6.938570 -0.218105
-6.935964 -0.184043
-6.933501 -0.150098
-6.931190 -0.116260
-6.929039 -0.082518
-6.927055 -0.048860
-6.925244 -0.015275
-6.923610 0.018249
-6.922159 0.051724
-6.920893 0.085163
-6.919815 0.118578
-6.918926 0.151982
-6.918226 0.185388
-6.917715 0.218808
-6.917391 0.252255
-6.917252 0.285742
-6.917295 0.319280
-6.917514 0.352883
-6.917904 0.386561
-6.918460 0.420326
-6.919174 0.454190
-6.920038 0.488163
-6.921044 0.522255
-6.922181 0.556477
-6.923438 0.590836
-6.924806 0.625342
-6.926271 0.660002
-6.927821 0.694824
-6.929443 0.729814
-6.931122 0.764978
-6.932845 0.800320
-6.934595 0.835844
-6.936357 0.871553
-6.938114 0.907450
-6.939852 0.943535
-6.941551 0.979809
-6.943196 1.016271
-6.944768 1.052919
-6.946251 1.089751
-6.947625 1.126761
-6.948874 1.163947
-6.949978 1.201300
-6.950921 1.238816
-6.951683 1.276484
-6.952248 1.314296
-6.952597 1.352241
-6.952713 1.390309
-6.952580 1.428486
-6.952179 1.466760
-6.951495 1.505115
-6.950512 1.543536
-6.949215 1.582006
-6.947588 1.620508
-6.945617 1.659023
-6.943290 1.697532
-6.940593 1.736015
-6.937513 1.774450
-6.934041 1.812815
-6.930166 1.851089
-6.925878 1.889247
-6.921169 1.927265
-6.916032 1.965119
-6.910460 2.002783
-6.904449 2.040233
-6.897993 2.077440
-6.891091 2.114381
-6.883741 2.151026
-6.875941 2.187350
-6.867693 2.223325
-6.858998 2.258924
-6.849860 2.294120
-6.840284 2.328885
-6.830274 2.363193
-6.819838 2.397016
-6.808985 2.430328
-6.797724 2.463103
-6.786065 2.495314
-6.774022 2.526938
-6.761607 2.557948
-6.748835 2.588322
-6.735722 2.618036
-6.722284 2.647068
-6.708541 2.675397
-6.694510 2.703002
-6.680213 2.729864
-6.665670 2.755966
-6.650904 2.781290
-6.635937 2.805821
-6.620795 2.829545
-6.605500 2.852449
-6.590080 2.874523
-6.574559 2.895756
-6.558965 2.916141
-6.543325 2.935671
-6.527665 2.954342
-6.512015 2.972151
-6.496402 2.989097
-6.480853 3.005181
-6.465399 3.020406
-6.450066 3.034776
-6.434883 3.048298
-6.419877 3.060980
-6.405078 3.072832
-6.390510 3.083866
-6.376202 3.094097
-6.362180 3.103541
-6.348468 3.112215
-6.335092 3.120138
-6.322074 3.127333
-6.309439 3.133823
-6.297208 3.139632
-6.285400 3.144787
-6.274037 3.149316
-6.263134 3.153249
-6.252711 3.156618
-6.242781 3.159453
-6.233358 3.161790
-6.224455 3.163664
-6.216082 3.165110
-6.208247 3.166166
-6.200959 3.166870
-6.194222 3.167262
-6.188040 3.167380
-6.182414 3.167265
-6.177345 3.166958
-6.172829 3.166500
-6.168865 3.165933
-6.165445 3.165298
-6.162561 3.164636
-6.160205 3.163990
-6.158366 3.163401
-6.157029 3.162908
-6.156179 3.162554
-6.155801 3.162378
-6.155875 3.162419
-6.156382 3.162716
-6.157300 3.163306
-6.158605 3.164225
-6.160274 3.165510
-6.162279 3.167193
-6.164593 3.169309
-6.167189 3.171887
-6.170035 3.174959
-6.173102 3.178553
-6.176358 3.182695
-6.179770 3.187411
-6.183304 3.192724
-6.186928 3.198654
-6.190605 3.205223
-6.194302 3.212447
-6.197983 3.220342
-6.201613 3.228923
-6.205156 3.238200
-6.208576 3.248184
-6.211839 3.258883
-6.214908 3.270302
-6.217749 3.282446
-6.220328 3.295316
-6.222610 3.308912
-6.224562 3.323233
-6.226152 3.338274
-6.227347 3.354030
-6.228117 3.370493
-6.228432 3.387654
-6.228263 3.405503
-6.227582 3.424027
-6.226363 3.443211
-6.224580 3.463040
-6.222209 3.483498
-6.219228 3.504566
-6.215616 3.526224
-6.211353 3.548452
-6.206420 3.571227
-6.200802 3.594528
-6.194484 3.618330
-6.187451 3.642609
-6.179693 3.667339
-6.171198 3.692495
-6.161959 3.718050
-6.151969 3.743978
-6.141222 3.770250
-6.129716 3.796840
-6.117447 3.823720
-6.104416 3.850861
-6.090624 3.878237
-6.076074 3.905819
-6.060769 3.933579
-6.044717 3.961491
-6.027924 3.989528
-6.010398 4.017662
-5.992151 4.045868
-5.973192 4.074120
-5.953535 4.102393
-5.933194 4.130662
-5.912184 4.158905
-5.890520 4.187098
-5.868219 4.215219
-5.845301 4.243247
-5.821783 4.271163
-5.797686 4.298946
-5.773030 4.326579
-5.747837 4.354044
-5.722128 4.381326
-5.695925 4.408409
-5.669252 4.435280
-5.642133 4.461926
-5.614590 4.488336
-5.586648 4.514498
-5.558331 4.540405
-5.529664 4.566047
-5.500670 4.591419
-5.471375 4.616514
-5.441802 4.641328
-5.411977 4.665858
-5.381923 4.690101
-5.351664 4.714056
-5.321223 4.737723
-5.290624 4.761104
-5.259890 4.784201
-5.229042 4.807016
-5.198103 4.829555
-5.167094 4.851821
-5.136035 4.873821
-5.104947 4.895563
-5.073848 4.917053
-5.042757 4.938301
-5.011692 4.959316
-4.980670 4.980108
-4.949706 5.000687
-4.918815 5.021065
-4.888013 5.041254
-4.857311 5.061266
-4.826724 5.081114
-4.796261 5.100812
-4.765933 5.120373
-4.735750 5.139811
-4.705720 5.159141
-4.675851 5.178376
-4.646148 5.197531
-4.616618 5.216622
-4.587264 5.235662
-4.558089 5.254667
-4.529097 5.273650
-4.500288 5.292627
-4.471663 5.311611
-4.443221 5.330617
-4.414960 5.349659
-4.386878 5.368749
-4.358972 5.387902
-4.331238 5.407129
-4.303669 5.426442
-4.276261 5.445854
-4.249006 5.465375
-4.221897 5.485016
-4.194925 5.504787
-4.168083 5.524697
-4.141360 5.544753
-4.114746 5.564965
-4.088230 5.585338
-4.061801 5.605878
-4.035448 5.626592
-4.009159 5.647483
-3.982920 5.668554
-3.956719 5.689809
-3.930543 5.711248
-3.904379 5.732873
-3.878213 5.754682
-3.852032 5.776676
-3.825822 5.798851
-3.799569 5.821204
-3.773260 5.843731
-3.746881 5.866426
-3.720419 5.889284
-3.693860 5.912297
-3.667193 5.935457
-3.640403 5.958755
-3.613479 5.982180
-3.586410 6.005722
-3.559183 6.029368
-3.531789 6.053106
-3.504216 6.076922
-3.476455 6.100802
-3.448498 6.124729
-3.420335 6.148688
-3.391960 6.172661
-3.363366 6.196632
-3.334547 6.220581
-3.305498 6.244491
-3.276214 6.268340
-3.246693 6.292109
-3.216933 6.315778
-3.186932 6.339325
-3.156691 6.362730
-3.126210 6.385969
-3.095491 6.409022
-3.064538 6.431865
-3.033355 6.454477
-3.001947 6.476835
-2.970320 6.498915
-2.938483 6.520697
-2.906444 6.542156
-2.874213 6.563271
-2.841801 6.584019
-2.809221 6.604380
-2.776486 6.624330
-2.743609 6.643849
-2.710608 6.662916
-2.677498 6.681511
-2.644297 6.699614
-2.611023 6.717207
-2.577698 6.734271
-2.544340 6.750789
-2.510971 6.766744
-2.477615 6.782121
-2.444293 6.796904
-2.411031 6.811081
-2.377852 6.824639
-2.344781 6.837566
-2.311846 6.849852
-2.279071 6.861488
-2.246485 6.872465
-2.214113 6.882779
-2.181984 6.892422
-2.150125 6.901393
-2.118564 6.909688
-2.087330 6.917306
-2.056449 6.924248
-2.025951 6.930516
-1.995862 6.936114
-1.966210 6.941046
-1.937022 6.945319
-1.908324 6.948942
-1.880144 6.951923
-1.852505 6.954275
-1.825433 6.956009
-1.798952 6.957139
-1.773085 6.957682
-1.747853 6.957654
-1.723278 6.957073
-1.699379 6.955960
-1.676176 6.954334
-1.653685 6.952220
-1.631921 6.949639
-1.610901 6.946616
-1.590636 6.943179
-1.571137 6.939352
-1.552415 6.935164
-1.534476 6.930644
-1.517328 6.925820
-1.500974 6.920724
-1.485416 6.915386
-1.470656 6.909836
-1.456691 6.904108
-1.443518 6.898233
-1.431132 6.892244
-1.419525 6.886172
-1.408687 6.880052
-1.398608 6.873914
-1.389274 6.867793
-1.380668 6.861719
-1.372774 6.855726
-1.365573 6.849843
-1.359042 6.844103
-1.353160 6.838535
-1.347900 6.833169
-1.343236 6.828034
-1.339139 6.823156
-1.335580 6.818564
-1.332527 6.814281
-1.329946 6.810333
-1.327804 6.806742
-1.326063 6.803531
-1.324688 6.800719
-1.323639 6.798325
-1.322878 6.796366
-1.322365 6.794858
-1.322059 6.793814
-1.321918 6.793247
-1.321900 6.793167
-1.321962 6.793582
-1.322063 6.794500
-1.322159 6.795925
-1.322206 6.797860
-1.322162 6.800307
-1.321984 6.803265
-1.321630 6.806731
-1.321057 6.810702
-1.320223 6.815170
-1.319089 6.820130
-1.317614 6.825570
-1.315758 6.831480
-1.313484 6.837846
-1.310753 6.844655
-1.307532 6.851890
-1.303784 6.859534
-1.299476 6.867568
-1.294578 6.875972
-1.289057 6.884724
-1.282887 6.893801
-1.276039 6.903181
-1.268489 6.912838
-1.260213 6.922746
-1.251189 6.932879
-1.241399 6.943210
-1.230823 6.953712
-1.219447 6.964355
-1.207255 6.975111
-1.194238 6.985950
-1.180383 6.996845
-1.165684 7.007764
-1.150133 7.018678
-1.133729 7.029559
-1.116467 7.040376
-1.098348 7.051100
-1.079374 7.061703
-1.059548 7.072155
-1.038875 7.082430
-1.017363 7.092500
-0.995020 7.102338
-0.971857 7.111918
-0.947886 7.121216
-0.923121 7.130206
-0.897576 7.138865
-0.871268 7.147171
-0.844214 7.155103
-0.816435 7.162641
-0.787950 7.169765
-0.758780 7.176458
-0.728948 7.182702
-0.698477 7.188483
-0.667391 7.193787
-0.635715 7.198600
-0.603474 7.202912
-0.570695 7.206711
-0.537404 7.209990
-0.503628 7.212741
-0.469395 7.214958
-0.434732 7.216636
-0.399666 7.217772
-0.364227 7.218364
-0.328441 7.218412
-0.292337 7.217916
-0.255941 7.216878
-0.219282 7.215302
-0.182387 7.213192
-0.145282 7.210553
-0.107994 7.207393
-0.070548 7.203720
-0.032970 7.199543
0.004716 7.194871
0.042485 7.189717
0.080314 7.184092
0.118182 7.178010
0.156066 7.171484
0.193945 7.164529
0.231800 7.157160
0.269611 7.149394
0.307361 7.141248
0.345033 7.132739
0.382610 7.123884
0.420078 7.114703
0.457423 7.105214
0.494633 7.095436
0.531694 7.085388
0.568598 7.075091
0.605335 7.064564
0.641895 7.053826
0.678273 7.042899
0.714461 7.031801
0.750455 7.020553
0.786251 7.009174
0.821846 6.997684
0.857238 6.986102
0.892426 6.974448
0.927411 6.962740
0.962194 6.950995
0.996776 6.939233
1.031162 6.927470
1.065355 6.915724
1.099360 6.904009
1.133183 6.892343
1.166830 6.880739
1.200308 6.869213
1.233626 6.857778
1.266793 6.846446
1.299816 6.835229
1.332707 6.824139
1.365476 6.813185
1.398133 6.802378
1.430690 6.791725
1.463159 6.781235
1.495551 6.770913
1.527878 6.760766
1.560154 6.750798
1.592391 6.741014
1.624602 6.731415
1.656800 6.722005
1.688997 6.712783
1.721206 6.703749
1.753440 6.694904
1.785712 6.686244
1.818034 6.677766
1.850418 6.669468
1.882875 6.661343
1.915418 6.653387
1.948058 6.645593
1.980804 6.637953
2.013667 6.630459
2.046657 6.623102
2.079783 6.615873
2.113052 6.608761
2.146472 6.601754
2.180051 6.594840
2.213794 6.588008
2.247707 6.581243
2.281794 6.574533
2.316059 6.567863
2.350505 6.561218
2.385133 6.554583
2.419945 6.547943
2.454940 6.541282
2.490117 6.534584
2.525474 6.527832
2.561009 6.521011
2.596716 6.514104
2.632592 6.507094
2.668629 6.499964
2.704820 6.492699
2.741157 6.485281
2.777630 6.477694
2.814230 6.469923
2.850945 6.461952
2.887761 6.453764
2.924666 6.445346
2.961645 6.436682
2.998683 6.427759
3.035763 6.418563
3.072867 6.409080
3.109978 6.399300
3.147076 6.389209
3.184141 6.378798
3.221153 6.368056
3.258089 6.356975
3.294928 6.345545
3.331646 6.333760
3.368221 6.321613
3.404627 6.309099
3.440841 6.296214
3.476836 6.282954
3.512589 6.269317
3.548073 6.255302
3.583261 6.240910
3.618128 6.226142
3.652648 6.211000
3.686793 6.195489
3.720537 6.179613
3.753855 6.163378
3.786720 6.146792
3.819105 6.129864
3.850986 6.112603
3.882336 6.095021
3.913132 6.077130
3.943349 6.058943
3.972963 6.040476
4.001951 6.021745
4.030291 6.002765
4.057962 5.983556
4.084943 5.964136
4.111216 5.944526
4.136760 5.924746
4.161560 5.904819
4.185600 5.884768
4.208863 5.864615
4.231338 5.844387
4.253012 5.824107
4.273874 5.803801
4.293916 5.783496
4.313129 5.763219
4.331508 5.742996
4.349049 5.722855
4.365749 5.702823
4.381607 5.682928
4.396624 5.663199
4.410803 5.643662
4.424148 5.624346
4.436665 5.605278
4.448363 5.586485
4.459251 5.567994
4.469341 5.549830
4.478647 5.532020
4.487184 5.514589
4.494968 5.497560
4.502019 5.480957
4.508357 5.464802
4.514005 5.449117
4.518986 5.433921
4.523325 5.419233
4.527050 5.405072
4.530189 5.391452
4.532771 5.378390
4.534829 5.365898
4.536393 5.353988
4.537498 5.342670
4.538179 5.331952
4.538470 5.321841
4.538408 5.312341
4.538030 5.303456
4.537375 5.295187
4.536481 5.287532
4.535386 5.280490
4.534129 5.274055
4.532751 5.268221
4.531292 5.262979
4.529789 5.258319
4.528284 5.254229
4.526815 5.250695
4.525422 5.247700
4.524142 5.245227
4.523014 5.243255
4.522075 5.241765
4.521361 5.240732
4.520908 5.240132
4.520750 5.239939
4.520921 5.240125
4.521453 5.240662
4.522377 5.241518
4.523723 5.242663
4.525518 5.244064
4.527789 5.245686
4.530561 5.247496
4.533857 5.249458
4.537699 5.251535
4.542107 5.253692
4.547098 5.255890
4.552689 5.258092
4.558893 5.260261
4.565723 5.262357
4.573189 5.264343
4.581300 5.266181
4.590061 5.267833
4.599478 5.269261
4.609553 5.270429
4.620286 5.271299
4.631676 5.271835
4.643720 5.272002
4.656412 5.271765
4.669746 5.271091
4.683714 5.269948
4.698304 5.268302
4.713506 5.266125
4.729305 5.263387
4.745687 5.260060
4.762635 5.256117
4.780131 5.251534
4.798156 5.246287
4.816690 5.240354
4.835711 5.233715
4.855197 5.226350
4.875125 5.218244
4.895471 5.209380
4.916208 5.199745
4.937312 5.189327
4.958757 5.178116
4.980515 5.166103
5.002560 5.153282
5.024863 5.139648
5.047399 5.125197
5.070138 5.109929
5.093053 5.093843
5.116116 5.076942
5.139300 5.059228
5.162577 5.040708
5.185921 5.021387
5.209304 5.001275
5.232701 4.980380
5.256086 4.958714
5.279434 4.936290
5.302720 4.913121
5.325922 4.889223
5.349016 4.864611
5.371980 4.839304
5.394794 4.813319
5.417436 4.786677
5.439889 4.759397
5.462134 4.731501
5.484154 4.703010
5.505933 4.673949
5.527457 4.644339
5.548711 4.614205
5.569684 4.583571
5.590363 4.552463
5.610740 4.520905
5.630805 4.488923
5.650551 4.456542
5.669970 4.423788
5.689059 4.390687
5.707812 4.357265
5.726228 4.323547
5.744303 4.289559
5.762039 4.255326
5.779435 4.220873
5.796493 4.186225
5.813216 4.151406
5.829608 4.116440
5.845673 4.081351
5.861419 4.046160
5.876850 4.010889
5.891976 3.975562
5.906805 3.940197
5.921346 3.904815
5.935609 3.869435
5.949606 3.834076
5.963348 3.798754
5.976848 3.763487
5.990117 3.728290
6.003171 3.693177
6.016022 3.658163
6.028684 3.623260
6.041174 3.588480
6.053505 3.553833
6.065693 3.519329
6.077754 3.484977
6.089702 3.450784
6.101555 3.416758
6.113327 3.382902
6.125034 3.349223
6.136693 3.315723
6.148318 3.282404
6.159925 3.249269
6.171530 3.216317
6.183147 3.183548
6.194792 3.150961
6.206477 3.118552
6.218217 3.086320
6.230026 3.054259
6.241916 3.022364
6.253899 2.990631
6.265987 2.959051
6.278192 2.927618
6.290523 2.896323
6.302990 2.865159
6.315603 2.834115
6.328368 2.803181
6.341295 2.772348
6.354388 2.741604
6.367654 2.710937
6.381098 2.680337
6.394722 2.649790
6.408532 2.619284
6.422527 2.588808
6.436710 2.558347
6.451080 2.527889
6.465636 2.497422
6.480378 2.466931
6.495301 2.436403
6.510402 2.405827
6.525676 2.375188
6.541118 2.344474
6.556720 2.313674
6.572476 2.282773
6.588376 2.251762
6.604411 2.220629
6.620570 2.189362
6.636843 2.157951
6.653217 2.126386
6.669680 2.094658
6.686216 2.062759
6.702812 2.030680
6.719453 1.998414
6.736122 1.965954
6.752803 1.933296
6.769479 1.900434
6.786131 1.867364
6.802741 1.834084
6.819291 1.800590
6.835761 1.766883
6.852131 1.732963
6.868381 1.698829
6.884491 1.664484
6.900440 1.629932
6.916207 1.595176
6.931772 1.560223
6.947114 1.525077
6.962211 1.489747
6.977043 1.454242
6.991589 1.418571
7.005828 1.382745
7.019740 1.346776
7.033305 1.310677
7.046503 1.274463
7.059315 1.238149
7.071722 1.201751
7.083706 1.165286
7.095250 1.128773
7.106336 1.092232
7.116947 1.055682
7.127070 1.019145
7.136689 0.982642
7.145790 0.946197
7.154360 0.909834
7.162389 0.873575
7.169865 0.837448
7.176778 0.801477
7.183121 0.765687
7.188886 0.730107
7.194066 0.694763
7.198658 0.659682
7.202657 0.624892
7.206061 0.590420
7.208871 0.556295
7.211085 0.522545
7.212706 0.489197
7.213738 0.456280
7.214185 0.423820
7.214053 0.391846
7.213350 0.360383
7.212085 0.329459
7.210269 0.299099
7.207912 0.269329
7.205029 0.240172
7.201634 0.211653
7.197742 0.183795
7.193372 0.156618
7.188540 0.130145
7.183268 0.104393
7.177576 0.079383
7.171487 0.055130
7.165022 0.031650
7.158206 0.008957
7.151066 -0.012936
7.143625 -0.034018
7.135912 -0.054280
7.127954 -0.073715
7.119779 -0.092316
7.111415 -0.110079
7.102894 -0.127003
7.094243 -0.143087
7.085494 -0.158332
7.076676 -0.172743
7.067821 -0.186326
7.058958 -0.199086
7.050118 -0.211035
7.041333 -0.222184
7.032630 -0.232547
7.024042 -0.242139
7.015596 -0.250977
7.007322 -0.259081
6.999247 -0.266473
6.991400 -0.273176
6.983807 -0.279214
6.976493 -0.284616
6.969482 -0.289408
6.962800 -0.293622
6.956467 -0.297290
6.950506 -0.300443
6.944935 -0.303118
6.939773 -0.305350
6.935037 -0.307176
6.930742 -0.308635
6.926902 -0.309766
6.923529 -0.310608
6.920634 -0.311204
6.918224 -0.311595
6.916306 -0.311823
6.914887 -0.311931
6.913968 -0.311961
6.913552 -0.311958
6.913638 -0.311965
6.914223 -0.312024
6.915304 -0.312180
6.916874 -0.312474
6.918927 -0.312950
6.921451 -0.313649
6.924437 -0.314612
6.927871 -0.315880
6.931739 -0.317493
6.936024 -0.319488
6.940710 -0.321905
6.945775 -0.324778
6.951201 -0.328143
6.956965 -0.332034
6.963043 -0.336483
6.969412 -0.341520
6.976046 -0.347175
6.982919 -0.353474
6.990003 -0.360444
6.997269 -0.368107
7.004689 -0.376487
7.012234 -0.385602
7.019872 -0.395472
7.027575 -0.406111
7.035309 -0.417534
7.043046 -0.429754
7.050753 -0.442780
7.058398 -0.456621
7.065952 -0.471282
7.073382 -0.486767
7.080658 -0.503079
7.087750 -0.520219
7.094627 -0.538183
7.101260 -0.556969
7.107620 -0.576570
7.113680 -0.596981
7.119411 -0.618192
7.124787 -0.640191
7.129783 -0.662968
7.134374 -0.686507
7.138537 -0.710794
7.142249 -0.735812
7.145489 -0.761543
7.148237 -0.787968
7.150474 -0.815065
7.152184 -0.842813
7.153348 -0.871191
7.153954 -0.900173
7.153988 -0.929736
7.153438 -0.959855
7.152293 -0.990503
7.150544 -1.021655
7.148184 -1.053283
7.145207 -1.085360
7.141608 -1.117859
7.137384 -1.150751
7.132533 -1.184010
7.127055 -1.217606
7.120951 -1.251511
7.114223 -1.285699
7.106875 -1.320140
7.098912 -1.354809
7.090340 -1.389677
7.081168 -1.424718
7.071404 -1.459905
7.061058 -1.495214
7.050141 -1.530618
7.038666 -1.566094
7.026645 -1.601617
7.014092 -1.637165
7.001024 -1.672716
6.987456 -1.708248
6.973404 -1.743741
6.958887 -1.779176
6.943922 -1.814534
6.928528 -1.849797
6.912724 -1.884950
6.896531 -1.919976
6.879969 -1.954862
6.863059 -1.989595
6.845821 -2.024162
6.828276 -2.058553
6.810447 -2.092757
6.792354 -2.126766
6.774020 -2.160573
6.755466 -2.194171
6.736713 -2.227555
6.717783 -2.260721
6.698697 -2.293665
6.679476 -2.326386
6.660141 -2.358882
6.640713 -2.391155
6.621210 -2.423204
6.601653 -2.455032
6.582061 -2.486643
6.562452 -2.518039
6.542844 -2.549227
6.523255 -2.580211
6.503700 -2.610999
6.484197 -2.641598
6.464759 -2.672015
6.445402 -2.702260
6.426138 -2.732343
6.406982 -2.762272
6.387943 -2.792059
6.369035 -2.821715
6.350265 -2.851251
6.331645 -2.880680
6.313181 -2.910013
6.294881 -2.939263
6.276751 -2.968444
6.258797 -2.997567
6.241023 -3.026647
6.223432 -3.055696
6.206027 -3.084728
6.188808 -3.113756
6.171777 -3.142794
6.154933 -3.171853
6.138273 -3.200948
6.121797 -3.230091
6.105500 -3.259293
6.089378 -3.288568
6.073425 -3.317927
6.057637 -3.347380
6.042006 -3.376939
6.026524 -3.406614
6.011183 -3.436415
5.995973 -3.466349
5.980885 -3.496427
5.965909 -3.526654
5.951032 -3.557039
5.936243 -3.587588
5.921530 -3.618304
5.906880 -3.649195
5.892279 -3.680261
5.877714 -3.711508
5.863171 -3.742935
5.848635 -3.774545
5.834090 -3.806337
5.819524 -3.838309
5.804919 -3.870461
5.790261 -3.902788
5.775535 -3.935286
5.760725 -3.967952
5.745816 -4.000777
5.730793 -4.033756
5.715641 -4.066879
5.700345 -4.100138
5.684889 -4.133523
5.669262 -4.167021
5.653447 -4.200621
5.637432 -4.234310
5.621204 -4.268072
5.604750 -4.301894
5.588059 -4.335759
5.571119 -4.369650
5.553920 -4.403549
5.536452 -4.437438
5.518706 -4.471297
5.500674 -4.505105
5.482348 -4.538843
5.463722 -4.572488
5.444791 -4.606018
5.425550 -4.639410
5.405995 -4.672642
5.386124 -4.705689
5.365936 -4.738528
5.345431 -4.771133
5.324608 -4.803480
5.303471 -4.835544
5.282023 -4.867300
5.260267 -4.898723
5.238209 -4.929787
5.215856 -4.960467
5.193217 -4.990738
5.170299 -5.020575
5.147113 -5.049953
5.123671 -5.078847
5.099985 -5.107235
5.076070 -5.135091
5.051939 -5.162394
5.027610 -5.189121
5.003099 -5.215250
4.978424 -5.240760
4.953605 -5.265632
4.928662 -5.289845
4.903616 -5.313382
4.878489 -5.336225
4.853303 -5.358358
4.828083 -5.379767
4.802853 -5.400437
4.777638 -5.420357
4.752464 -5.439514
4.727356 -5.457900
4.702341 -5.475506
4.677447 -5.492324
4.652700 -5.508351
4.628128 -5.523582
4.603759 -5.538015
4.579621 -5.551649
4.555741 -5.564486
4.532147 -5.576529
4.508866 -5.587782
4.485925 -5.598251
4.463351 -5.607945
4.441171 -5.616872
4.419409 -5.625045
4.398091 -5.632477
4.377240 -5.639181
4.356881 -5.645176
4.337036 -5.650478
4.317726 -5.655108
4.298970 -5.659087
4.280789 -5.662437
4.263200 -5.665182
4.246220 -5.667349
4.229863 -5.668965
4.214142 -5.670057
4.199070 -5.670656
4.184657 -5.670791
4.170911 -5.670495
4.157839 -5.669801
4.145447 -5.668741
4.133736 -5.667352
4.122709 -5.665666
4.112364 -5.663721
4.102700 -5.661553
4.093710 -5.659198
4.085390 -5.656693
4.077730 -5.654076
4.070720 -5.651383
4.064348 -5.648652
4.058598 -5.645919
4.053456 -5.643222
4.048902 -5.640597
4.044916 -5.638080
4.041477 -5.635705
4.038561 -5.633508
4.036143 -5.631523
4.034196 -5.629782
4.032691 -5.628317
4.031599 -5.627159
4.030887 -5.626338
4.030524 -5.625882
4.030475 -5.625817
4.030705 -5.626170
4.031178 -5.626963
4.031857 -5.628221
4.032705 -5.629963
4.033682 -5.632208
4.034749 -5.634974
4.035867 -5.638276
4.036996 -5.642128
4.038096 -5.646542
4.039125 -5.651527
4.040044 -5.657091
4.040812 -5.663241
4.041390 -5.669981
4.041737 -5.677314
4.041813 -5.685238
4.041582 -5.693754
4.041003 -5.702857
4.040040 -5.712543
4.038657 -5.722805
4.036818 -5.733633
4.034488 -5.745018
4.031635 -5.756948
4.028227 -5.769409
4.024232 -5.782386
4.019621 -5.795862
4.014368 -5.809820
4.008445 -5.824240
4.001828 -5.839103
3.994494 -5.854386
3.986421 -5.870066
3.977591 -5.886122
3.967985 -5.902527
3.957587 -5.919257
3.946384 -5.936286
3.934363 -5.953588
3.921513 -5.971136
3.907826 -5.988902
3.893295 -6.006859
3.877915 -6.024979
3.861684 -6.043234
3.844599 -6.061596
3.826661 -6.080037
3.807874 -6.098530
3.788239 -6.117046
