cos() sin()
5.633129 0.000000
5.633109 -0.015057
5.633049 -0.030068
5.632949 -0.044989
5.632812 -0.059773
5.632638 -0.074376
5.632429 -0.088751
5.632189 -0.102852
5.631920 -0.116634
5.631626 -0.130050
5.631310 -0.143052
5.630977 -0.155595
5.630631 -0.167630
5.630276 -0.179110
5.629919 -0.189985
5.629564 -0.200208
5.629217 -0.209727
5.628882 -0.218495
5.628566 -0.226458
5.628275 -0.233567
5.628013 -0.239768
5.627786 -0.245009
5.627599 -0.249236
5.627457 -0.252394
5.627364 -0.254428
5.627324 -0.255280
5.627340 -0.254894
5.627414 -0.253212
5.627548 -0.250172
5.627743 -0.245716
5.627997 -0.239782
5.628308 -0.232306
5.628674 -0.223225
5.629088 -0.212475
5.629543 -0.199989
5.630030 -0.185701
5.630537 -0.169543
5.631050 -0.151447
5.631552 -0.131343
5.632023 -0.109161
5.632439 -0.084831
5.632774 -0.058281
5.632995 -0.029441
5.633069 0.001762
5.632954 0.035397
5.632608 0.071535
5.631979 0.110246
5.631014 0.151598
5.629652 0.195657
5.627825 0.242487
5.625462 0.292149
5.622482 0.344701
5.618800 0.400197
5.614324 0.458685
5.608953 0.520209
5.602582 0.584804
5.595097 0.652501
5.586378 0.723318
5.576300 0.797267
5.564730 0.874347
5.551530 0.954547
5.536558 1.037841
5.519667 1.124191
5.500708 1.213543
5.479528 1.305825
5.455978 1.400950
5.429904 1.498812
5.401160 1.599285
5.369600 1.702226
5.335089 1.807470
5.297498 1.914833
5.256710 2.024110
5.212620 2.135081
5.165139 2.247502
5.114197 2.361116
5.059743 2.475650
5.001747 2.590816
4.940205 2.706316
4.875135 2.821843
4.806583 2.937086
4.734622 3.051727
4.659353 3.165455
4.580901 3.277957
4.499420 3.388933
4.415089 3.498091
4.328109 3.605152
4.238705 3.709857
4.147118 3.811966
4.053609 3.911259
3.958449 4.007542
3.861923 4.100645
3.764319 4.190426
3.665932 4.276768
3.567056 4.359582
3.467982 4.438804
3.368998 4.514397
3.270380 4.586348
3.172398 4.654666
3.075305 4.719383
2.979343 4.780548
2.884737 4.838230
2.791697 4.892511
2.700413 4.943487
2.611060 4.991264
2.523793 5.035959
2.438750 5.077693
2.356052 5.116595
2.275802 5.152796
2.198088 5.186430
2.122981 5.217629
2.050538 5.246527
1.980803 5.273256
1.913807 5.297944
1.849566 5.320717
1.788090 5.341695
1.729377 5.360996
1.673414 5.378732
1.620184 5.395009
1.569660 5.409930
1.521809 5.423588
1.476595 5.436077
1.433972 5.447479
1.393895 5.457875
1.356313 5.467339
1.321172 5.475941
1.288416 5.483744
1.257987 5.490808
1.229824 5.497187
1.203867 5.502933
1.180052 5.508092
1.158318 5.512707
1.138601 5.516815
1.120836 5.520455
1.104962 5.523656
1.090913 5.526451
1.078627 5.528864
1.068041 5.530921
1.059093 5.532643
1.051720 5.534052
1.045862 5.535164
1.041458 5.535996
1.038448 5.536563
1.036773 5.536879
1.036375 5.536955
1.037196 5.536803
1.039180 5.536432
1.042271 5.535852
1.046413 5.535072
1.051553 5.534099
1.057636 5.532941
1.064611 5.531604
1.072424 5.530096
1.081024 5.528422
1.090362 5.526589
1.100385 5.524603
1.111046 5.522470
1.122294 5.520195
1.134083 5.517786
1.146363 5.515248
1.159088 5.512589
1.172211 5.509814
1.185685 5.506930
1.199465 5.503946
1.213504 5.500868
1.227758 5.497704
1.242181 5.494463
1.256728 5.491154
1.271356 5.487786
1.286019 5.484369
1.300674 5.480912
1.315276 5.477426
1.329782 5.473922
1.344147 5.470412
1.358327 5.466908
1.372278 5.463423
1.385957 5.459968
1.399318 5.456559
1.412318 5.453208
1.424912 5.449930
1.437054 5.446741
1.448700 5.443654
1.459804 5.440686
1.470320 5.437853
1.480201 5.435171
1.489401 5.432656
1.497871 5.430326
1.505565 5.428197
1.512432 5.426286
1.518423 5.424612
1.523488 5.423190
1.527576 5.422039
1.530634 5.421175
1.532609 5.420615
1.533447 5.420377
1.533094 5.420475
1.531492 5.420926
1.528583 5.421745
1.524310 5.422946
1.518612 5.424542
1.511428 5.426547
1.502694 5.428969
1.492347 5.431820
1.480321 5.435108
1.466549 5.438838
1.450961 5.443014
1.433489 5.447639
1.414061 5.452712
1.392604 5.458228
1.369044 5.464182
1.343305 5.470564
1.315311 5.477359
1.284986 5.484549
1.252250 5.492112
1.217025 5.500022
1.179232 5.508245
1.138793 5.516743
1.095629 5.525474
1.049662 5.534386
1.000816 5.543423
0.949017 5.552521
0.894192 5.561609
0.836274 5.570608
0.775197 5.579430
0.710902 5.587982
0.643335 5.596158
0.572448 5.603848
0.498202 5.610932
0.420567 5.617279
0.339524 5.622755
0.255062 5.627213
0.167188 5.630504
0.075918 5.632469
-0.018712 5.632944
-0.116652 5.631762
-0.217834 5.628752
-0.322170 5.623739
-0.429552 5.616553
-0.539853 5.607021
-0.652922 5.594977
-0.768589 5.580259
-0.886660 5.562716
-1.006922 5.542205
-1.129139 5.518598
-1.253058 5.491784
-1.378404 5.461667
-1.504891 5.428174
-1.632214 5.391254
-1.760059 5.350879
-1.888102 5.307048
-2.016017 5.259786
-2.143470 5.209145
-2.270134 5.155206
-2.395682 5.098074
-2.519800 5.037883
-2.642182 4.974790
-2.762538 4.908977
-2.880596 4.840647
-2.996103 4.770018
-3.108831 4.697330
-3.218573 4.622830
-3.325148 4.546778
-3.428402 4.469441
-3.528206 4.391087
-3.624458 4.311987
-3.717081 4.232409
-3.806023 4.152615
-3.891256 4.072862
-3.972773 3.993395
-4.050588 3.914450
-4.124734 3.836249
-4.195260 3.759000
-4.262231 3.682898
-4.325723 3.608120
-4.385823 3.534830
-4.442629 3.463174
-4.496245 3.393282
-4.546780 3.325272
-4.594349 3.259242
-4.639067 3.195280
-4.681052 3.133458
-4.720424 3.073835
-4.757300 3.016457
-4.791797 2.961361
-4.824028 2.908570
-4.854105 2.858101
-4.882136 2.809959
-4.908227 2.764141
-4.932478 2.720639
-4.954986 2.679435
-4.975843 2.640509
-4.995139 2.603831
-5.012956 2.569369
-5.029375 2.537088
-5.044470 2.506947
-5.058314 2.478903
-5.070973 2.452911
-5.082510 2.428921
-5.092986 2.406885
-5.102456 2.386750
-5.110972 2.368465
-5.118585 2.351974
-5.125339 2.337224
-5.131279 2.324160
-5.136446 2.312725
-5.140876 2.302866
-5.144607 2.294524
-5.147671 2.287646
-5.150101 2.282176
-5.151926 2.278058
-5.153174 2.275238
-5.153871 2.273661
-5.154044 2.273273
-5.153716 2.274022
-5.152909 2.275853
-5.151645 2.278714
-5.149946 2.282555
-5.147832 2.287323
-5.145321 2.292969
-5.142432 2.299442
-5.139185 2.306693
-5.135597 2.314673
-5.131685 2.323335
-5.127467 2.332631
-5.122960 2.342514
-5.118181 2.352939
-5.113148 2.363859
-5.107877 2.375229
-5.102385 2.387004
-5.096689 2.399142
-5.090808 2.411597
-5.084759 2.424328
-5.078558 2.437290
-5.072226 2.450442
-5.065779 2.463742
-5.059237 2.477149
-5.052619 2.490620
-5.045944 2.504116
-5.039232 2.517595
-5.032504 2.531016
-5.025781 2.544340
-5.019083 2.557527
-5.012433 2.570535
-5.005853 2.583326
-4.999365 2.595858
-4.992993 2.608093
-4.986760 2.619990
-4.980690 2.631508
-4.974809 2.642608
-4.969142 2.653249
-4.963713 2.663390
-4.958549 2.672989
-4.953677 2.682006
-4.949123 2.690398
-4.944915 2.698123
-4.941080 2.705138
-4.937646 2.711400
-4.934641 2.716862
-4.932093 2.721482
-4.930031 2.725213
-4.928484 2.728007
-4.927480 2.729818
-4.927047 2.730595
-4.927214 2.730290
-4.928010 2.728851
-4.929461 2.726225
-4.931595 2.722358
-4.934440 2.717195
-4.938020 2.710679
-4.942362 2.702751
-4.947488 2.693351
-4.953422 2.682416
-4.960186 2.669884
-4.967798 2.655688
-4.976277 2.639760
-4.985638 2.622031
-4.995895 2.602429
-5.007058 2.580880
-5.019134 2.557310
-5.032127 2.531639
-5.046038 2.503790
-5.060863 2.473680
-5.076593 2.441228
-5.093215 2.406349
-5.110709 2.368957
-5.129053 2.328966
-5.148213 2.286289
-5.168153 2.240840
-5.188828 2.192530
-5.210185 2.141274
-5.232161 2.086986
-5.254689 2.029585
-5.277689 1.968990
-5.301073 1.905124
-5.324742 1.837917
-5.348589 1.767302
-5.372496 1.693220
-5.396334 1.615620
-5.419964 1.534462
-5.443240 1.449715
-5.466001 1.361359
-5.488083 1.269392
-5.509310 1.173823
-5.529499 1.074680
-5.548463 0.972009
-5.566008 0.865874
-5.581939 0.756361
-5.596060 0.643576
-5.608173 0.527651
-5.618088 0.408737
-5.625616 0.287009
-5.630579 0.162668
-5.632810 0.035935
-5.632154 -0.092947
-5.628474 -0.223713
-5.621650 -0.356081
-5.611582 -0.489750
-5.598197 -0.624407
-5.581442 -0.759726
-5.561292 -0.895373
-5.537750 -1.031010
-5.510844 -1.166295
-5.480633 -1.300890
-5.447199 -1.434463
-5.410652 -1.566690
-5.371127 -1.697259
-5.328780 -1.825873
-5.283790 -1.952256
-5.236351 -2.076149
-5.186675 -2.197317
-5.134986 -2.315547
-5.081516 -2.430654
-5.026504 -2.542475
-4.970195 -2.650874
-4.912832 -2.755740
-4.854657 -2.856987
-4.795910 -2.954551
-4.736822 -3.048393
-4.677617 -3.138493
-4.618510 -3.224851
-4.559703 -3.307485
-4.501390 -3.386429
-4.443747 -3.461731
-4.386941 -3.533451
-4.331122 -3.601661
-4.276429 -3.666442
-4.222986 -3.727880
-4.170903 -3.786069
-4.120278 -3.841109
-4.071196 -3.893100
-4.023730 -3.942147
-3.977940 -3.988354
-3.933877 -4.031828
-3.891582 -4.072673
-3.851085 -4.110993
-3.812408 -4.146892
-3.775564 -4.180470
-3.740561 -4.211824
-3.707397 -4.241050
-3.676066 -4.268241
-3.646556 -4.293485
-3.618850 -4.316868
-3.592926 -4.338473
-3.568757 -4.358379
-3.546316 -4.376663
-3.525570 -4.393396
-3.506483 -4.408648
-3.489018 -4.422486
-3.473137 -4.434973
-3.458797 -4.446169
-3.445957 -4.456131
-3.434572 -4.464914
-3.424599 -4.472572
-3.415991 -4.479152
-3.408702 -4.484704
-3.402687 -4.489272
-3.397898 -4.492901
-3.394288 -4.495631
-3.391811 -4.497502
-3.390419 -4.498554
-3.390065 -4.498822
-3.390704 -4.498342
-3.392289 -4.497149
-3.394773 -4.495276
-3.398112 -4.492754
-3.402259 -4.489616
-3.407171 -4.485891
-3.412803 -4.481609
-3.419111 -4.476799
-3.426052 -4.471491
-3.433584 -4.465711
-3.441663 -4.459489
-3.450249 -4.452850
-3.459300 -4.445823
-3.468776 -4.438434
-3.478637 -4.430711
-3.488843 -4.422680
-3.499355 -4.414368
-3.510134 -4.405801
-3.521144 -4.397008
-3.532346 -4.388015
-3.543702 -4.378848
-3.555178 -4.369537
-3.566735 -4.360108
-3.578339 -4.350590
-3.589954 -4.341011
-3.601545 -4.331399
-3.613077 -4.321784
-3.624516 -4.312195
-3.635827 -4.302663
-3.646976 -4.293216
-3.657929 -4.283887
-3.668653 -4.274707
-3.679114 -4.265706
-3.689278 -4.256918
-3.699111 -4.248375
-3.708581 -4.240110
-3.717653 -4.232158
-3.726293 -4.224552
-3.734467 -4.217327
-3.742141 -4.210518
-3.749280 -4.204161
-3.755849 -4.198292
-3.761812 -4.192948
-3.767133 -4.188166
-3.771776 -4.183984
-3.775703 -4.180439
-3.778876 -4.177569
-3.781256 -4.175414
-3.782802 -4.174011
-3.783474 -4.173400
-3.783229 -4.173620
-3.782024 -4.174710
-3.779814 -4.176708
-3.776553 -4.179655
-3.772193 -4.183588
-3.766684 -4.188546
-3.759975 -4.194566
-3.752013 -4.201687
-3.742743 -4.209943
-3.732107 -4.219372
-3.720046 -4.230006
-3.706498 -4.241879
-3.691398 -4.255022
-3.674681 -4.269464
-3.656277 -4.285232
-3.636113 -4.302350
-3.614116 -4.320841
-3.590208 -4.340723
-3.564309 -4.362009
-3.536338 -4.384713
-3.506208 -4.408838
-3.473833 -4.434387
-3.439123 -4.461356
-3.401986 -4.489734
-3.362329 -4.519504
-3.320056 -4.550643
-3.275072 -4.583119
-3.227280 -4.616892
-3.176583 -4.651913
-3.122886 -4.688124
-3.066095 -4.725456
-3.006116 -4.763831
-2.942861 -4.803158
-2.876246 -4.843337
-2.806192 -4.884254
-2.732627 -4.925783
-2.655487 -4.967788
-2.574718 -5.010120
-2.490278 -5.052616
-2.402136 -5.095105
-2.310279 -5.137403
-2.214705 -5.179317
-2.115436 -5.220643
-2.012508 -5.261173
-1.905981 -5.300690
-1.795936 -5.338974
-1.682477 -5.375802
-1.565733 -5.410953
-1.445856 -5.444206
-1.323023 -5.475349
-1.197436 -5.504176
-1.069320 -5.530490
-0.938923 -5.554112
-0.806514 -5.574876
-0.672382 -5.592637
-0.536831 -5.607271
-0.400180 -5.618676
-0.262760 -5.626776
-0.124910 -5.631523
0.013030 -5.632893
0.150715 -5.630892
0.287805 -5.625552
0.423966 -5.616933
0.558873 -5.605120
0.692216 -5.590221
0.823698 -5.572368
0.953042 -5.551712
1.079989 -5.528423
1.204306 -5.502684
1.325778 -5.474690
1.444218 -5.444649
1.559461 -5.412772
1.671367 -5.379275
1.779821 -5.344377
1.884729 -5.308293
1.986022 -5.271238
2.083651 -5.233421
2.177585 -5.195043
2.267814 -5.156300
2.354344 -5.117375
2.437196 -5.078445
2.516404 -5.039672
2.592015 -5.001210
2.664086 -4.963199
2.732683 -4.925769
2.797878 -4.889038
2.859752 -4.853111
2.918389 -4.818083
2.973878 -4.784038
3.026310 -4.751049
3.075777 -4.719181
3.122375 -4.688485
3.166198 -4.659008
3.207341 -4.630786
3.245897 -4.603847
3.281961 -4.578213
3.315622 -4.553899
3.346972 -4.530912
3.376096 -4.509257
3.403081 -4.488931
3.428011 -4.469926
3.450964 -4.452233
3.472021 -4.435836
3.491255 -4.420717
3.508741 -4.406855
3.524549 -4.394225
3.538747 -4.382803
3.551400 -4.372559
3.562573 -4.363464
3.572326 -4.355486
3.580719 -4.348592
3.587807 -4.342748
3.593647 -4.337920
3.598290 -4.334071
3.601789 -4.331166
3.604193 -4.329168
3.605550 -4.328040
3.605907 -4.327745
3.605308 -4.328246
3.603798 -4.329505
3.601419 -4.331486
3.598214 -4.334150
3.594223 -4.337462
3.589486 -4.341385
3.584042 -4.345882
3.577928 -4.350917
3.571185 -4.356456
3.563847 -4.362462
3.555952 -4.368901
3.547536 -4.375738
3.538635 -4.382940
3.529284 -4.390474
3.519519 -4.398306
3.509375 -4.406405
3.498887 -4.414738
3.488090 -4.423274
3.477019 -4.431983
3.465709 -4.440833
3.454195 -4.449795
3.442511 -4.458840
3.430694 -4.467939
3.418779 -4.477063
3.406801 -4.486184
3.394797 -4.495275
3.382802 -4.504308
3.370854 -4.513256
3.358989 -4.522094
3.347245 -4.530794
3.335658 -4.539330
3.324268 -4.547677
3.313113 -4.555810
3.302232 -4.563703
3.291664 -4.571330
3.281450 -4.578667
3.271630 -4.585688
3.262245 -4.592369
3.253337 -4.598683
3.244948 -4.604605
3.237120 -4.610111
3.229897 -4.615173
3.223322 -4.619766
3.217441 -4.623863
3.212298 -4.627436
3.207937 -4.630458
3.204406 -4.632901
3.201751 -4.634735
3.200018 -4.635930
3.199255 -4.636455
3.199509 -4.636278
3.200828 -4.635365
3.203262 -4.633681
3.206857 -4.631192
3.211663 -4.627858
3.217729 -4.623640
3.225102 -4.618497
3.233832 -4.612386
3.243965 -4.605262
3.255551 -4.597076
3.268636 -4.587779
3.283265 -4.577318
3.299484 -4.565637
3.317337 -4.552679
3.336865 -4.538381
3.358109 -4.522681
3.381108 -4.505509
3.405896 -4.486796
3.432506 -4.466467
3.460968 -4.444445
3.491307 -4.420647
3.523545 -4.394990
3.557698 -4.367385
3.593777 -4.337740
3.631787 -4.305961
3.671727 -4.271949
3.713587 -4.235605
3.757352 -4.196824
3.802996 -4.155502
3.850483 -4.111533
3.899770 -4.064808
3.950801 -4.015220
4.003508 -3.962661
4.057812 -3.907027
4.113622 -3.848215
4.170832 -3.786126
4.229323 -3.720667
4.288962 -3.651750
4.349603 -3.579298
4.411084 -3.503241
4.473230 -3.423523
4.535853 -3.340101
4.598752 -3.252947
4.661714 -3.162049
4.724515 -3.067415
4.786922 -2.969074
4.848696 -2.867076
4.909590 -2.761495
4.969356 -2.652430
5.027746 -2.540002
5.084513 -2.424362
5.139416 -2.305683
5.192221 -2.184166
5.242707 -2.060034
5.290665 -1.933534
5.335905 -1.804934
5.378256 -1.674523
5.417567 -1.542603
5.453712 -1.409494
5.486593 -1.275521
5.516133 -1.141022
5.542288 -1.006335
5.565039 -0.871798
5.584392 -0.737747
5.600384 -0.604510
5.613074 -0.472406
5.622545 -0.341739
5.628903 -0.212799
5.632274 -0.085857
5.632798 0.038833
5.630634 0.161043
5.625949 0.280562
5.618923 0.397205
5.609741 0.510809
5.598593 0.621234
5.585671 0.728363
5.571167 0.832099
5.555271 0.932367
5.538171 1.029113
5.520046 1.122298
5.501074 1.211904
5.481420 1.297927
5.461245 1.380377
5.440699 1.459276
5.419924 1.534659
5.399050 1.606572
5.378198 1.675066
5.357482 1.740202
5.337002 1.802047
5.316852 1.860674
5.297113 1.916158
5.277861 1.968579
5.259160 2.018020
5.241068 2.064563
5.223634 2.108293
5.206901 2.149298
5.190904 2.187661
5.175671 2.223468
5.161226 2.256805
5.147586 2.287754
5.134764 2.316398
5.122767 2.342818
5.111598 2.367093
5.101258 2.389303
5.091742 2.409521
5.083044 2.427823
5.075153 2.444282
5.068057 2.458966
5.061742 2.471946
5.056190 2.483287
5.051383 2.493055
5.047302 2.501313
5.043924 2.508122
5.041227 2.513542
5.039188 2.517632
5.037782 2.520447
5.036985 2.522043
5.036771 2.522475
5.037114 2.521794
5.037987 2.520052
5.039365 2.517299
5.041220 2.513584
5.043526 2.508956
5.046258 2.503460
5.049387 2.497145
5.052888 2.490055
5.056735 2.482235
5.060903 2.473730
5.065364 2.464583
5.070096 2.454836
5.075072 2.444534
5.080268 2.433717
5.085661 2.422429
5.091227 2.410710
5.096944 2.398602
5.102787 2.386146
5.108736 2.373383
5.114769 2.360355
5.120865 2.347101
5.127003 2.333664
5.133163 2.320083
5.139325 2.306401
5.145471 2.292657
5.151581 2.278894
5.157637 2.265153
5.163622 2.251476
5.169519 2.237905
5.175309 2.224482
5.180976 2.211249
5.186504 2.198250
5.191878 2.185528
5.197080 2.173127
5.202096 2.161091
5.206910 2.149465
5.211506 2.138294
5.215871 2.127624
5.219988 2.117501
5.223843 2.107971
5.227420 2.099083
5.230703 2.090884
5.233679 2.083423
5.236329 2.076750
5.238639 2.070913
5.240591 2.065964
5.242169 2.061954
5.243354 2.058935
5.244128 2.056959
5.244472 2.056079
5.244364 2.056349
5.243784 2.057824
5.242708 2.060558
5.241113 2.064606
5.238973 2.070026
5.236261 2.076872
5.232947 2.085202
5.229000 2.095073
5.224388 2.106541
5.219075 2.119665
5.213023 2.134500
5.206190 2.151105
5.198534 2.169535
5.190008 2.189846
5.180561 2.212093
5.170142 2.236331
5.158691 2.262611
5.146149 2.290985
5.132451 2.321502
5.117528 2.354207
5.101307 2.389145
5.083710 2.426355
5.064655 2.465874
5.044055 2.507733
5.021820 2.551960
4.997853 2.598574
4.972056 2.647592
4.944322 2.699019
4.914546 2.752856
4.882614 2.809093
4.848413 2.867711
4.811823 2.928681
4.772727 2.991962
4.731003 3.057502
4.686530 3.125233
4.639188 3.195078
4.588859 3.266941
4.535429 3.340713
4.478786 3.416269
4.418827 3.493469
4.355458 3.572155
4.288592 3.652153
4.218156 3.733276
4.144090 3.815317
4.066352 3.898059
3.984914 3.981267
3.899772 4.064696
3.810940 4.148092
3.718456 4.231190
3.622385 4.313719
3.522813 4.395406
3.419856 4.475975
3.313654 4.555155
3.204373 4.632678
3.092208 4.708285
2.977374 4.781728
2.860112 4.852775
2.740684 4.921210
2.619370 4.986838
2.496466 5.049486
2.372282 5.109005
2.247137 5.165273
2.121356 5.218193
1.995268 5.267696
1.869199 5.313740
1.743475 5.356310
1.618410 5.395419
1.494311 5.431102
1.371471 5.463419
1.250169 5.492449
1.130665 5.518294
1.013201 5.541069
0.897999 5.560905
0.785261 5.577946
0.675167 5.592345
0.567875 5.604262
0.463522 5.613861
0.362226 5.621311
0.264084 5.626781
0.169172 5.630439
0.077551 5.632451
-0.010737 5.632980
-0.095666 5.632183
-0.177223 5.630212
-0.255409 5.627212
-0.330238 5.623322
-0.401734 5.618672
-0.469929 5.613384
-0.534866 5.607574
-0.596593 5.601348
-0.655165 5.594804
-0.710643 5.588032
-0.763093 5.581116
-0.812581 5.574130
-0.859180 5.567142
-0.902964 5.560212
-0.944007 5.553395
-0.982386 5.546738
-1.018178 5.540283
-1.051461 5.534066
-1.082313 5.528119
-1.110809 5.522467
-1.137027 5.517131
-1.161043 5.512130
-1.182932 5.507477
-1.202767 5.503182
-1.220622 5.499252
-1.236567 5.495691
-1.250672 5.492501
-1.263008 5.489680
-1.273641 5.487225
-1.282636 5.485131
-1.290060 5.483392
-1.295975 5.481999
-1.300443 5.480943
-1.303526 5.480212
-1.305282 5.479796
-1.305769 5.479681
-1.305046 5.479855
-1.303167 5.480304
-1.300189 5.481013
-1.296164 5.481967
-1.291145 5.483152
-1.285185 5.484554
-1.278335 5.486155
-1.270646 5.487943
-1.262165 5.489900
-1.252944 5.492013
-1.243030 5.494266
-1.232470 5.496645
-1.221312 5.499136
-1.209603 5.501724
-1.197388 5.504396
-1.184714 5.507138
-1.171627 5.509938
-1.158171 5.512782
-1.144392 5.515660
-1.130333 5.518558
-1.116041 5.521466
-1.101560 5.524374
-1.086933 5.527270
-1.072206 5.530146
-1.057423 5.532992
-1.042629 5.535799
-1.027867 5.538559
-1.013183 5.541264
-0.998622 5.543906
-0.984228 5.546479
-0.970047 5.548977
-0.956125 5.551392
-0.942508 5.553720
-0.929241 5.555955
-0.916371 5.558091
-0.903946 5.560125
-0.892013 5.562051
-0.880619 5.563866
-0.869814 5.565565
-0.859646 5.567143
-0.850166 5.568598
-0.841422 5.569925
-0.833467 5.571120
-0.826351 5.572179
-0.820127 5.573097
-0.814849 5.573870
-0.810569 5.574493
-0.807343 5.574960
-0.805225 5.575264
-0.804272 5.575400
-0.804541 5.575360
-0.806089 5.575135
-0.808976 5.574715
-0.813260 5.574090
-0.819003 5.573247
-0.826264 5.572173
-0.835107 5.570852
-0.845593 5.569268
-0.857785 5.567401
-0.871748 5.565230
-0.887545 5.562729
-0.905242 5.559874
-0.924903 5.556635
-0.946594 5.552978
-0.970378 5.548868
-0.996322 5.544266
-1.024489 5.539127
-1.054942 5.533404
-1.087744 5.527046
-1.122956 5.519996
-1.160638 5.512193
-1.200844 5.503570
-1.243631 5.494056
-1.289048 5.483573
-1.337143 5.472040
-1.387957 5.459368
-1.441528 5.445464
-1.497887 5.430227
-1.557058 5.413552
-1.619058 5.395329
-1.683895 5.375442
-1.751566 5.353768
-1.822060 5.330184
-1.895353 5.304559
-1.971409 5.276760
-2.050178 5.246652
-2.131595 5.214100
-2.215580 5.178965
-2.302038 5.141113
-2.390854 5.100409
-2.481898 5.056726
-2.575022 5.009941
-2.670057 4.959938
-2.766818 4.906613
-2.865103 4.849873
-2.964690 4.789639
-3.065342 4.725849
-3.166808 4.658461
-3.268822 4.587449
-3.371105 4.512814
-3.473372 4.434579
-3.575329 4.352791
-3.676678 4.267526
-3.777122 4.178883
-3.876363 4.086992
-3.974111 3.992007
-4.070084 3.894108
-4.164014 3.793500
-4.255645 3.690411
-4.344741 3.585091
-4.431087 3.477805
-4.514489 3.368837
-4.594779 3.258481
-4.671814 3.147040
-4.745479 3.034825
-4.815685 2.922147
-4.882371 2.809316
-4.945501 2.696638
-5.005066 2.584414
-5.061080 2.472931
-5.113581 2.362468
-5.162627 2.253286
-5.208294 2.145633
-5.250676 2.039736
-5.289880 1.935806
-5.326025 1.834036
-5.359241 1.734595
-5.389665 1.637638
-5.417438 1.543297
-5.442708 1.451686
-5.465622 1.362902
-5.486328 1.277023
-5.504974 1.194111
-5.521705 1.114212
-5.536663 1.037360
-5.549985 0.963573
-5.561804 0.892859
-5.572247 0.825212
-5.581436 0.760618
-5.589485 0.699055
-5.596503 0.640490
-5.602591 0.584887
-5.607845 0.532201
-5.612354 0.482382
-5.616200 0.435376
-5.619459 0.391126
-5.622201 0.349570
-5.624489 0.310646
-5.626383 0.274287
-5.627935 0.240427
-5.629193 0.208997
-5.630201 0.179927
-5.630996 0.153149
-5.631613 0.128593
-5.632083 0.106188
-5.632432 0.085866
-5.632684 0.067556
-5.632859 0.051190
-5.632974 0.036701
-5.633045 0.024020
-5.633083 0.013082
-5.633099 0.003821
-5.633101 -0.003827
-5.633096 -0.009927
-5.633087 -0.014540
-5.633080 -0.017729
-5.633076 -0.019553
-5.633075 -0.020074
-5.633079 -0.019348
-5.633087 -0.017434
-5.633097 -0.014389
-5.633107 -0.010268
-5.633116 -0.005126
-5.633119 0.000982
-5.633114 0.008003
-5.633099 0.015885
-5.633068 0.024577
-5.633020 0.034026
-5.632950 0.044183
-5.632856 0.054997
-5.632734 0.066420
-5.632580 0.078403
-5.632393 0.090898
-5.632170 0.103856
-5.631907 0.117231
-5.631605 0.130976
-5.631261 0.145044
-5.630873 0.159389
-5.630442 0.173964
-5.629967 0.188725
-5.629448 0.203624
-5.628885 0.218618
-5.628281 0.233660
-5.627636 0.248705
-5.626953 0.263708
-5.626234 0.278623
-5.625483 0.293405
-5.624702 0.308009
-5.623895 0.322389
-5.623068 0.336500
-5.622226 0.350294
-5.621372 0.363727
-5.620514 0.376751
-5.619656 0.389319
-5.618807 0.401385
-5.617972 0.412900
-5.617158 0.423817
-5.616373 0.434087
-5.615624 0.443660
-5.614919 0.452488
-5.614265 0.460518
-5.613670 0.467701
-5.613142 0.473983
-5.612688 0.479314
-5.612316 0.483638
-5.612032 0.486902
-5.611844 0.489051
-5.611757 0.490028
-5.611777 0.489776
-5.611910 0.488237
-5.612158 0.485351
-5.612526 0.481059
-5.613015 0.475298
-5.613626 0.468007
-5.614357 0.459121
-5.615208 0.448576
-5.616172 0.436306
-5.617244 0.422243
-5.618416 0.406321
-5.619676 0.388469
-5.621010 0.368618
-5.622402 0.346698
-5.623831 0.322636
-5.625274 0.296360
-5.626703 0.267799
-5.628086 0.236880
-5.629388 0.203529
-5.630566 0.167676
-5.631576 0.129248
-5.632365 0.088175
-5.632876 0.044387
-5.633047 -0.002181
-5.632807 -0.051595
-5.632080 -0.103917
-5.630785 -0.159202
-5.628829 -0.217506
-5.626118 -0.278875
-5.622547 -0.343351
-5.618005 -0.410968
-5.612373 -0.481753
-5.605527 -0.555722
-5.597336 -0.632882
-5.587661 -0.713228
-5.576360 -0.796743
-5.563286 -0.883395
-5.548286 -0.973138
-5.531207 -1.065910
-5.511894 -1.161630
-5.490191 -1.260201
-5.465944 -1.361507
-5.439003 -1.465411
-5.409225 -1.571757
-5.376471 -1.680368
-5.340615 -1.791049
-5.301543 -1.903581
-5.259153 -2.017732
-5.213362 -2.133246
-5.164107 -2.249855
-5.111342 -2.367274
-5.055049 -2.485207
-4.995230 -2.603347
-4.931916 -2.721381
-4.865164 -2.838991
-4.795057 -2.955859
-4.721706 -3.071670
-4.645249 -3.186113
-4.565849 -3.298890
-4.483694 -3.409712
-4.398995 -3.518309
-4.311982 -3.624428
-4.222904 -3.727837
-4.132022 -3.828329
-4.039613 -3.925718
-3.945958 -4.019848
-3.851346 -4.110588
-3.756068 -4.197831
-3.660412 -4.281502
-3.564664 -4.361546
-3.469102 -4.437938
-3.373995 -4.510673
-3.279600 -4.579770
-3.186162 -4.645266
-3.093910 -4.707218
-3.003058 -4.765698
-2.913804 -4.820792
-2.826327 -4.872599
-2.740789 -4.921227
-2.657336 -4.966792
-2.576095 -5.009417
-2.497177 -5.049226
-2.420675 -5.086351
-2.346670 -5.120921
-2.275225 -5.153067
-2.206389 -5.182919
-2.140201 -5.210604
-2.076686 -5.236248
-2.015856 -5.259971
-1.957716 -5.281890
-1.902261 -5.302119
-1.849477 -5.320766
-1.799343 -5.337933
-1.751830 -5.353719
-1.706906 -5.368215
-1.664530 -5.381509
-1.624661 -5.393683
-1.587251 -5.404814
-1.552250 -5.414974
-1.519603 -5.424230
-1.489256 -5.432643
-1.461152 -5.440273
-1.435230 -5.447172
-1.411432 -5.453390
-1.389696 -5.458972
-1.369960 -5.463961
-1.352163 -5.468395
-1.336242 -5.472310
-1.322135 -5.475738
-1.309779 -5.478709
-1.299114 -5.481250
-1.290077 -5.483386
-1.282608 -5.485140
-1.276646 -5.486532
-1.272132 -5.487583
-1.269005 -5.488308
-1.267208 -5.488725
-1.266683 -5.488848
-1.267373 -5.488691
-1.269221 -5.488265
-1.272171 -5.487583
-1.276170 -5.486656
-1.281164 -5.485493
-1.287097 -5.484105
-1.293919 -5.482501
-1.301578 -5.480689
-1.310021 -5.478678
-1.319199 -5.476476
-1.329061 -5.474092
-1.339560 -5.471533
-1.350644 -5.468808
-1.362268 -5.465925
-1.374383 -5.462892
-1.386941 -5.459717
-1.399898 -5.456410
-1.413205 -5.452979
-1.426819 -5.449433
-1.440692 -5.445782
-1.454781 -5.442036
-1.469041 -5.438204
-1.483427 -5.434297
-1.497895 -5.430327
-1.512402 -5.426305
-1.526903 -5.422242
-1.541354 -5.418152
-1.555713 -5.414046
-1.569936 -5.409939
-1.583979 -5.405844
-1.597798 -5.401775
-1.611351 -5.397747
-1.624594 -5.393776
-1.637482 -5.389877
-1.649973 -5.386066
-1.662020 -5.382360
-1.673581 -5.378776
-1.684610 -5.375331
-1.695062 -5.372043
-1.704891 -5.368931
-1.714051 -5.366013
-1.722495 -5.363308
-1.730175 -5.360834
-1.737045 -5.358611
-1.743055 -5.356658
-1.748155 -5.354994
-1.752295 -5.353639
-1.755423 -5.352613
-1.757489 -5.351934
-1.758437 -5.351621
-1.758215 -5.351692
-1.756765 -5.352166
-1.754032 -5.353061
-1.749958 -5.354392
-1.744483 -5.356177
-1.737546 -5.358429
-1.729085 -5.361163
-1.719037 -5.364391
-1.707337 -5.368124
-1.693917 -5.372371
-1.678710 -5.377139
-1.661646 -5.382434
-1.642654 -5.388258
-1.621661 -5.394610
-1.598593 -5.401488
-1.573374 -5.408885
-1.545928 -5.416790
-1.516176 -5.425189
-1.484041 -5.434064
-1.449441 -5.443392
-1.412298 -5.453143
-1.372530 -5.463284
-1.330057 -5.473775
-1.284800 -5.484570
-1.236680 -5.495616
-1.185620 -5.506853
-1.131545 -5.518214
-1.074382 -5.529623
-1.014064 -5.540998
-0.950525 -5.552246
-0.883706 -5.563267
-0.813556 -5.573952
-0.740029 -5.584185
-0.663089 -5.593838
-0.582708 -5.602776
-0.498871 -5.610857
-0.411574 -5.617930
-0.320829 -5.623837
-0.226660 -5.628414
-0.129108 -5.631491
-0.028235 -5.632895
0.075883 -5.632449
0.183147 -5.629977
0.293438 -5.625302
0.406617 -5.618251
0.522521 -5.608654
0.640966 -5.596351
0.761746 -5.581189
0.884634 -5.563030
1.009384 -5.541750
1.135727 -5.517239
1.263381 -5.489412
1.392046 -5.458200
1.521410 -5.423562
1.651152 -5.385479
1.780943 -5.343961
1.910449 -5.299042
2.039339 -5.250786
2.167283 -5.199282
2.293958 -5.144649
2.419052 -5.087027
2.542266 -5.026585
2.663318 -4.963509
2.781944 -4.898009
2.897903 -4.830310
3.010976 -4.760650
3.120969 -4.689280
3.227714 -4.616460
3.331067 -4.542452
3.430913 -4.467522
3.527162 -4.391935
3.619747 -4.315952
3.708628 -4.239828
3.793785 -4.163810
3.875221 -4.088134
3.952956 -4.013025
4.027029 -3.938696
4.097496 -3.865343
4.164423 -3.793150
4.227891 -3.722284
4.287990 -3.652898
4.344816 -3.585129
4.398475 -3.519099
4.449075 -3.454914
4.496729 -3.392666
4.541551 -3.332434
4.583658 -3.274285
4.623165 -3.218270
4.660187 -3.164431
4.694838 -3.112799
4.727228 -3.063394
4.757466 -3.016228
4.785657 -2.971304
4.811903 -2.928618
4.836301 -2.888156
4.858945 -2.849903
4.879926 -2.813835
4.899328 -2.779922
4.917233 -2.748133
4.933720 -2.718431
4.948860 -2.690777
4.962724 -2.665127
4.975377 -2.641436
4.986882 -2.619658
4.997296 -2.599743
5.006674 -2.581641
5.015070 -2.565301
5.022530 -2.550669
5.029102 -2.537692
5.034827 -2.526318
5.039748 -2.516492
5.043903 -2.508160
5.047326 -2.501267
5.050054 -2.495760
5.052117 -2.491585
5.053547 -2.488688
5.054372 -2.487016
5.054620 -2.486515
5.054317 -2.487134
5.053489 -2.488820
5.052158 -2.491523
5.050349 -2.495190
5.048084 -2.499773
5.045384 -2.505220
5.042271 -2.511483
5.038764 -2.518514
5.034883 -2.526265
5.030649 -2.534688
5.026081 -2.543737
5.021197 -2.553365
5.016017 -2.563527
5.010560 -2.574178
5.004845 -2.585274
4.998890 -2.596770
4.992715 -2.608624
4.986339 -2.620792
4.979781 -2.633233
4.973061 -2.645903
4.966198 -2.658762
4.959213 -2.671768
4.952127 -2.684881
4.944959 -2.698060
4.937731 -2.711264
4.930465 -2.724455
4.923183 -2.737592
4.915907 -2.750636
4.908661 -2.763547
4.901466 -2.776287
4.894348 -2.788816
4.887330 -2.801095
4.880438 -2.813086
4.873696 -2.824749
4.867131 -2.836045
4.860769 -2.846934
4.854636 -2.857378
4.848760 -2.867337
4.843168 -2.876770
4.837889 -2.885638
4.832951 -2.893899
4.828383 -2.901512
4.824215 -2.908436
4.820475 -2.914627
4.817194 -2.920044
4.814403 -2.924642
4.812131 -2.928377
4.810408 -2.931203
4.809266 -2.933073
4.808735 -2.933941
4.808846 -2.933756
4.809628 -2.932471
4.811112 -2.930032
4.813328 -2.926388
4.816303 -2.921484
4.820068 -2.915265
4.824649 -2.907673
4.830073 -2.898650
4.836366 -2.888133
4.843552 -2.876062
4.851652 -2.862371
4.860690 -2.846992
4.870681 -2.829859
4.881645 -2.810899
4.893593 -2.790040
4.906538 -2.767206
4.920486 -2.742321
4.935441 -2.715306
4.951404 -2.686080
4.968371 -2.654559
4.986331 -2.620660
5.005270 -2.584296
5.025167 -2.545380
5.045997 -2.503824
5.067726 -2.459539
5.090312 -2.412437
5.113708 -2.362429
5.137857 -2.309427
5.162694 -2.253346
5.188145 -2.194102
5.214124 -2.131615
5.240540 -2.065808
5.267287 -1.996611
5.294250 -1.923960
5.321306 -1.847797
5.348318 -1.768073
5.375141 -1.684753
5.401619 -1.597808
5.427586 -1.507226
5.452868 -1.413009
5.477282 -1.315175
5.500639 -1.213760
5.522745 -1.108817
5.543400 -1.000423
5.562404 -0.888674
5.579555 -0.773689
5.594654 -0.655609
5.607507 -0.534600
5.617926 -0.410851
5.625732 -0.284575
5.630761 -0.156005
5.632861 -0.025398
5.631900 0.106970
5.627764 0.240807
5.620362 0.375802
5.609626 0.511633
5.595516 0.647970
5.578015 0.784474
5.557137 0.920803
5.532921 1.056616
5.505434 1.191578
5.474769 1.325359
5.441045 1.457640
5.404405 1.588118
5.365011 1.716505
5.323047 1.842534
5.278712 1.965959
5.232220 2.086555
5.183793 2.204124
5.133665 2.318491
5.082072 2.429507
5.029254 2.537050
4.975448 2.641018
4.920892 2.741339
4.865816 2.837958
4.810444 2.930846
4.754991 3.019991
4.699663 3.105401
4.644652 3.187100
4.590142 3.265128
4.536300 3.339536
4.483284 3.410388
4.431234 3.477758
4.380281 3.541727
4.330539 3.602385
4.282113 3.659824
4.235092 3.714142
4.189555 3.765440
4.145568 3.813821
4.103187 3.859387
4.062458 3.902243
4.023417 3.942490
3.986091 3.980231
3.950499 4.015566
3.916651 4.048592
3.884553 4.079405
3.854201 4.108098
3.825589 4.134761
3.798702 4.159481
3.773524 4.182341
3.750032 4.203422
3.728200 4.222801
3.708001 4.240554
3.689401 4.256750
3.672367 4.271458
3.656862 4.284743
3.642847 4.296668
3.630284 4.307291
3.619130 4.316670
3.609343 4.324860
3.600881 4.331911
3.593698 4.337874
3.587751 4.342796
3.582995 4.346724
3.579384 4.349700
3.576874 4.351767
3.575419 4.352965
3.574973 4.353333
3.575493 4.352908
3.576932 4.351728
3.579246 4.349826
3.582392 4.347237
3.586324 4.343995
3.591000 4.340132
3.596377 4.335679
3.602412 4.330667
3.609063 4.325128
3.616288 4.319089
3.624047 4.312582
3.632299 4.305636
3.641003 4.298278
3.650121 4.290539
3.659613 4.282446
3.669441 4.274028
3.679568 4.265314
3.689955 4.256332
3.700566 4.247110
3.711365 4.237677
3.722315 4.228062
3.733381 4.218294
3.744529 4.208402
3.755722 4.198416
3.766928 4.188365
3.778111 4.178279
3.789240 4.168190
3.800279 4.158127
3.811197 4.148122
3.821960 4.138207
3.832536 4.128414
3.842892 4.118776
3.852996 4.109325
3.862816 4.100094
3.872319 4.091119
3.881474 4.082434
3.890248 4.074073
3.898608 4.066073
3.906522 4.058469
3.913958 4.051298
3.920881 4.044596
3.927258 4.038403
3.933056 4.032755
3.938240 4.027691
3.942775 4.023251
3.946625 4.019473
3.949753 4.016397
3.952123 4.014063
3.953695 4.012512
3.954431 4.011785
3.954291 4.011921
3.953232 4.012962
3.951211 4.014950
3.948185 4.017923
3.944106 4.021924
3.938928 4.026993
3.932600 4.033170
3.925072 4.040493
3.916290 4.049003
3.906198 4.058736
3.894739 4.069730
3.881853 4.082020
3.867476 4.095640
3.851544 4.110622
3.833989 4.126997
3.814741 4.144791
3.793725 4.164031
3.770867 4.184738
3.746087 4.206930
3.719304 4.230623
3.690433 4.255826
3.659388 4.282545
3.626078 4.310780
3.590412 4.340526
3.552296 4.371769
3.511635 4.404492
3.468330 4.438667
3.422285 4.474260
3.373400 4.511226
3.321577 4.549512
3.266719 4.589055
3.208730 4.629781
3.147518 4.671605
3.082993 4.714431
3.015071 4.758151
2.943675 4.802642
2.868733 4.847773
2.790186 4.893398
2.707982 4.939358
2.622082 4.985484
2.532464 5.031593
2.439117 5.077495
2.342050 5.122987
2.241291 5.167857
2.136887 5.211890
2.028909 5.254860
1.917448 5.296544
1.802620 5.336712
1.684567 5.375139
1.563453 5.411604
1.439470 5.445891
1.312831 5.477796
1.183774 5.507125
1.052559 5.533700
0.919466 5.557362
0.784793 5.577972
0.648853 5.595413
0.511971 5.609594
0.374483 5.620446
0.236729 5.627931
0.099053 5.632038
-0.038205 5.632780
-0.174706 5.630201
-0.310122 5.624369
-0.444136 5.615379
-0.576446 5.603345
-0.706765 5.588406
-0.834827 5.570718
-0.960386 5.550453
-1.083221 5.527798
-1.203130 5.502948
-1.319940 5.476109
-1.433498 5.447490
-1.543677 5.417304
-1.650373 5.385763
-1.753504 5.353079
-1.853011 5.319458
-1.948854 5.285103
-2.041011 5.250207
-2.129479 5.214957
-2.214270 5.179530
-2.295411 5.144090
-2.372940 5.108795
-2.446907 5.073789
-2.517372 5.039205
-2.584402 5.005164
-2.648072 4.971778
-2.708462 4.939144
-2.765655 4.907353
-2.819741 4.876482
-2.870809 4.846599
-2.918951 4.817763
-2.964259 4.790024
-3.006828 4.763422
-3.046750 4.737992
-3.084116 4.713759
-3.119018 4.690743
-3.151545 4.668956
-3.181784 4.648405
-3.209822 4.629093
-3.235741 4.611017
-3.259624 4.594168
-3.281548 4.578538
-3.301591 4.564109
-3.319827 4.550866
-3.336327 4.538786
-3.351161 4.527848
-3.364396 4.518026
-3.376097 4.509292
-3.386326 4.501618
-3.395144 4.494974
-3.402610 4.489328
-3.408779 4.484648
-3.413707 4.480900
-3.417447 4.478051
-3.420049 4.476066
-3.421563 4.474911
-3.422038 4.474549
-3.421521 4.474947
-3.420057 4.476068
-3.417690 4.477877
-3.414465 4.480338
-3.410422 4.483418
-3.405605 4.487080
-3.400052 4.491290
-3.393805 4.496014
-3.386903 4.501217
-3.379383 4.506866
-3.371285 4.512928
-3.362646 4.519370
-3.353502 4.526160
-3.343892 4.533265
-3.333852 4.540655
-3.323418 4.548298
-3.312627 4.556164
-3.301515 4.564223
-3.290117 4.572446
-3.278472 4.580804
-3.266613 4.589268
-3.254579 4.597810
-3.242405 4.606404
-3.230128 4.615021
-3.217784 4.623636
-3.205412 4.632222
-3.193047 4.640753
-3.180729 4.649205
-3.168494 4.657552
-3.156381 4.665768
-3.144429 4.673831
-3.132677 4.681716
-3.121165 4.689398
-3.109932 4.696855
-3.099019 4.704062
-3.088467 4.710996
-3.078317 4.717633
-3.068612 4.723951
-3.059394 4.729925
-3.050706 4.735532
-3.042592 4.740749
-3.035097 4.745550
-3.028264 4.749912
-3.022139 4.753810
-3.016769 4.757218
-3.012199 4.760112
-3.008477 4.762464
-3.005650 4.764247
-3.003767 4.765433
-3.002875 4.765993
-3.003024 4.765897
-3.004263 4.765114
-3.006641 4.763612
-3.010209 4.761356
-3.015017 4.758311
-3.021114 4.754439
-3.028552 4.749703
-3.037380 4.744060
-3.047648 4.737467
-3.059405 4.729880
-3.072702 4.721250
-3.087585 4.711527
-3.104103 4.700658
-3.122302 4.688586
-3.142226 4.675253
-3.163918 4.660597
-3.187421 4.644551
-3.212772 4.627047
-3.240007 4.608013
-3.269160 4.587372
-3.300261 4.565045
-3.333333 4.540948
-3.368398 4.514993
-3.405471 4.487092
-3.444562 4.457148
-3.485674 4.425066
-3.528804 4.390743
-3.573940 4.354077
-3.621062 4.314962
-3.670140 4.273289
-3.721136 4.228950
-3.774000 4.181835
-3.828670 4.131834
-3.885072 4.078839
-3.943121 4.022741
-4.002717 3.963439
-4.063747 3.900833
-4.126083 3.834830
-4.189583 3.765344
-4.254090 3.692301
-4.319433 3.615633
-4.385429 3.535288
-4.451877 3.451229
-4.518567 3.363434
-4.585276 3.271899
-4.651772 3.176640
-4.717814 3.077696
-4.783152 2.975128
-4.847537 2.869020
-4.910713 2.759483
-4.972428 2.646652
-5.032433 2.530689
-5.090486 2.411782
-5.146355 2.290141
-5.199820 2.166002
-5.250677 2.039624
-5.298741 1.911285
-5.343847 1.781280
-5.385853 1.649919
-5.424644 1.517527
-5.460129 1.384433
-5.492243 1.250974
-5.520952 1.117488
-5.546246 0.984311
-5.568143 0.851772
-5.586688 0.720193
-5.601949 0.589884
-5.614017 0.461141
-5.623002 0.334241
-5.629036 0.209445
-5.632264 0.086992
-5.632844 -0.032900
-5.630946 -0.150036
-5.626748 -0.264242
-5.620433 -0.375369
-5.612189 -0.483288
-5.602202 -0.587893
-5.590660 -0.689100
-5.577749 -0.786843
-5.563647 -0.881076
-5.548530 -0.971770
-5.532565 -1.058913
-5.515915 -1.142506
-5.498729 -1.222565
-5.481153 -1.299118
-5.463320 -1.372202
-5.445354 -1.441864
-5.427372 -1.508160
-5.409478 -1.571151
-5.391768 -1.630905
-5.374331 -1.687494
-5.357243 -1.740994
-5.340575 -1.791485
-5.324389 -1.839046
-5.308738 -1.883762
-5.293668 -1.925715
-5.279219 -1.964990
-5.265424 -2.001671
-5.252311 -2.035841
-5.239900 -2.067584
-5.228209 -2.096980
-5.217248 -2.124113
-5.207025 -2.149059
-5.197543 -2.171898
-5.188802 -2.192706
-5.180798 -2.211558
-5.173525 -2.228525
-5.166974 -2.243680
-5.161132 -2.257092
-5.155986 -2.268828
-5.151521 -2.278954
-5.147719 -2.287534
-5.144561 -2.294631
-5.142029 -2.300305
-5.140100 -2.304616
-5.138753 -2.307622
-5.137966 -2.309379
-5.137714 -2.309942
-5.137976 -2.309364
-5.138725 -2.307699
-5.139939 -2.304997
-5.141593 -2.301309
-5.143662 -2.296684
-5.146122 -2.291170
-5.148947 -2.284816
-5.152115 -2.277667
