cos() sin()
6.610780 0.000000
6.610780 -0.000000
6.610780 -0.000000
6.610780 -0.000000
6.610780 -0.000000
6.610780 -0.000000
6.610780 -0.000000
6.610780 -0.000001
6.610780 -0.000001
6.610780 -0.000002
6.610780 -0.000002
6.610780 -0.000003
6.610780 -0.000004
6.610780 -0.000005
6.610780 -0.000006
6.610780 -0.000007
6.610780 -0.000008
6.610780 -0.000010
6.610780 -0.000012
6.610780 -0.000014
6.610780 -0.000016
6.610780 -0.000019
6.610780 -0.000022
6.610780 -0.000025
6.610780 -0.000028
6.610780 -0.000032
6.610780 -0.000036
6.610780 -0.000040
6.610780 -0.000044
6.610780 -0.000049
6.610780 -0.000054
6.610780 -0.000060
6.610780 -0.000065
6.610780 -0.000071
6.610780 -0.000078
6.610780 -0.000085
6.610780 -0.000092
6.610780 -0.000099
6.610780 -0.000107
6.610780 -0.000116
6.610780 -0.000124
6.610780 -0.000134
6.610780 -0.000143
6.610780 -0.000153
6.610780 -0.000163
6.610780 -0.000174
6.610780 -0.000185
6.610780 -0.000197
6.610780 -0.000209
6.610780 -0.000221
6.610780 -0.000234
6.610780 -0.000247
6.610780 -0.000261
6.610780 -0.000275
6.610780 -0.000289
6.610780 -0.000304
6.610780 -0.000319
6.610780 -0.000335
6.610780 -0.000351
6.610780 -0.000368
6.610780 -0.000385
6.610780 -0.000402
6.610780 -0.000420
6.610780 -0.000438
6.610780 -0.000457
6.610780 -0.000476
6.610780 -0.000496
6.610780 -0.000516
6.610780 -0.000536
6.610780 -0.000557
6.610780 -0.000578
6.610780 -0.000599
6.610780 -0.000621
6.610780 -0.000643
6.610780 -0.000665
6.610780 -0.000688
6.610780 -0.000711
6.610780 -0.000735
6.610780 -0.000759
6.610780 -0.000783
6.610780 -0.000807
6.610780 -0.000832
6.610780 -0.000857
6.610780 -0.000883
6.610780 -0.000908
6.610780 -0.000934
6.610780 -0.000960
6.610780 -0.000987
6.610780 -0.001013
6.610780 -0.001040
6.610780 -0.001067
6.610780 -0.001095
6.610780 -0.001122
6.610780 -0.001150
6.610780 -0.001177
6.610780 -0.001205
6.610780 -0.001233
6.610780 -0.001262
6.610780 -0.001290
6.610780 -0.001319
6.610780 -0.001347
6.610780 -0.001376
6.610780 -0.001404
6.610780 -0.001433
6.610780 -0.001462
6.610780 -0.001491
6.610780 -0.001520
6.610780 -0.001549
6.610780 -0.001578
6.610780 -0.001606
6.610780 -0.001635
6.610780 -0.001664
6.610780 -0.001693
6.610780 -0.001722
6.610780 -0.001750
6.610780 -0.001779
6.610780 -0.001807
6.610780 -0.001835
6.610780 -0.001864
6.610780 -0.001892
6.610779 -0.001919
6.610779 -0.001947
6.610779 -0.001975
6.610779 -0.002002
6.610779 -0.002029
6.610779 -0.002056
6.610779 -0.002083
6.610779 -0.002110
6.610779 -0.002136
6.610779 -0.002162
6.610779 -0.002188
6.610779 -0.002213
6.610779 -0.002239
6.610779 -0.002263
6.610779 -0.002288
6.610779 -0.002313
6.610779 -0.002337
6.610779 -0.002360
6.610779 -0.002384
6.610779 -0.002407
6.610779 -0.002429
6.610779 -0.002452
6.610779 -0.002474
6.610779 -0.002495
6.610779 -0.002517
6.610779 -0.002538
6.610779 -0.002558
6.610779 -0.002578
6.610779 -0.002598
6.610779 -0.002617
6.610779 -0.002636
6.610779 -0.002655
6.610779 -0.002673
6.610779 -0.002690
6.610779 -0.002708
6.610779 -0.002725
6.610779 -0.002741
6.610779 -0.002757
6.610779 -0.002773
6.610779 -0.002788
6.610779 -0.002803
6.610779 -0.002817
6.610779 -0.002831
6.610779 -0.002844
6.610779 -0.002857
6.610779 -0.002870
6.610779 -0.002882
6.610779 -0.002894
6.610779 -0.002905
6.610779 -0.002916
6.610779 -0.002927
6.610779 -0.002937
6.610779 -0.002947
6.610779 -0.002956
6.610779 -0.002965
6.610779 -0.002973
6.610779 -0.002982
6.610779 -0.002989
6.610779 -0.002997
6.610779 -0.003004
6.610779 -0.003011
6.610779 -0.003017
6.610779 -0.003023
6.610779 -0.003028
6.610779 -0.003034
6.610779 -0.003039
6.610779 -0.003043
6.610779 -0.003048
6.610779 -0.003052
6.610779 -0.003056
6.610779 -0.003059
6.610779 -0.003062
6.610779 -0.003065
6.610779 -0.003068
6.610779 -0.003070
6.610779 -0.003073
6.610779 -0.003075
6.610779 -0.003076
6.610779 -0.003078
6.610779 -0.003079
6.610779 -0.003081
6.610779 -0.003082
6.610779 -0.003083
6.610779 -0.003083
6.610779 -0.003084
6.610779 -0.003084
6.610779 -0.003085
6.610779 -0.003085
6.610779 -0.003085
6.610779 -0.003086
6.610779 -0.003086
6.610779 -0.003086
6.610779 -0.003086
6.610779 -0.003086
6.610779 -0.003086
6.610779 -0.003086
6.610779 -0.003086
6.610779 -0.003086
6.610779 -0.003086
6.610779 -0.003086
6.610779 -0.003086
6.610779 -0.003087
6.610779 -0.003087
6.610779 -0.003088
6.610779 -0.003088
6.610779 -0.003089
6.610779 -0.003090
6.610779 -0.003091
6.610779 -0.003092
6.610779 -0.003093
6.610779 -0.003095
6.610779 -0.003097
6.610779 -0.003099
6.610779 -0.003101
6.610779 -0.003103
6.610779 -0.003106
6.610779 -0.003109
6.610779 -0.003112
6.610779 -0.003115
6.610779 -0.003119
6.610779 -0.003123
6.610779 -0.003127
6.610779 -0.003132
6.610779 -0.003137
6.610779 -0.003142
6.610779 -0.003148
6.610779 -0.003154
6.610779 -0.003160
6.610779 -0.003166
6.610779 -0.003173
6.610779 -0.003181
6.610779 -0.003188
6.610779 -0.003196
6.610779 -0.003205
6.610779 -0.003214
6.610779 -0.003223
6.610779 -0.003233
6.610779 -0.003243
6.610779 -0.003253
6.610779 -0.003264
6.610779 -0.003275
6.610779 -0.003287
6.610779 -0.003299
6.610779 -0.003312
6.610779 -0.003325
6.610779 -0.003338
6.610779 -0.003352
6.610779 -0.003366
6.610779 -0.003381
6.610779 -0.003396
6.610779 -0.003411
6.610779 -0.003427
6.610779 -0.003444
6.610779 -0.003460
6.610779 -0.003478
6.610779 -0.003495
6.610779 -0.003513
6.610779 -0.003532
6.610779 -0.003551
6.610779 -0.003570
6.610779 -0.003589
6.610779 -0.003609
6.610779 -0.003630
6.610779 -0.003651
6.610779 -0.003672
6.610779 -0.003693
6.610779 -0.003715
6.610779 -0.003738
6.610779 -0.003760
6.610779 -0.003783
6.610779 -0.003807
6.610779 -0.003830
6.610779 -0.003854
6.610779 -0.003878
6.610779 -0.003903
6.610779 -0.003928
6.610779 -0.003953
6.610779 -0.003979
6.610779 -0.004004
6.610779 -0.004030
6.610779 -0.004057
6.610779 -0.004083
6.610778 -0.004110
6.610778 -0.004137
6.610778 -0.004164
6.610778 -0.004191
6.610778 -0.004219
6.610778 -0.004246
6.610778 -0.004274
6.610778 -0.004302
6.610778 -0.004330
6.610778 -0.004359
6.610778 -0.004387
6.610778 -0.004416
6.610778 -0.004444
6.610778 -0.004473
6.610778 -0.004502
6.610778 -0.004530
6.610778 -0.004559
6.610778 -0.004588
6.610778 -0.004617
6.610778 -0.004646
6.610778 -0.004675
6.610778 -0.004704
6.610778 -0.004733
6.610778 -0.004761
6.610778 -0.004790
6.610778 -0.004819
6.610778 -0.004847
6.610778 -0.004876
6.610778 -0.004904
6.610778 -0.004932
6.610778 -0.004961
6.610778 -0.004989
6.610778 -0.005016
6.610778 -0.005044
6.610778 -0.005072
6.610778 -0.005099
6.610778 -0.005126
6.610778 -0.005153
6.610778 -0.005179
6.610778 -0.005206
6.610778 -0.005232
6.610778 -0.005258
6.610778 -0.005284
6.610778 -0.005309
6.610778 -0.005334
6.610778 -0.005359
6.610778 -0.005384
6.610778 -0.005408
6.610778 -0.005432
6.610778 -0.005455
6.610777 -0.005479
6.610777 -0.005502
6.610777 -0.005524
6.610777 -0.005546
6.610777 -0.005568
6.610777 -0.005590
6.610777 -0.005611
6.610777 -0.005632
6.610777 -0.005652
6.610777 -0.005672
6.610777 -0.005691
6.610777 -0.005711
6.610777 -0.005729
6.610777 -0.005748
6.610777 -0.005766
6.610777 -0.005783
6.610777 -0.005800
6.610777 -0.005817
6.610777 -0.005833
6.610777 -0.005849
6.610777 -0.005865
6.610777 -0.005880
6.610777 -0.005894
6.610777 -0.005908
6.610777 -0.005922
6.610777 -0.005935
6.610777 -0.005948
6.610777 -0.005961
6.610777 -0.005973
6.610777 -0.005984
6.610777 -0.005995
6.610777 -0.006006
6.610777 -0.006017
6.610777 -0.006027
6.610777 -0.006036
6.610777 -0.006045
6.610777 -0.006054
6.610777 -0.006063
6.610777 -0.006071
6.610777 -0.006078
6.610777 -0.006085
6.610777 -0.006092
6.610777 -0.006099
6.610777 -0.006105
6.610777 -0.006111
6.610777 -0.006116
6.610777 -0.006122
6.610777 -0.006126
6.610777 -0.006131
6.610777 -0.006135
6.610777 -0.006139
6.610777 -0.006143
6.610777 -0.006146
6.610777 -0.006149
6.610777 -0.006152
6.610777 -0.006155
6.610777 -0.006157
6.610777 -0.006159
6.610777 -0.006161
6.610777 -0.006163
6.610777 -0.006164
6.610777 -0.006166
6.610777 -0.006167
6.610777 -0.006168
6.610777 -0.006169
6.610777 -0.006169
6.610777 -0.006170
6.610777 -0.006170
6.610777 -0.006171
6.610777 -0.006171
6.610777 -0.006171
6.610777 -0.006171
6.610777 -0.006172
6.610777 -0.006172
6.610777 -0.006172
6.610777 -0.006172
6.610777 -0.006172
6.610777 -0.006172
6.610777 -0.006172
6.610777 -0.006172
6.610777 -0.006172
6.610777 -0.006172
6.610777 -0.006172
6.610777 -0.006173
6.610777 -0.006173
6.610777 -0.006174
6.610777 -0.006174
6.610777 -0.006175
6.610777 -0.006176
6.610777 -0.006177
6.610777 -0.006178
6.610777 -0.006180
6.610777 -0.006181
6.610777 -0.006183
6.610777 -0.006185
6.610777 -0.006188
6.610777 -0.006190
6.610777 -0.006193
6.610777 -0.006196
6.610777 -0.006199
6.610777 -0.006203
6.610777 -0.006206
6.610777 -0.006210
6.610777 -0.006215
6.610777 -0.006220
6.610777 -0.006225
6.610777 -0.006230
6.610777 -0.006236
6.610777 -0.006242
6.610777 -0.006248
6.610777 -0.006255
6.610777 -0.006262
6.610777 -0.006270
6.610777 -0.006277
6.610777 -0.006286
6.610777 -0.006294
6.610777 -0.006303
6.610777 -0.006313
6.610777 -0.006322
6.610777 -0.006333
6.610777 -0.006343
6.610777 -0.006354
6.610777 -0.006366
6.610777 -0.006378
6.610777 -0.006390
6.610777 -0.006403
6.610777 -0.006416
6.610777 -0.006429
6.610777 -0.006443
6.610777 -0.006458
6.610777 -0.006473
6.610777 -0.006488
6.610777 -0.006503
6.610777 -0.006520
6.610777 -0.006536
6.610777 -0.006553
6.610776 -0.006570
6.610776 -0.006588
6.610776 -0.006606
6.610776 -0.006625
6.610776 -0.006644
6.610776 -0.006663
6.610776 -0.006683
6.610776 -0.006703
6.610776 -0.006724
6.610776 -0.006745
6.610776 -0.006766
6.610776 -0.006788
6.610776 -0.006810
6.610776 -0.006832
6.610776 -0.006855
6.610776 -0.006878
6.610776 -0.006902
6.610776 -0.006926
6.610776 -0.006950
6.610776 -0.006974
6.610776 -0.006999
6.610776 -0.007024
6.610776 -0.007049
6.610776 -0.007075
6.610776 -0.007101
6.610776 -0.007127
6.610776 -0.007153
6.610776 -0.007180
6.610776 -0.007206
6.610776 -0.007233
6.610776 -0.007261
6.610776 -0.007288
6.610776 -0.007316
6.610776 -0.007343
6.610776 -0.007371
6.610776 -0.007399
6.610776 -0.007428
6.610776 -0.007456
6.610776 -0.007484
6.610776 -0.007513
6.610775 -0.007541
6.610775 -0.007570
6.610775 -0.007599
6.610775 -0.007628
6.610775 -0.007657
6.610775 -0.007686
6.610775 -0.007714
6.610775 -0.007743
6.610775 -0.007772
6.610775 -0.007801
6.610775 -0.007830
6.610775 -0.007859
6.610775 -0.007887
6.610775 -0.007916
6.610775 -0.007944
6.610775 -0.007973
6.610775 -0.008001
6.610775 -0.008029
6.610775 -0.008058
6.610775 -0.008085
6.610775 -0.008113
6.610775 -0.008141
6.610775 -0.008168
6.610775 -0.008195
6.610775 -0.008222
6.610775 -0.008249
6.610775 -0.008276
6.610775 -0.008302
6.610775 -0.008328
6.610774 -0.008354
6.610774 -0.008380
6.610774 -0.008405
6.610774 -0.008430
6.610774 -0.008455
6.610774 -0.008479
6.610774 -0.008503
6.610774 -0.008527
6.610774 -0.008551
6.610774 -0.008574
6.610774 -0.008596
6.610774 -0.008619
6.610774 -0.008641
6.610774 -0.008663
6.610774 -0.008684
6.610774 -0.008705
6.610774 -0.008726
6.610774 -0.008746
6.610774 -0.008766
6.610774 -0.008785
6.610774 -0.008804
6.610774 -0.008823
6.610774 -0.008841
6.610774 -0.008858
6.610774 -0.008876
6.610774 -0.008893
6.610774 -0.008909
6.610774 -0.008925
6.610774 -0.008941
6.610774 -0.008956
6.610774 -0.008971
6.610774 -0.008986
6.610774 -0.009000
6.610774 -0.009013
6.610774 -0.009026
6.610774 -0.009039
6.610774 -0.009051
6.610774 -0.009063
6.610774 -0.009075
6.610774 -0.009086
6.610773 -0.009096
6.610773 -0.009106
6.610773 -0.009116
6.610773 -0.009126
6.610773 -0.009135
6.610773 -0.009143
6.610773 -0.009152
6.610773 -0.009159
6.610773 -0.009167
6.610773 -0.009174
6.610773 -0.009181
6.610773 -0.009187
6.610773 -0.009193
6.610773 -0.009199
6.610773 -0.009204
6.610773 -0.009209
6.610773 -0.009214
6.610773 -0.009219
6.610773 -0.009223
6.610773 -0.009226
6.610773 -0.009230
6.610773 -0.009233
6.610773 -0.009236
6.610773 -0.009239
6.610773 -0.009242
6.610773 -0.009244
6.610773 -0.009246
6.610773 -0.009248
6.610773 -0.009249
6.610773 -0.009251
6.610773 -0.009252
6.610773 -0.009253
6.610773 -0.009254
6.610773 -0.009255
6.610773 -0.009255
6.610773 -0.009256
6.610773 -0.009256
6.610773 -0.009257
6.610773 -0.009257
6.610773 -0.009257
6.610773 -0.009257
6.610773 -0.009257
6.610773 -0.009257
6.610773 -0.009257
6.610773 -0.009257
6.610773 -0.009257
6.610773 -0.009257
6.610773 -0.009258
6.610773 -0.009258
6.610773 -0.009258
6.610773 -0.009258
6.610773 -0.009258
6.610773 -0.009259
6.610773 -0.009259
6.610773 -0.009260
6.610773 -0.009260
6.610773 -0.009261
6.610773 -0.009262
6.610773 -0.009263
6.610773 -0.009265
6.610773 -0.009266
6.610773 -0.009268
6.610773 -0.009270
6.610773 -0.009272
6.610773 -0.009274
6.610773 -0.009277
6.610773 -0.009280
6.610773 -0.009283
6.610773 -0.009286
6.610773 -0.009290
6.610773 -0.009294
6.610773 -0.009298
6.610773 -0.009303
6.610773 -0.009307
6.610773 -0.009313
6.610773 -0.009318
6.610773 -0.009324
6.610773 -0.009330
6.610773 -0.009337
6.610773 -0.009344
6.610773 -0.009351
6.610773 -0.009358
6.610773 -0.009366
6.610773 -0.009375
6.610773 -0.009384
6.610773 -0.009393
6.610773 -0.009402
6.610773 -0.009412
6.610773 -0.009423
6.610773 -0.009433
6.610773 -0.009445
6.610773 -0.009456
6.610773 -0.009468
6.610773 -0.009481
6.610773 -0.009494
6.610773 -0.009507
6.610773 -0.009521
6.610773 -0.009535
6.610773 -0.009549
6.610773 -0.009564
6.610773 -0.009580
6.610773 -0.009596
6.610773 -0.009612
6.610773 -0.009629
6.610773 -0.009646
6.610773 -0.009663
6.610773 -0.009681
6.610773 -0.009700
6.610773 -0.009718
6.610773 -0.009737
6.610773 -0.009757
6.610773 -0.009777
6.610773 -0.009797
6.610772 -0.009818
6.610772 -0.009839
6.610772 -0.009861
6.610772 -0.009882
6.610772 -0.009905
6.610772 -0.009927
6.610772 -0.009950
6.610772 -0.009973
6.610772 -0.009997
6.610772 -0.010021
6.610772 -0.010045
6.610772 -0.010070
6.610772 -0.010095
6.610772 -0.010120
6.610772 -0.010145
6.610772 -0.010171
6.610772 -0.010197
6.610772 -0.010223
6.610772 -0.010249
6.610772 -0.010276
6.610772 -0.010303
6.610772 -0.010330
6.610772 -0.010357
6.610772 -0.010385
6.610772 -0.010412
6.610772 -0.010440
6.610771 -0.010468
6.610771 -0.010496
6.610771 -0.010525
6.610771 -0.010553
6.610771 -0.010581
6.610771 -0.010610
6.610771 -0.010639
6.610771 -0.010667
6.610771 -0.010696
6.610771 -0.010725
6.610771 -0.010754
6.610771 -0.010783
6.610771 -0.010812
6.610771 -0.010841
6.610771 -0.010869
6.610771 -0.010898
6.610771 -0.010927
6.610771 -0.010956
6.610771 -0.010985
6.610771 -0.011013
6.610771 -0.011042
6.610771 -0.011070
6.610770 -0.011098
6.610770 -0.011126
6.610770 -0.011154
6.610770 -0.011182
6.610770 -0.011210
6.610770 -0.011238
6.610770 -0.011265
6.610770 -0.011292
6.610770 -0.011319
6.610770 -0.011346
6.610770 -0.011372
6.610770 -0.011398
6.610770 -0.011424
6.610770 -0.011450
6.610770 -0.011476
6.610770 -0.011501
6.610770 -0.011526
6.610770 -0.011550
6.610770 -0.011575
6.610770 -0.011599
6.610770 -0.011622
6.610770 -0.011646
6.610769 -0.011669
6.610769 -0.011691
6.610769 -0.011714
6.610769 -0.011735
6.610769 -0.011757
6.610769 -0.011778
6.610769 -0.011799
6.610769 -0.011819
6.610769 -0.011839
6.610769 -0.011859
6.610769 -0.011878
6.610769 -0.011897
6.610769 -0.011916
6.610769 -0.011934
6.610769 -0.011951
6.610769 -0.011968
6.610769 -0.011985
6.610769 -0.012002
6.610769 -0.012018
6.610769 -0.012033
6.610769 -0.012048
6.610769 -0.012063
6.610769 -0.012077
6.610769 -0.012091
6.610769 -0.012104
6.610769 -0.012117
6.610769 -0.012130
6.610769 -0.012142
6.610769 -0.012154
6.610769 -0.012165
6.610769 -0.012176
6.610769 -0.012186
6.610768 -0.012196
6.610768 -0.012206
6.610768 -0.012215
6.610768 -0.012224
6.610768 -0.012233
6.610768 -0.012241
6.610768 -0.012248
6.610768 -0.012256
6.610768 -0.012263
6.610768 -0.012269
6.610768 -0.012275
6.610768 -0.012281
6.610768 -0.012287
6.610768 -0.012292
6.610768 -0.012297
6.610768 -0.012302
6.610768 -0.012306
6.610768 -0.012310
6.610768 -0.012314
6.610768 -0.012317
6.610768 -0.012320
6.610768 -0.012323
6.610768 -0.012326
6.610768 -0.012328
6.610768 -0.012330
6.610768 -0.012332
6.610768 -0.012334
6.610768 -0.012336
6.610768 -0.012337
6.610768 -0.012338
6.610768 -0.012339
6.610768 -0.012340
6.610768 -0.012341
6.610768 -0.012342
6.610768 -0.012342
6.610768 -0.012342
6.610768 -0.012343
6.610768 -0.012343
6.610768 -0.012343
6.610768 -0.012343
6.610768 -0.012343
6.610768 -0.012343
6.610768 -0.012343
6.610768 -0.012343
6.610768 -0.012343
6.610768 -0.012343
6.610768 -0.012343
6.610768 -0.012343
6.610768 -0.012344
6.610768 -0.012344
6.610768 -0.012344
6.610768 -0.012345
6.610768 -0.012345
6.610768 -0.012346
6.610768 -0.012346
6.610768 -0.012347
6.610768 -0.012348
6.610768 -0.012350
6.610768 -0.012351
6.610768 -0.012353
6.610768 -0.012354
6.610768 -0.012356
6.610768 -0.012359
6.610768 -0.012361
6.610768 -0.012364
6.610768 -0.012367
6.610768 -0.012370
6.610768 -0.012373
6.610768 -0.012377
6.610768 -0.012381
6.610768 -0.012386
6.610768 -0.012390
6.610768 -0.012395
6.610768 -0.012401
6.610768 -0.012406
6.610768 -0.012412
6.610768 -0.012418
6.610768 -0.012425
6.610768 -0.012432
6.610768 -0.012440
6.610768 -0.012447
6.610768 -0.012456
6.610768 -0.012464
6.610768 -0.012473
6.610768 -0.012482
6.610768 -0.012492
6.610768 -0.012502
6.610768 -0.012513
6.610768 -0.012524
6.610768 -0.012535
6.610768 -0.012547
6.610768 -0.012559
6.610768 -0.012572
6.610768 -0.012585
6.610768 -0.012598
6.610768 -0.012612
6.610768 -0.012626
6.610768 -0.012641
6.610768 -0.012656
6.610768 -0.012672
6.610768 -0.012688
6.610768 -0.012704
6.610768 -0.012721
6.610767 -0.012738
6.610767 -0.012756
6.610767 -0.012774
6.610767 -0.012793
6.610767 -0.012812
6.610767 -0.012831
6.610767 -0.012851
6.610767 -0.012871
6.610767 -0.012891
6.610767 -0.012912
6.610767 -0.012933
6.610767 -0.012955
6.610767 -0.012977
6.610767 -0.012999
6.610767 -0.013022
6.610767 -0.013045
6.610767 -0.013069
6.610767 -0.013092
6.610767 -0.013116
6.610767 -0.013141
6.610767 -0.013165
6.610767 -0.013190
6.610767 -0.013216
6.610767 -0.013241
6.610766 -0.013267
6.610766 -0.013293
6.610766 -0.013319
6.610766 -0.013346
6.610766 -0.013372
6.610766 -0.013399
6.610766 -0.013427
6.610766 -0.013454
6.610766 -0.013482
6.610766 -0.013509
6.610766 -0.013537
6.610766 -0.013565
6.610766 -0.013593
6.610766 -0.013622
6.610766 -0.013650
6.610766 -0.013679
6.610766 -0.013707
6.610766 -0.013736
6.610765 -0.013765
6.610765 -0.013794
6.610765 -0.013822
6.610765 -0.013851
6.610765 -0.013880
6.610765 -0.013909
6.610765 -0.013938
6.610765 -0.013967
6.610765 -0.013996
6.610765 -0.014024
6.610765 -0.014053
6.610765 -0.014082
6.610765 -0.014110
6.610765 -0.014139
6.610765 -0.014167
6.610765 -0.014195
6.610764 -0.014223
6.610764 -0.014251
6.610764 -0.014279
6.610764 -0.014307
6.610764 -0.014334
6.610764 -0.014362
6.610764 -0.014389
6.610764 -0.014415
6.610764 -0.014442
6.610764 -0.014468
6.610764 -0.014495
6.610764 -0.014521
6.610764 -0.014546
6.610764 -0.014572
6.610764 -0.014597
6.610764 -0.014621
6.610764 -0.014646
6.610763 -0.014670
6.610763 -0.014694
6.610763 -0.014717
6.610763 -0.014741
6.610763 -0.014763
6.610763 -0.014786
6.610763 -0.014808
6.610763 -0.014830
6.610763 -0.014851
6.610763 -0.014872
6.610763 -0.014893
6.610763 -0.014913
6.610763 -0.014933
6.610763 -0.014953
6.610763 -0.014972
6.610763 -0.014990
6.610763 -0.015009
6.610763 -0.015027
6.610763 -0.015044
6.610763 -0.015061
6.610763 -0.015078
6.610763 -0.015094
6.610762 -0.015110
6.610762 -0.015125
6.610762 -0.015140
6.610762 -0.015154
6.610762 -0.015168
6.610762 -0.015182
6.610762 -0.015195
6.610762 -0.015208
6.610762 -0.015220
6.610762 -0.015232
6.610762 -0.015244
6.610762 -0.015255
6.610762 -0.015266
6.610762 -0.015276
6.610762 -0.015286
6.610762 -0.015295
6.610762 -0.015305
6.610762 -0.015313
6.610762 -0.015322
6.610762 -0.015330
6.610762 -0.015337
6.610762 -0.015344
6.610762 -0.015351
6.610762 -0.015358
6.610762 -0.015364
6.610762 -0.015369
6.610762 -0.015375
6.610762 -0.015380
6.610762 -0.015385
6.610762 -0.015389
6.610762 -0.015393
6.610762 -0.015397
6.610762 -0.015401
6.610762 -0.015404
6.610762 -0.015407
6.610762 -0.015410
6.610762 -0.015413
6.610762 -0.015415
6.610762 -0.015417
6.610762 -0.015419
6.610762 -0.015421
6.610762 -0.015422
6.610762 -0.015423
6.610762 -0.015424
6.610762 -0.015425
6.610762 -0.015426
6.610762 -0.015427
6.610762 -0.015428
6.610762 -0.015428
6.610762 -0.015428
6.610762 -0.015429
6.610762 -0.015429
6.610762 -0.015429
6.610762 -0.015429
6.610762 -0.015429
6.610762 -0.015429
6.610762 -0.015429
6.610762 -0.015429
6.610762 -0.015429
6.610762 -0.015429
6.610762 -0.015429
6.610762 -0.015429
6.610762 -0.015429
6.610762 -0.015430
6.610762 -0.015430
6.610762 -0.015431
6.610762 -0.015431
6.610762 -0.015432
6.610762 -0.015433
6.610762 -0.015434
6.610762 -0.015435
6.610762 -0.015436
6.610762 -0.015437
6.610762 -0.015439
6.610762 -0.015441
6.610762 -0.015443
6.610762 -0.015445
6.610762 -0.015448
6.610762 -0.015451
6.610762 -0.015454
6.610762 -0.015457
6.610762 -0.015461
6.610762 -0.015465
6.610762 -0.015469
6.610762 -0.015473
6.610762 -0.015478
6.610762 -0.015483
6.610762 -0.015489
6.610762 -0.015494
6.610762 -0.015500
6.610762 -0.015507
6.610762 -0.015514
6.610762 -0.015521
6.610762 -0.015528
6.610761 -0.015536
6.610761 -0.015545
6.610761 -0.015553
6.610761 -0.015562
6.610761 -0.015572
6.610761 -0.015582
6.610761 -0.015592
6.610761 -0.015603
6.610761 -0.015614
6.610761 -0.015625
6.610761 -0.015637
6.610761 -0.015650
6.610761 -0.015663
6.610761 -0.015676
6.610761 -0.015689
6.610761 -0.015704
6.610761 -0.015718
6.610761 -0.015733
6.610761 -0.015748
6.610761 -0.015764
6.610761 -0.015780
6.610761 -0.015797
6.610761 -0.015814
6.610761 -0.015831
6.610761 -0.015849
6.610761 -0.015867
6.610761 -0.015886
6.610761 -0.015905
6.610761 -0.015925
6.610761 -0.015944
6.610760 -0.015965
6.610760 -0.015985
6.610760 -0.016006
6.610760 -0.016028
6.610760 -0.016050
6.610760 -0.016072
6.610760 -0.016094
6.610760 -0.016117
6.610760 -0.016140
6.610760 -0.016164
6.610760 -0.016188
6.610760 -0.016212
6.610760 -0.016236
6.610760 -0.016261
6.610760 -0.016286
6.610760 -0.016311
6.610760 -0.016337
6.610760 -0.016363
6.610759 -0.016389
6.610759 -0.016416
6.610759 -0.016442
6.610759 -0.016469
6.610759 -0.016496
6.610759 -0.016523
6.610759 -0.016551
6.610759 -0.016578
6.610759 -0.016606
6.610759 -0.016634
6.610759 -0.016662
6.610759 -0.016690
6.610759 -0.016719
6.610759 -0.016747
6.610758 -0.016776
6.610758 -0.016804
6.610758 -0.016833
6.610758 -0.016862
6.610758 -0.016891
6.610758 -0.016920
6.610758 -0.016949
6.610758 -0.016977
6.610758 -0.017006
6.610758 -0.017035
6.610758 -0.017064
6.610758 -0.017093
6.610758 -0.017122
6.610758 -0.017150
6.610757 -0.017179
6.610757 -0.017207
6.610757 -0.017236
6.610757 -0.017264
6.610757 -0.017292
6.610757 -0.017320
6.610757 -0.017348
6.610757 -0.017376
6.610757 -0.017404
6.610757 -0.017431
6.610757 -0.017458
6.610757 -0.017485
6.610757 -0.017512
6.610757 -0.017538
6.610756 -0.017565
6.610756 -0.017591
6.610756 -0.017617
6.610756 -0.017642
6.610756 -0.017667
6.610756 -0.017692
6.610756 -0.017717
6.610756 -0.017741
6.610756 -0.017765
6.610756 -0.017789
6.610756 -0.017812
6.610756 -0.017836
6.610756 -0.017858
6.610756 -0.017881
6.610756 -0.017903
6.610755 -0.017924
6.610755 -0.017946
6.610755 -0.017966
6.610755 -0.017987
6.610755 -0.018007
6.610755 -0.018027
6.610755 -0.018046
6.610755 -0.018065
6.610755 -0.018084
6.610755 -0.018102
6.610755 -0.018119
6.610755 -0.018137
6.610755 -0.018153
6.610755 -0.018170
6.610755 -0.018186
6.610755 -0.018202
6.610755 -0.018217
6.610755 -0.018231
6.610755 -0.018246
6.610755 -0.018260
6.610754 -0.018273
6.610754 -0.018286
6.610754 -0.018299
6.610754 -0.018311
6.610754 -0.018323
6.610754 -0.018334
6.610754 -0.018345
6.610754 -0.018356
6.610754 -0.018366
6.610754 -0.018376
6.610754 -0.018385
6.610754 -0.018394
6.610754 -0.018402
6.610754 -0.018411
6.610754 -0.018418
6.610754 -0.018426
6.610754 -0.018433
6.610754 -0.018440
6.610754 -0.018446
6.610754 -0.018452
6.610754 -0.018457
6.610754 -0.018463
6.610754 -0.018468
6.610754 -0.018472
6.610754 -0.018477
6.610754 -0.018481
6.610754 -0.018485
6.610754 -0.018488
6.610754 -0.018491
6.610754 -0.018494
6.610754 -0.018497
6.610754 -0.018499
6.610754 -0.018502
6.610754 -0.018504
6.610754 -0.018505
6.610754 -0.018507
6.610754 -0.018508
6.610754 -0.018510
6.610754 -0.018511
6.610754 -0.018512
6.610754 -0.018512
6.610754 -0.018513
6.610754 -0.018514
6.610754 -0.018514
6.610754 -0.018514
6.610754 -0.018514
6.610754 -0.018515
6.610754 -0.018515
6.610754 -0.018515
6.610754 -0.018515
6.610754 -0.018515
6.610754 -0.018515
6.610754 -0.018515
6.610754 -0.018515
6.610754 -0.018515
6.610754 -0.018515
6.610754 -0.018515
6.610754 -0.018515
6.610754 -0.018516
6.610754 -0.018516
6.610754 -0.018517
6.610754 -0.018517
6.610754 -0.018518
6.610754 -0.018519
6.610754 -0.018520
6.610754 -0.018521
6.610754 -0.018522
6.610754 -0.018524
6.610754 -0.018526
6.610754 -0.018528
6.610754 -0.018530
6.610754 -0.018532
6.610754 -0.018535
6.610754 -0.018538
6.610754 -0.018541
6.610754 -0.018544
6.610754 -0.018548
6.610754 -0.018552
6.610754 -0.018556
6.610754 -0.018561
6.610754 -0.018566
6.610754 -0.018571
6.610754 -0.018577
6.610754 -0.018582
6.610754 -0.018589
6.610754 -0.018595
6.610754 -0.018602
6.610754 -0.018610
6.610754 -0.018617
6.610754 -0.018625
6.610753 -0.018634
6.610753 -0.018643
6.610753 -0.018652
6.610753 -0.018662
6.610753 -0.018672
6.610753 -0.018682
6.610753 -0.018693
6.610753 -0.018704
6.610753 -0.018716
6.610753 -0.018728
6.610753 -0.018741
6.610753 -0.018754
6.610753 -0.018767
6.610753 -0.018781
6.610753 -0.018795
6.610753 -0.018810
6.610753 -0.018825
6.610753 -0.018840
6.610753 -0.018856
6.610753 -0.018873
6.610753 -0.018889
6.610753 -0.018907
6.610753 -0.018924
6.610753 -0.018942
6.610753 -0.018961
6.610753 -0.018979
6.610752 -0.018999
6.610752 -0.019018
6.610752 -0.019038
6.610752 -0.019059
6.610752 -0.019080
6.610752 -0.019101
6.610752 -0.019122
6.610752 -0.019144
6.610752 -0.019166
6.610752 -0.019189
6.610752 -0.019212
6.610752 -0.019235
6.610752 -0.019259
6.610752 -0.019283
6.610752 -0.019307
6.610752 -0.019332
6.610751 -0.019357
6.610751 -0.019382
6.610751 -0.019407
6.610751 -0.019433
6.610751 -0.019459
6.610751 -0.019485
6.610751 -0.019512
6.610751 -0.019539
6.610751 -0.019566
6.610751 -0.019593
6.610751 -0.019620
6.610751 -0.019648
6.610750 -0.019675
6.610750 -0.019703
6.610750 -0.019731
6.610750 -0.019759
6.610750 -0.019788
6.610750 -0.019816
6.610750 -0.019844
6.610750 -0.019873
6.610750 -0.019902
6.610750 -0.019930
6.610750 -0.019959
6.610750 -0.019988
6.610749 -0.020017
6.610749 -0.020046
6.610749 -0.020075
6.610749 -0.020104
6.610749 -0.020132
6.610749 -0.020161
6.610749 -0.020190
6.610749 -0.020219
6.610749 -0.020247
6.610749 -0.020276
6.610749 -0.020305
6.610749 -0.020333
6.610748 -0.020361
6.610748 -0.020389
6.610748 -0.020417
6.610748 -0.020445
6.610748 -0.020473
6.610748 -0.020500
6.610748 -0.020528
6.610748 -0.020555
6.610748 -0.020582
6.610748 -0.020608
6.610748 -0.020635
6.610747 -0.020661
6.610747 -0.020687
6.610747 -0.020713
6.610747 -0.020738
6.610747 -0.020763
6.610747 -0.020788
6.610747 -0.020812
6.610747 -0.020837
6.610747 -0.020861
6.610747 -0.020884
6.610747 -0.020908
6.610747 -0.020930
6.610747 -0.020953
6.610746 -0.020975
6.610746 -0.020997
6.610746 -0.021019
6.610746 -0.021040
6.610746 -0.021060
6.610746 -0.021081
6.610746 -0.021101
6.610746 -0.021120
6.610746 -0.021139
6.610746 -0.021158
6.610746 -0.021177
6.610746 -0.021195
6.610746 -0.021212
6.610746 -0.021229
6.610746 -0.021246
6.610746 -0.021262
6.610746 -0.021278
6.610745 -0.021293
6.610745 -0.021308
6.610745 -0.021323
6.610745 -0.021337
6.610745 -0.021351
6.610745 -0.021364
6.610745 -0.021377
6.610745 -0.021390
6.610745 -0.021402
6.610745 -0.021413
6.610745 -0.021424
6.610745 -0.021435
6.610745 -0.021446
6.610745 -0.021456
6.610745 -0.021465
6.610745 -0.021474
6.610745 -0.021483
6.610745 -0.021492
6.610745 -0.021500
6.610745 -0.021507
6.610745 -0.021514
6.610745 -0.021521
6.610745 -0.021528
6.610745 -0.021534
6.610745 -0.021540
6.610745 -0.021545
6.610745 -0.021551
6.610745 -0.021555
6.610745 -0.021560
6.610745 -0.021564
6.610745 -0.021568
6.610745 -0.021572
6.610745 -0.021575
6.610745 -0.021578
6.610745 -0.021581
6.610745 -0.021584
6.610744 -0.021586
6.610744 -0.021588
6.610744 -0.021590
6.610744 -0.021592
6.610744 -0.021593
6.610744 -0.021595
6.610744 -0.021596
6.610744 -0.021597
6.610744 -0.021598
6.610744 -0.021598
6.610744 -0.021599
6.610744 -0.021599
6.610744 -0.021600
6.610744 -0.021600
6.610744 -0.021600
6.610744 -0.021600
6.610744 -0.021601
6.610744 -0.021601
6.610744 -0.021601
6.610744 -0.021601
6.610744 -0.021601
6.610744 -0.021601
6.610744 -0.021601
6.610744 -0.021601
6.610744 -0.021601
6.610744 -0.021601
6.610744 -0.021601
6.610744 -0.021602
6.610744 -0.021602
6.610744 -0.021603
6.610744 -0.021603
6.610744 -0.021604
6.610744 -0.021605
6.610744 -0.021606
6.610744 -0.021607
6.610744 -0.021609
6.610744 -0.021610
6.610744 -0.021612
6.610744 -0.021614
6.610744 -0.021617
6.610744 -0.021619
6.610744 -0.021622
6.610744 -0.021625
6.610744 -0.021628
6.610744 -0.021632
6.610744 -0.021635
6.610744 -0.021639
6.610744 -0.021644
6.610744 -0.021649
6.610744 -0.021654
6.610744 -0.021659
6.610744 -0.021665
6.610744 -0.021671
6.610744 -0.021677
6.610744 -0.021684
6.610744 -0.021691
6.610744 -0.021698
6.610744 -0.021706
6.610744 -0.021715
6.610744 -0.021723
6.610744 -0.021732
6.610744 -0.021742
6.610744 -0.021751
6.610744 -0.021762
6.610744 -0.021772
6.610744 -0.021783
6.610744 -0.021795
6.610744 -0.021807
6.610744 -0.021819
6.610744 -0.021832
6.610744 -0.021845
6.610744 -0.021858
6.610744 -0.021872
6.610744 -0.021887
6.610743 -0.021901
6.610743 -0.021917
6.610743 -0.021932
6.610743 -0.021948
6.610743 -0.021965
6.610743 -0.021982
6.610743 -0.021999
6.610743 -0.022017
6.610743 -0.022035
6.610743 -0.022054
6.610743 -0.022073
6.610743 -0.022092
6.610743 -0.022112
6.610743 -0.022132
6.610743 -0.022153
6.610743 -0.022174
6.610743 -0.022195
6.610742 -0.022217
6.610742 -0.022239
6.610742 -0.022261
6.610742 -0.022284
6.610742 -0.022307
6.610742 -0.022331
6.610742 -0.022354
6.610742 -0.022378
6.610742 -0.022403
6.610742 -0.022428
6.610742 -0.022453
6.610742 -0.022478
6.610741 -0.022503
6.610741 -0.022529
6.610741 -0.022555
6.610741 -0.022582
6.610741 -0.022608
6.610741 -0.022635
6.610741 -0.022662
6.610741 -0.022689
6.610741 -0.022717
6.610741 -0.022744
6.610741 -0.022772
6.610740 -0.022800
6.610740 -0.022828
6.610740 -0.022856
6.610740 -0.022885
6.610740 -0.022913
6.610740 -0.022942
6.610740 -0.022970
6.610740 -0.022999
6.610740 -0.023028
6.610740 -0.023057
6.610739 -0.023085
6.610739 -0.023114
6.610739 -0.023143
6.610739 -0.023172
6.610739 -0.023201
6.610739 -0.023230
6.610739 -0.023259
6.610739 -0.023287
6.610739 -0.023316
6.610739 -0.023345
6.610738 -0.023373
6.610738 -0.023402
6.610738 -0.023430
6.610738 -0.023458
6.610738 -0.023486
6.610738 -0.023514
6.610738 -0.023542
6.610738 -0.023570
6.610738 -0.023597
6.610738 -0.023624
6.610737 -0.023651
6.610737 -0.023678
6.610737 -0.023705
6.610737 -0.023731
6.610737 -0.023757
6.610737 -0.023783
6.610737 -0.023809
6.610737 -0.023834
6.610737 -0.023859
6.610737 -0.023884
6.610737 -0.023908
6.610736 -0.023932
6.610736 -0.023956
6.610736 -0.023979
6.610736 -0.024002
6.610736 -0.024025
6.610736 -0.024048
6.610736 -0.024070
6.610736 -0.024091
6.610736 -0.024113
6.610736 -0.024134
6.610736 -0.024154
6.610736 -0.024175
6.610735 -0.024194
6.610735 -0.024214
6.610735 -0.024233
6.610735 -0.024251
6.610735 -0.024270
6.610735 -0.024287
6.610735 -0.024305
6.610735 -0.024322
6.610735 -0.024338
6.610735 -0.024354
6.610735 -0.024370
6.610735 -0.024385
6.610735 -0.024400
6.610735 -0.024414
6.610735 -0.024428
6.610735 -0.024442
6.610735 -0.024455
6.610734 -0.024468
6.610734 -0.024480
6.610734 -0.024492
6.610734 -0.024504
6.610734 -0.024515
6.610734 -0.024525
6.610734 -0.024535
6.610734 -0.024545
6.610734 -0.024555
6.610734 -0.024564
6.610734 -0.024572
6.610734 -0.024581
6.610734 -0.024588
6.610734 -0.024596
6.610734 -0.024603
6.610734 -0.024610
6.610734 -0.024616
6.610734 -0.024622
6.610734 -0.024628
6.610734 -0.024633
6.610734 -0.024638
6.610734 -0.024643
6.610734 -0.024647
6.610734 -0.024652
6.610734 -0.024655
6.610734 -0.024659
6.610734 -0.024662
6.610734 -0.024665
6.610734 -0.024668
6.610734 -0.024671
6.610734 -0.024673
6.610734 -0.024675
6.610734 -0.024677
6.610734 -0.024678
6.610734 -0.024680
6.610734 -0.024681
6.610734 -0.024682
6.610734 -0.024683
6.610734 -0.024684
6.610734 -0.024684
6.610734 -0.024685
6.610734 -0.024685
6.610734 -0.024686
6.610734 -0.024686
6.610734 -0.024686
6.610734 -0.024686
6.610734 -0.024686
6.610734 -0.024686
6.610734 -0.024686
6.610734 -0.024686
6.610734 -0.024686
6.610734 -0.024686
6.610734 -0.024687
6.610734 -0.024687
6.610734 -0.024687
6.610734 -0.024687
6.610734 -0.024687
6.610734 -0.024688
6.610734 -0.024688
6.610734 -0.024689
6.610734 -0.024689
6.610734 -0.024690
6.610734 -0.024691
6.610734 -0.024692
6.610734 -0.024694
6.610734 -0.024695
6.610734 -0.024697
6.610734 -0.024699
6.610734 -0.024701
6.610734 -0.024703
6.610734 -0.024706
6.610734 -0.024709
6.610734 -0.024712
6.610734 -0.024715
6.610734 -0.024719
6.610734 -0.024723
6.610733 -0.024727
6.610733 -0.024732
6.610733 -0.024736
6.610733 -0.024742
6.610733 -0.024747
6.610733 -0.024753
6.610733 -0.024759
6.610733 -0.024766
6.610733 -0.024772
6.610733 -0.024780
6.610733 -0.024787
6.610733 -0.024795
6.610733 -0.024804
6.610733 -0.024813
6.610733 -0.024822
6.610733 -0.024831
6.610733 -0.024841
6.610733 -0.024852
6.610733 -0.024862
6.610733 -0.024874
6.610733 -0.024885
6.610733 -0.024897
6.610733 -0.024910
6.610733 -0.024923
6.610733 -0.024936
6.610733 -0.024950
6.610733 -0.024964
6.610733 -0.024978
6.610733 -0.024993
6.610732 -0.025009
6.610732 -0.025025
6.610732 -0.025041
6.610732 -0.025057
6.610732 -0.025075
6.610732 -0.025092
6.610732 -0.025110
6.610732 -0.025128
6.610732 -0.025147
6.610732 -0.025166
6.610732 -0.025186
6.610732 -0.025206
6.610732 -0.025226
6.610732 -0.025247
6.610731 -0.025268
6.610731 -0.025289
6.610731 -0.025311
6.610731 -0.025333
6.610731 -0.025356
6.610731 -0.025379
6.610731 -0.025402
6.610731 -0.025426
6.610731 -0.025450
6.610731 -0.025474
6.610731 -0.025498
6.610730 -0.025523
6.610730 -0.025548
6.610730 -0.025574
6.610730 -0.025599
6.610730 -0.025625
6.610730 -0.025652
6.610730 -0.025678
6.610730 -0.025705
6.610730 -0.025732
6.610730 -0.025759
6.610729 -0.025786
6.610729 -0.025814
6.610729 -0.025841
6.610729 -0.025869
6.610729 -0.025897
6.610729 -0.025925
6.610729 -0.025953
6.610729 -0.025982
6.610729 -0.026010
6.610728 -0.026039
6.610728 -0.026067
6.610728 -0.026096
6.610728 -0.026125
6.610728 -0.026154
6.610728 -0.026183
6.610728 -0.026212
6.610728 -0.026240
6.610728 -0.026269
6.610727 -0.026298
6.610727 -0.026327
6.610727 -0.026356
6.610727 -0.026385
6.610727 -0.026413
6.610727 -0.026442
6.610727 -0.026470
6.610727 -0.026499
6.610727 -0.026527
6.610726 -0.026555
6.610726 -0.026583
6.610726 -0.026611
6.610726 -0.026639
6.610726 -0.026666
6.610726 -0.026694
6.610726 -0.026721
6.610726 -0.026748
6.610726 -0.026774
6.610725 -0.026801
6.610725 -0.026827
6.610725 -0.026853
6.610725 -0.026879
6.610725 -0.026904
6.610725 -0.026930
6.610725 -0.026954
6.610725 -0.026979
6.610725 -0.027003
6.610725 -0.027027
6.610724 -0.027051
6.610724 -0.027074
6.610724 -0.027097
6.610724 -0.027120
6.610724 -0.027142
6.610724 -0.027164
6.610724 -0.027186
6.610724 -0.027207
6.610724 -0.027228
6.610724 -0.027248
6.610724 -0.027268
6.610723 -0.027288
6.610723 -0.027307
6.610723 -0.027326
6.610723 -0.027344
6.610723 -0.027362
6.610723 -0.027380
6.610723 -0.027397
6.610723 -0.027414
6.610723 -0.027430
6.610723 -0.027446
6.610723 -0.027462
6.610723 -0.027477
6.610723 -0.027492
6.610723 -0.027506
6.610722 -0.027520
6.610722 -0.027533
6.610722 -0.027546
6.610722 -0.027559
6.610722 -0.027571
6.610722 -0.027582
6.610722 -0.027594
6.610722 -0.027605
6.610722 -0.027615
6.610722 -0.027625
6.610722 -0.027635
6.610722 -0.027644
6.610722 -0.027653
6.610722 -0.027661
6.610722 -0.027670
6.610722 -0.027677
6.610722 -0.027685
6.610722 -0.027692
6.610722 -0.027698
6.610722 -0.027704
6.610722 -0.027710
6.610722 -0.027716
6.610722 -0.027721
6.610722 -0.027726
6.610722 -0.027731
6.610722 -0.027735
6.610722 -0.027739
6.610722 -0.027743
6.610722 -0.027746
6.610722 -0.027749
6.610721 -0.027752
6.610721 -0.027755
6.610721 -0.027757
6.610721 -0.027759
6.610721 -0.027761
6.610721 -0.027763
6.610721 -0.027765
6.610721 -0.027766
6.610721 -0.027767
6.610721 -0.027768
6.610721 -0.027769
6.610721 -0.027770
6.610721 -0.027770
6.610721 -0.027771
6.610721 -0.027771
6.610721 -0.027772
6.610721 -0.027772
6.610721 -0.027772
6.610721 -0.027772
6.610721 -0.027772
6.610721 -0.027772
6.610721 -0.027772
6.610721 -0.027772
6.610721 -0.027772
6.610721 -0.027772
6.610721 -0.027772
6.610721 -0.027772
6.610721 -0.027773
6.610721 -0.027773
6.610721 -0.027773
6.610721 -0.027774
6.610721 -0.027774
6.610721 -0.027775
6.610721 -0.027775
6.610721 -0.027776
6.610721 -0.027777
6.610721 -0.027779
6.610721 -0.027780
6.610721 -0.027782
6.610721 -0.027783
6.610721 -0.027785
6.610721 -0.027788
6.610721 -0.027790
6.610721 -0.027793
6.610721 -0.027796
6.610721 -0.027799
6.610721 -0.027802
6.610721 -0.027806
6.610721 -0.027810
6.610721 -0.027815
6.610721 -0.027819
6.610721 -0.027824
6.610721 -0.027829
6.610721 -0.027835
6.610721 -0.027841
6.610721 -0.027847
6.610721 -0.027854
6.610721 -0.027861
6.610721 -0.027868
6.610721 -0.027876
6.610721 -0.027884
6.610721 -0.027893
6.610721 -0.027902
6.610721 -0.027911
6.610721 -0.027921
6.610721 -0.027931
6.610721 -0.027942
6.610721 -0.027953
6.610721 -0.027964
6.610721 -0.027976
6.610721 -0.027988
6.610720 -0.028001
6.610720 -0.028014
6.610720 -0.028027
6.610720 -0.028041
6.610720 -0.028055
6.610720 -0.028070
6.610720 -0.028085
6.610720 -0.028101
6.610720 -0.028117
6.610720 -0.028133
6.610720 -0.028150
6.610720 -0.028167
6.610720 -0.028185
6.610720 -0.028203
6.610720 -0.028222
6.610719 -0.028240
6.610719 -0.028260
6.610719 -0.028279
6.610719 -0.028300
6.610719 -0.028320
6.610719 -0.028341
6.610719 -0.028362
6.610719 -0.028384
6.610719 -0.028406
6.610719 -0.028428
6.610719 -0.028451
6.610718 -0.028474
6.610718 -0.028497
