cos() sin()
5.633129 0.000000
5.633106 -0.015057
5.633038 -0.030069
5.632926 -0.044993
5.632770 -0.059783
5.632572 -0.074395
5.632335 -0.088784
5.632060 -0.102905
5.631751 -0.116713
5.631411 -0.130162
5.631044 -0.143208
5.630653 -0.155802
5.630243 -0.167900
5.629819 -0.179455
5.629385 -0.190418
5.628946 -0.200743
5.628509 -0.210380
5.628077 -0.219282
5.627657 -0.227398
5.627254 -0.234679
5.626872 -0.241074
5.626518 -0.246531
5.626196 -0.250998
5.625910 -0.254422
5.625666 -0.256750
5.625466 -0.257926
5.625314 -0.257896
5.625212 -0.256602
5.625162 -0.253988
5.625163 -0.249996
5.625217 -0.244565
5.625320 -0.237637
5.625469 -0.229150
5.625660 -0.219042
5.625887 -0.207251
5.626139 -0.193712
5.626407 -0.178362
5.626678 -0.161135
5.626935 -0.141965
5.627161 -0.120786
5.627332 -0.097532
5.627425 -0.072135
5.627410 -0.044528
5.627256 -0.014645
5.626925 0.017582
5.626376 0.052218
5.625565 0.089327
5.624439 0.128974
5.622944 0.171221
5.621018 0.216126
5.618595 0.263746
5.615602 0.314135
5.611960 0.367342
5.607586 0.423413
5.602387 0.482386
5.596268 0.544295
5.589126 0.609166
5.580851 0.677017
5.571330 0.747859
5.560443 0.821690
5.548064 0.898500
5.534066 0.978266
5.518316 1.060952
5.500678 1.146509
5.481018 1.234873
5.459197 1.325963
5.435079 1.419685
5.408531 1.515924
5.379424 1.614550
5.347632 1.715416
5.313040 1.818355
5.275541 1.923184
5.235039 2.029702
5.191453 2.137691
5.144715 2.246919
5.094777 2.357140
5.041608 2.468092
4.985197 2.579507
4.925558 2.691107
4.862723 2.802606
4.796753 2.913717
4.727727 3.024153
4.655753 3.133628
4.580960 3.241862
4.503499 3.348584
4.423543 3.453532
4.341286 3.556461
4.256937 3.657139
4.170723 3.755355
4.082883 3.850916
3.993667 3.943652
3.903332 4.033416
3.812139 4.120082
3.720355 4.203551
3.628241 4.283744
3.536059 4.360607
3.444064 4.434108
3.352503 4.504236
3.261613 4.571000
3.171620 4.634426
3.082738 4.694559
2.995166 4.751456
2.909090 4.805191
2.824678 4.855847
2.742085 4.903516
2.661449 4.948298
2.582892 4.990302
2.506523 5.029639
2.432433 5.066423
2.360702 5.100771
2.291393 5.132801
2.224558 5.162631
2.160238 5.190375
2.098459 5.216148
2.039240 5.240062
1.982589 5.262225
1.928505 5.282740
1.876979 5.301709
1.827994 5.319227
1.781529 5.335386
1.737555 5.350273
1.696037 5.363970
1.656939 5.376555
1.620218 5.388102
1.585828 5.398677
1.553721 5.408347
1.523846 5.417170
1.496151 5.425203
1.470581 5.432496
1.447079 5.439099
1.425589 5.445054
1.406054 5.450405
1.388413 5.455188
1.372610 5.459438
1.358585 5.463187
1.346278 5.466465
1.335631 5.469298
1.326585 5.471712
1.319083 5.473730
1.313065 5.475372
1.308474 5.476657
1.305254 5.477604
1.303348 5.478228
1.302700 5.478544
1.303255 5.478566
1.304958 5.478307
1.307755 5.477779
1.311594 5.476993
1.316422 5.475959
1.322186 5.474688
1.328836 5.473189
1.336320 5.471471
1.344590 5.469543
1.353595 5.467412
1.363288 5.465089
1.373618 5.462581
1.384540 5.459896
1.396006 5.457043
1.407970 5.454030
1.420385 5.450866
1.433205 5.447559
1.446386 5.444118
1.459883 5.440553
1.473651 5.436873
1.487646 5.433088
1.501824 5.429208
1.516143 5.425243
1.530558 5.421205
1.545026 5.417105
1.559506 5.412955
1.573953 5.408766
1.588326 5.404553
1.602581 5.400326
1.616677 5.396102
1.630571 5.391892
1.644220 5.387713
1.657582 5.383578
1.670614 5.379504
1.683273 5.375507
1.695516 5.371602
1.707300 5.367806
1.718582 5.364137
1.729316 5.360612
1.739460 5.357248
1.748968 5.354065
1.757795 5.351081
1.765896 5.348313
1.773223 5.345782
1.779731 5.343506
1.785371 5.341504
1.790095 5.339795
1.793853 5.338399
1.796597 5.337334
1.798274 5.336620
1.798833 5.336274
1.798221 5.336315
1.796383 5.336760
1.793266 5.337626
1.788811 5.338930
1.782962 5.340687
1.775661 5.342911
1.766846 5.345615
1.756456 5.348811
1.744429 5.352509
1.730700 5.356718
1.715204 5.361444
1.697873 5.366692
1.678641 5.372462
1.657437 5.378755
1.634190 5.385567
1.608829 5.392889
1.581281 5.400713
1.551472 5.409022
1.519328 5.417798
1.484774 5.427018
1.447736 5.436654
1.408137 5.446671
1.365905 5.457032
1.320964 5.467689
1.273244 5.478593
1.222673 5.489685
1.169184 5.500900
1.112711 5.512166
1.053193 5.523402
0.990575 5.534523
0.924804 5.545431
0.855837 5.556025
0.783636 5.566193
0.708173 5.575817
0.629427 5.584771
0.547391 5.592921
0.462069 5.600127
0.373476 5.606243
0.281642 5.611118
0.186616 5.614597
0.088457 5.616521
-0.012753 5.616730
-0.116916 5.615063
-0.223916 5.611361
-0.333617 5.605469
-0.445861 5.597234
-0.560475 5.586515
-0.677261 5.573176
-0.796008 5.557095
-0.916482 5.538163
-1.038436 5.516287
-1.161606 5.491390
-1.285716 5.463416
-1.410478 5.432331
-1.535596 5.398121
-1.660768 5.360796
-1.785691 5.320390
-1.910059 5.276962
-2.033572 5.230592
-2.155934 5.181387
-2.276860 5.129472
-2.396077 5.074997
-2.513324 5.018130
-2.628359 4.959053
-2.740958 4.897968
-2.850919 4.835085
-2.958058 4.770627
-3.062216 4.704824
-3.163257 4.637909
-3.261067 4.570117
-3.355555 4.501686
-3.446652 4.432848
-3.534312 4.363831
-3.618505 4.294857
-3.699225 4.226138
-3.776481 4.157879
-3.850298 4.090272
-3.920715 4.023496
-3.987786 3.957721
-4.051573 3.893099
-4.112150 3.829774
-4.169598 3.767873
-4.224005 3.707510
-4.275463 3.648787
-4.324070 3.591792
-4.369924 3.536603
-4.413128 3.483284
-4.453783 3.431887
-4.491992 3.382458
-4.527855 3.335027
-4.561473 3.289619
-4.592943 3.246250
-4.622361 3.204927
-4.649821 3.165650
-4.675412 3.128413
-4.699221 3.093204
-4.721333 3.060005
-4.741826 3.028793
-4.760779 2.999542
-4.778264 2.972222
-4.794352 2.946798
-4.809109 2.923235
-4.822598 2.901491
-4.834879 2.881527
-4.846011 2.863298
-4.856045 2.846760
-4.865035 2.831866
-4.873028 2.818570
-4.880070 2.806822
-4.886205 2.796574
-4.891473 2.787777
-4.895915 2.780380
-4.899567 2.774335
-4.902464 2.769590
-4.904640 2.766096
-4.906127 2.763804
-4.906955 2.762662
-4.907154 2.762623
-4.906751 2.763637
-4.905774 2.765655
-4.904248 2.768629
-4.902198 2.772511
-4.899649 2.777253
-4.896624 2.782809
-4.893146 2.789132
-4.889237 2.796176
-4.884920 2.803897
-4.880216 2.812249
-4.875147 2.821187
-4.869734 2.830669
-4.863997 2.840650
-4.857959 2.851088
-4.851639 2.861942
-4.845058 2.873168
-4.838238 2.884727
-4.831201 2.896576
-4.823966 2.908677
-4.816556 2.920988
-4.808992 2.933471
-4.801296 2.946086
-4.793491 2.958794
-4.785598 2.971558
-4.777642 2.984339
-4.769646 2.997099
-4.761632 3.009800
-4.753626 3.022406
-4.745651 3.034879
-4.737733 3.047182
-4.729897 3.059278
-4.722170 3.071130
-4.714577 3.082702
-4.707145 3.093956
-4.699902 3.104857
-4.692875 3.115366
-4.686093 3.125447
-4.679584 3.135063
-4.673378 3.144176
-4.667504 3.152748
-4.661992 3.160741
-4.656873 3.168117
-4.652177 3.174836
-4.647934 3.180860
-4.644178 3.186146
-4.640939 3.190656
-4.638249 3.194347
-4.636140 3.197177
-4.634644 3.199103
-4.633793 3.200079
-4.633619 3.200062
-4.634155 3.199004
-4.635431 3.196858
-4.637479 3.193575
-4.640331 3.189105
-4.644016 3.183395
-4.648564 3.176393
-4.654004 3.168043
-4.660363 3.158289
-4.667669 3.147073
-4.675945 3.134334
-4.685217 3.120010
-4.695505 3.104038
-4.706829 3.086350
-4.719206 3.066881
-4.732651 3.045558
-4.747174 3.022311
-4.762786 2.997066
-4.779489 2.969748
-4.797285 2.940277
-4.816169 2.908576
-4.836133 2.874565
-4.857163 2.838160
-4.879238 2.799280
-4.902333 2.757841
-4.926416 2.713760
-4.951446 2.666952
-4.977377 2.617334
-5.004152 2.564826
-5.031708 2.509348
-5.059974 2.450821
-5.088866 2.389173
-5.118295 2.324335
-5.148158 2.256242
-5.178346 2.184838
-5.208739 2.110073
-5.239204 2.031906
-5.269604 1.950307
-5.299789 1.865256
-5.329601 1.776748
-5.358875 1.684790
-5.387438 1.589407
-5.415111 1.490637
-5.441711 1.388541
-5.467052 1.283194
-5.490945 1.174695
-5.513203 1.063161
-5.533642 0.948731
-5.552080 0.831565
-5.568345 0.711845
-5.582272 0.589773
-5.593708 0.465570
-5.602514 0.339478
-5.608568 0.211755
-5.611766 0.082673
-5.612021 -0.047480
-5.609272 -0.178408
-5.603476 -0.309804
-5.594616 -0.441359
-5.582700 -0.572759
-5.567758 -0.703694
-5.549843 -0.833855
-5.529034 -0.962943
-5.505430 -1.090666
-5.479150 -1.216746
-5.450332 -1.340921
-5.419133 -1.462944
-5.385720 -1.582589
-5.350276 -1.699647
-5.312993 -1.813933
-5.274068 -1.925282
-5.233706 -2.033552
-5.192112 -2.138623
-5.149492 -2.240396
-5.106050 -2.338793
-5.061989 -2.433757
-5.017502 -2.525248
-4.972778 -2.613247
-4.927998 -2.697749
-4.883334 -2.778765
-4.838947 -2.856319
-4.794989 -2.930448
-4.751599 -3.001200
-4.708907 -3.068632
-4.667032 -3.132807
-4.626079 -3.193799
-4.586145 -3.251683
-4.547316 -3.306541
-4.509665 -3.358458
-4.473259 -3.407521
-4.438152 -3.453820
-4.404390 -3.497443
-4.372013 -3.538481
-4.341049 -3.577024
-4.311522 -3.613160
-4.283447 -3.646977
-4.256833 -3.678562
-4.231684 -3.707999
-4.207998 -3.735370
-4.185769 -3.760756
-4.164986 -3.784234
-4.145633 -3.805880
-4.127692 -3.825767
-4.111141 -3.843966
-4.095956 -3.860544
-4.082109 -3.875568
-4.069572 -3.889100
-4.058313 -3.901202
-4.048299 -3.911932
-4.039496 -3.921346
-4.031868 -3.929500
-4.025379 -3.936444
-4.019991 -3.942230
-4.015667 -3.946907
-4.012368 -3.950520
-4.010054 -3.953117
-4.008687 -3.954739
-4.008228 -3.955430
-4.008636 -3.955230
-4.009873 -3.954181
-4.011898 -3.952319
-4.014673 -3.949684
-4.018159 -3.946312
-4.022316 -3.942239
-4.027107 -3.937500
-4.032494 -3.932130
-4.038437 -3.926162
-4.044901 -3.919631
-4.051849 -3.912569
-4.059243 -3.905009
-4.067047 -3.896983
-4.075227 -3.888523
-4.083748 -3.879661
-4.092573 -3.870429
-4.101670 -3.860858
-4.111005 -3.850980
-4.120545 -3.840827
-4.130256 -3.830429
-4.140108 -3.819819
-4.150067 -3.809029
-4.160103 -3.798090
-4.170184 -3.787034
-4.180281 -3.775895
-4.190363 -3.764705
-4.200399 -3.753496
-4.210362 -3.742303
-4.220222 -3.731158
-4.229949 -3.720096
-4.239515 -3.709151
-4.248893 -3.698358
-4.258053 -3.687752
-4.266968 -3.677370
-4.275609 -3.667246
-4.283950 -3.657418
-4.291961 -3.647923
-4.299616 -3.638798
-4.306886 -3.630082
-4.313743 -3.621813
-4.320159 -3.614030
-4.326105 -3.606773
-4.331552 -3.600082
-4.336472 -3.593997
-4.340834 -3.588560
-4.344609 -3.583811
-4.347765 -3.579792
-4.350271 -3.576547
-4.352094 -3.574117
-4.353202 -3.572545
-4.353560 -3.571874
-4.353133 -3.572149
-4.351884 -3.573411
-4.349776 -3.575706
-4.346770 -3.579076
-4.342826 -3.583566
-4.337900 -3.589218
-4.331950 -3.596075
-4.324929 -3.604181
-4.316790 -3.613577
-4.307483 -3.624304
-4.296956 -3.636402
-4.285155 -3.649912
-4.272023 -3.664870
-4.257501 -3.681313
-4.241528 -3.699275
-4.224038 -3.718788
-4.204965 -3.739883
-4.184238 -3.762586
-4.161786 -3.786920
-4.137532 -3.812906
-4.111397 -3.840561
-4.083302 -3.869895
-4.053162 -3.900915
-4.020891 -3.933623
-3.986401 -3.968014
-3.949601 -4.004076
-3.910399 -4.041792
-3.868703 -4.081134
-3.824418 -4.122069
-3.777449 -4.164552
-3.727704 -4.208532
-3.675089 -4.253945
-3.619514 -4.300718
-3.560891 -4.348767
-3.499137 -4.397995
-3.434173 -4.448295
-3.365928 -4.499548
-3.294337 -4.551623
-3.219345 -4.604375
-3.140908 -4.657649
-3.058994 -4.711280
-2.973584 -4.765090
-2.884674 -4.818891
-2.792279 -4.872487
-2.696429 -4.925675
-2.597175 -4.978244
-2.494588 -5.029980
-2.388760 -5.080666
-2.279807 -5.130084
-2.167864 -5.178018
-2.053091 -5.224258
-1.935669 -5.268599
-1.815801 -5.310845
-1.693710 -5.350813
-1.569639 -5.388334
-1.443848 -5.423256
-1.316611 -5.455443
-1.188217 -5.484781
-1.058963 -5.511180
-0.929154 -5.534568
-0.799100 -5.554902
-0.669113 -5.572158
-0.539500 -5.586340
-0.410566 -5.597474
-0.282607 -5.605608
-0.155910 -5.610812
-0.030747 -5.613177
0.092624 -5.612810
0.213960 -5.609836
0.333039 -5.604395
0.449657 -5.596637
0.563631 -5.586722
0.674797 -5.574818
0.783013 -5.561099
0.888157 -5.545740
0.990129 -5.528920
1.088845 -5.510813
1.184242 -5.491596
1.276274 -5.471438
1.364911 -5.450505
1.450141 -5.428956
1.531961 -5.406943
1.610386 -5.384610
1.685439 -5.362094
1.757153 -5.339522
1.825573 -5.317013
1.890750 -5.294675
1.952741 -5.272609
2.011609 -5.250906
2.067422 -5.229648
2.120252 -5.208911
2.170175 -5.188758
2.217266 -5.169248
2.261605 -5.150431
2.303271 -5.132351
2.342345 -5.115042
2.378907 -5.098536
2.413036 -5.082856
2.444812 -5.068021
2.474314 -5.054045
2.501619 -5.040935
2.526803 -5.028698
2.549941 -5.017332
2.571106 -5.006835
2.590369 -4.997202
2.607800 -4.988421
2.623468 -4.980483
2.637438 -4.973371
2.649776 -4.967071
2.660544 -4.961564
2.669803 -4.956829
2.677614 -4.952846
2.684033 -4.949592
2.689119 -4.947044
2.692925 -4.945176
2.695505 -4.943964
2.696913 -4.943381
2.697198 -4.943402
2.696410 -4.943999
2.694599 -4.945146
2.691812 -4.946814
2.688096 -4.948978
2.683496 -4.951609
2.678057 -4.954680
2.671824 -4.958164
2.664840 -4.962034
2.657147 -4.966263
2.648788 -4.970824
2.639805 -4.975692
2.630238 -4.980840
2.620129 -4.986243
2.609518 -4.991876
2.598445 -4.997713
2.586950 -5.003731
2.575073 -5.009906
2.562853 -5.016214
2.550329 -5.022632
2.537542 -5.029139
2.524529 -5.035711
2.511332 -5.042327
2.497989 -5.048966
2.484539 -5.055608
2.471022 -5.062232
2.457479 -5.068819
2.443949 -5.075348
2.430472 -5.081802
2.417089 -5.088162
2.403840 -5.094409
2.390768 -5.100526
2.377912 -5.106496
2.365315 -5.112300
2.353020 -5.117922
2.341069 -5.123345
2.329504 -5.128552
2.318371 -5.133528
2.307712 -5.138255
2.297572 -5.142718
2.287996 -5.146899
2.279030 -5.150783
2.270720 -5.154353
2.263113 -5.157592
2.256255 -5.160483
2.250196 -5.163008
2.244982 -5.165150
2.240664 -5.166890
2.237291 -5.168210
2.234913 -5.169089
2.233580 -5.169508
2.233343 -5.169444
2.234255 -5.168876
2.236367 -5.167780
2.239732 -5.166131
2.244403 -5.163904
2.250433 -5.161069
2.257874 -5.157598
2.266782 -5.153461
2.277209 -5.148623
2.289208 -5.143049
2.302834 -5.136702
2.318138 -5.129542
2.335174 -5.121527
2.353992 -5.112610
2.374644 -5.102745
2.397179 -5.091879
2.421645 -5.079958
2.448088 -5.066924
2.476552 -5.052715
2.507079 -5.037267
2.539709 -5.020510
2.574475 -5.002373
2.611411 -4.982778
2.650544 -4.961646
2.691896 -4.938891
2.735485 -4.914426
2.781321 -4.888160
2.829410 -4.859998
2.879747 -4.829840
2.932323 -4.797586
2.987118 -4.763132
3.044102 -4.726374
3.103235 -4.687203
3.164466 -4.645512
3.227734 -4.601195
3.292964 -4.554144
3.360067 -4.504257
3.428943 -4.451433
3.499476 -4.395576
3.571538 -4.336597
3.644984 -4.274415
3.719658 -4.208956
3.795387 -4.140159
3.871987 -4.067976
3.949259 -3.992371
4.026993 -3.913327
4.104969 -3.830842
4.182957 -3.744934
4.260720 -3.655642
4.338015 -3.563025
4.414595 -3.467166
4.490214 -3.368171
4.564625 -3.266167
4.637588 -3.161307
4.708869 -3.053764
4.778241 -2.943736
4.845494 -2.831438
4.910428 -2.717108
4.972863 -2.600996
5.032637 -2.483371
5.089610 -2.364512
5.143662 -2.244708
5.194697 -2.124255
5.242644 -2.003451
5.287454 -1.882596
5.329104 -1.761987
5.367592 -1.641914
5.402940 -1.522662
5.435191 -1.404502
5.464405 -1.287697
5.490664 -1.172492
5.514062 -1.059116
5.534711 -0.947783
5.552730 -0.838686
5.568252 -0.732003
5.581415 -0.627889
5.592365 -0.526484
5.601250 -0.427905
5.608221 -0.332254
5.613430 -0.239614
5.617025 -0.150052
5.619156 -0.063617
5.619968 0.019655
5.619599 0.099742
5.618185 0.176636
5.615855 0.250340
5.612732 0.320867
5.608932 0.388241
5.604564 0.452492
5.599730 0.513661
5.594524 0.571791
5.589035 0.626936
5.583342 0.679149
5.577519 0.728492
5.571634 0.775027
5.565746 0.818820
5.559910 0.859940
5.554173 0.898456
5.548579 0.934438
5.543166 0.967958
5.537964 0.999088
5.533003 1.027900
5.528304 1.054466
5.523889 1.078857
5.519771 1.101144
5.515964 1.121397
5.512476 1.139686
5.509313 1.156078
5.506479 1.170641
5.503974 1.183441
5.501798 1.194543
5.499948 1.204011
5.498418 1.211907
5.497202 1.218294
5.496293 1.223231
5.495681 1.226777
5.495358 1.228991
5.495310 1.229929
5.495528 1.229648
5.495999 1.228202
5.496710 1.225645
5.497647 1.222029
5.498798 1.217408
5.500148 1.211831
5.501684 1.205350
5.503391 1.198014
5.505256 1.189872
5.507264 1.180971
5.509402 1.171361
5.511656 1.161087
5.514012 1.150196
5.516458 1.138734
5.518981 1.126748
5.521567 1.114281
5.524205 1.101379
5.526883 1.088087
5.529590 1.074449
5.532314 1.060510
5.535045 1.046312
5.537772 1.031900
5.540487 1.017317
5.543179 1.002608
5.545841 0.987816
5.548463 0.972985
5.551039 0.958158
5.553560 0.943380
5.556020 0.928693
5.558412 0.914143
5.560731 0.899774
5.562970 0.885630
5.565125 0.871756
5.567190 0.858196
5.569161 0.844998
5.571034 0.832206
5.572805 0.819866
5.574470 0.808026
5.576025 0.796732
5.577467 0.786031
5.578794 0.775973
5.580000 0.766604
5.581085 0.757976
5.582043 0.750137
5.582872 0.743138
5.583568 0.737030
5.584126 0.731865
5.584544 0.727695
5.584815 0.724574
5.584935 0.722555
5.584897 0.721693
5.584695 0.722043
5.584321 0.723662
5.583766 0.726607
5.583020 0.730934
5.582073 0.736703
5.580911 0.743972
5.579520 0.752802
5.577884 0.763252
5.575986 0.775383
5.573804 0.789257
5.571317 0.804935
5.568500 0.822480
5.565324 0.841952
5.561759 0.863415
5.557772 0.886931
5.553324 0.912560
5.548376 0.940364
5.542881 0.970402
5.536793 1.002734
5.530057 1.037417
5.522615 1.074506
5.514407 1.114054
5.505364 1.156112
5.495416 1.200726
5.484484 1.247940
5.472487 1.297792
5.459337 1.350316
5.444943 1.405540
5.429205 1.463484
5.412022 1.524164
5.393287 1.587583
5.372889 1.653740
5.350710 1.722621
5.326634 1.794201
5.300539 1.868445
5.272300 1.945303
5.241795 2.024715
5.208898 2.106604
5.173488 2.190879
5.135443 2.277433
5.094648 2.366143
5.050993 2.456871
5.004374 2.549461
4.954698 2.643740
4.901883 2.739520
4.845859 2.836599
4.786571 2.934757
4.723980 3.033763
4.658068 3.133372
4.588834 3.233331
4.516298 3.333375
4.440505 3.433237
4.361521 3.532643
4.279435 3.631319
4.194363 3.728993
4.106440 3.825397
4.015827 3.920271
3.922707 4.013365
3.827280 4.104440
3.729768 4.193276
3.630407 4.279668
3.529449 4.363431
3.427157 4.444401
3.323800 4.522437
3.219656 4.597422
3.115005 4.669261
3.010126 4.737884
2.905295 4.803244
2.800784 4.865317
2.696857 4.924099
2.593767 4.979610
2.491756 5.031886
2.391053 5.080983
2.291871 5.126970
2.194409 5.169930
2.098847 5.209960
2.005351 5.247165
1.914069 5.281659
1.825131 5.313561
1.738651 5.342995
1.654728 5.370090
1.573443 5.394973
1.494863 5.417775
1.419041 5.438622
1.346018 5.457642
1.275819 5.474959
1.208462 5.490691
1.143950 5.504956
1.082279 5.517864
1.023436 5.529522
0.967401 5.540031
0.914144 5.549487
0.863632 5.557980
0.815825 5.565595
0.770679 5.572411
0.728145 5.578502
0.688172 5.583936
0.650703 5.588776
0.615683 5.593081
0.583052 5.596904
0.552749 5.600294
0.524712 5.603295
0.498877 5.605948
0.475182 5.608290
0.453563 5.610352
0.433955 5.612165
0.416294 5.613755
0.400517 5.615145
0.386559 5.616356
0.374358 5.617406
0.363852 5.618310
0.354978 5.619083
0.347675 5.619736
0.341883 5.620279
0.337541 5.620721
0.334591 5.621069
0.332975 5.621328
0.332636 5.621504
0.333516 5.621600
0.335560 5.621619
0.338714 5.621563
0.342922 5.621435
0.348132 5.621234
0.354291 5.620962
0.361348 5.620619
0.369250 5.620205
0.377947 5.619721
0.387390 5.619165
0.397530 5.618538
0.408316 5.617840
0.419702 5.617071
0.431640 5.616230
0.444082 5.615318
0.456981 5.614335
0.470292 5.613282
0.483968 5.612161
0.497964 5.610973
0.512234 5.609718
0.526734 5.608401
0.541418 5.607022
0.556242 5.605585
0.571161 5.604094
0.586131 5.602552
0.601109 5.600964
0.616048 5.599334
0.630907 5.597667
0.645639 5.595970
0.660202 5.594248
0.674551 5.592508
0.688641 5.590758
0.702427 5.589004
0.715866 5.587254
0.728911 5.585517
0.741518 5.583802
0.753641 5.582118
0.765235 5.580473
0.776251 5.578879
0.786644 5.577344
0.796367 5.575879
0.805371 5.574495
0.813608 5.573201
0.821028 5.572009
0.827583 5.570929
0.833222 5.569971
0.837893 5.569146
0.841545 5.568465
0.844124 5.567936
0.845577 5.567570
0.845850 5.567375
0.844887 5.567361
0.842630 5.567534
0.839024 5.567902
0.834008 5.568470
0.827524 5.569244
0.819510 5.570227
0.809906 5.571420
0.798647 5.572825
0.785671 5.574440
0.770912 5.576261
0.754304 5.578283
0.735780 5.580498
0.715273 5.582895
0.692714 5.585460
0.668034 5.588176
0.641164 5.591023
0.612033 5.593976
0.580572 5.597008
0.546710 5.600084
0.510379 5.603169
0.471509 5.606219
0.430033 5.609188
0.385885 5.612021
0.339001 5.614661
0.289319 5.617042
0.236781 5.619092
0.181333 5.620736
0.122924 5.621887
0.061510 5.622456
-0.002949 5.622343
-0.070483 5.621445
-0.141116 5.619651
-0.214864 5.616843
-0.291730 5.612898
-0.371710 5.607687
-0.454784 5.601074
-0.540921 5.592923
-0.630076 5.583091
-0.722188 5.571434
-0.817179 5.557807
-0.914957 5.542065
-1.015409 5.524064
-1.118406 5.503665
-1.223801 5.480732
-1.331425 5.455138
-1.441096 5.426764
-1.552609 5.395502
-1.665745 5.361259
-1.780268 5.323955
-1.895925 5.283528
-2.012453 5.239933
-2.129576 5.193149
-2.247010 5.143174
-2.364464 5.090030
-2.481643 5.033761
-2.598253 4.974437
-2.714001 4.912152
-2.828598 4.847020
-2.941764 4.779181
-3.053231 4.708797
-3.162744 4.636046
-3.270063 4.561128
-3.374967 4.484257
-3.477255 4.405659
-3.576747 4.325573
-3.673287 4.244245
-3.766740 4.161926
-3.856994 4.078871
-3.943964 3.995332
-4.027584 3.911562
-4.107811 3.827806
-4.184624 3.744304
-4.258022 3.661287
-4.328020 3.578973
-4.394654 3.497571
-4.457970 3.417276
-4.518031 3.338268
-4.574910 3.260716
-4.628690 3.184769
-4.679464 3.110566
-4.727330 3.038230
-4.772390 2.967867
-4.814753 2.899572
-4.854527 2.833425
-4.891825 2.769492
-4.926756 2.707829
-4.959432 2.648478
-4.989963 2.591471
-5.018455 2.536830
-5.045013 2.484567
-5.069738 2.434687
-5.092730 2.387185
-5.114082 2.342050
-5.133885 2.299264
-5.152226 2.258804
-5.169186 2.220642
-5.184845 2.184744
-5.199275 2.151073
-5.212547 2.119590
-5.224727 2.090249
-5.235877 2.063006
-5.246054 2.037811
-5.255314 2.014614
-5.263708 1.993365
-5.271282 1.974009
-5.278083 1.956494
-5.284150 1.940763
-5.289524 1.926763
-5.294240 1.914437
-5.298331 1.903730
-5.301830 1.894587
-5.304766 1.886950
-5.307165 1.880766
-5.309054 1.875978
-5.310457 1.872532
-5.311395 1.870373
-5.311890 1.869447
-5.311962 1.869701
-5.311629 1.871081
-5.310910 1.873534
-5.309820 1.877010
-5.308377 1.881457
-5.306595 1.886823
-5.304490 1.893059
-5.302076 1.900116
-5.299367 1.907944
-5.296377 1.916495
-5.293119 1.925721
-5.289607 1.935575
-5.285854 1.946011
-5.281873 1.956982
-5.277678 1.968443
-5.273281 1.980349
-5.268696 1.992655
-5.263937 2.005317
-5.259018 2.018291
-5.253952 2.031534
-5.248754 2.045004
-5.243439 2.058657
-5.238020 2.072451
-5.232515 2.086345
-5.226938 2.100296
-5.221306 2.114263
-5.215634 2.128206
-5.209941 2.142082
-5.204243 2.155851
-5.198559 2.169473
-5.192906 2.182905
-5.187303 2.196109
-5.181770 2.209041
-5.176327 2.221663
-5.170993 2.233933
-5.165789 2.245810
-5.160737 2.257253
-5.155857 2.268219
-5.151172 2.278668
-5.146704 2.288558
-5.142476 2.297845
-5.138511 2.306487
-5.134831 2.314441
-5.131461 2.321663
-5.128424 2.328107
-5.125745 2.333730
-5.123447 2.338484
-5.121554 2.342324
-5.120091 2.345201
-5.119082 2.347067
-5.118550 2.347873
-5.118520 2.347568
-5.119014 2.346101
-5.120055 2.343419
-5.121665 2.339468
-5.123866 2.334192
-5.126679 2.327535
-5.130123 2.319439
-5.134217 2.309844
-5.138977 2.298690
-5.144420 2.285914
-5.150558 2.271451
-5.157405 2.255236
-5.164969 2.237202
-5.173257 2.217281
-5.182275 2.195401
-5.192022 2.171491
-5.202498 2.145478
-5.213696 2.117287
-5.225606 2.086843
-5.238215 2.054069
-5.251503 2.018887
-5.265446 1.981221
-5.280015 1.940991
-5.295173 1.898120
-5.310880 1.852530
-5.327086 1.804145
-5.343735 1.752889
-5.360766 1.698691
-5.378107 1.641479
-5.395678 1.581188
-5.413394 1.517756
-5.431158 1.451125
-5.448866 1.381246
-5.466406 1.308075
-5.483656 1.231578
-5.500487 1.151729
-5.516760 1.068514
-5.532332 0.981931
-5.547049 0.891991
-5.560755 0.798719
-5.573286 0.702156
-5.584476 0.602361
-5.594153 0.499409
-5.602149 0.393395
-5.608293 0.284433
-5.612419 0.172656
-5.614362 0.058220
-5.613968 -0.058701
-5.611088 -0.177913
-5.605588 -0.299201
-5.597345 -0.422332
-5.586250 -0.547058
-5.572215 -0.673112
-5.555168 -0.800216
-5.535060 -0.928079
-5.511864 -1.056402
-5.485575 -1.184881
-5.456213 -1.313205
-5.423820 -1.441067
-5.388466 -1.568162
-5.350239 -1.694190
-5.309254 -1.818859
-5.265644 -1.941892
-5.219563 -2.063023
-5.171181 -2.182004
-5.120685 -2.298606
-5.068273 -2.412619
-5.014154 -2.523854
-4.958544 -2.632145
-4.901667 -2.737349
-4.843746 -2.839344
-4.785007 -2.938032
-4.725672 -3.033336
-4.665959 -3.125200
-4.606083 -3.213589
-4.546248 -3.298486
-4.486651 -3.379892
-4.427478 -3.457824
-4.368905 -3.532312
-4.311095 -3.603400
-4.254200 -3.671143
-4.198359 -3.735608
-4.143698 -3.796866
-4.090331 -3.854998
-4.038361 -3.910090
-3.987875 -3.962232
-3.938953 -4.011517
-3.891661 -4.058040
-3.846055 -4.101899
-3.802181 -4.143191
-3.760076 -4.182012
-3.719767 -4.218459
-3.681275 -4.252626
-3.644610 -4.284607
-3.609777 -4.314493
-3.576776 -4.342371
-3.545599 -4.368329
-3.516234 -4.392448
-3.488662 -4.414808
-3.462863 -4.435488
-3.438810 -4.454560
-3.416476 -4.472095
-3.395829 -4.488162
-3.376834 -4.502825
-3.359454 -4.516147
-3.343651 -4.528185
-3.329385 -4.538998
-3.316613 -4.548639
-3.305294 -4.557158
-3.295383 -4.564606
-3.286836 -4.571029
-3.279607 -4.576471
-3.273651 -4.580975
-3.268922 -4.584582
-3.265373 -4.587331
-3.262959 -4.589259
-3.261633 -4.590402
-3.261349 -4.590795
-3.262062 -4.590471
-3.263724 -4.589463
-3.266292 -4.587800
-3.269720 -4.585513
-3.273962 -4.582633
-3.278976 -4.579186
-3.284717 -4.575201
-3.291141 -4.570706
-3.298206 -4.565726
-3.305869 -4.560289
-3.314088 -4.554421
-3.322822 -4.548146
-3.332030 -4.541491
-3.341671 -4.534481
-3.351706 -4.527141
-3.362095 -4.519497
-3.372800 -4.511573
-3.383781 -4.503395
-3.395000 -4.494989
-3.406421 -4.486379
-3.418006 -4.477591
-3.429718 -4.468652
-3.441521 -4.459587
-3.453379 -4.450423
-3.465257 -4.441186
-3.477119 -4.431904
-3.488930 -4.422604
-3.500656 -4.413314
-3.512262 -4.404062
-3.523714 -4.394877
-3.534978 -4.385787
-3.546019 -4.376823
-3.556805 -4.368014
-3.567301 -4.359390
-3.577473 -4.350983
-3.587288 -4.342824
-3.596711 -4.334945
-3.605710 -4.327377
-3.614248 -4.320155
-3.622293 -4.313311
-3.629810 -4.306878
-3.636762 -4.300891
-3.643116 -4.295385
-3.648834 -4.290395
-3.653881 -4.285955
-3.658219 -4.282101
-3.661810 -4.278870
-3.664616 -4.276297
-3.666597 -4.274420
-3.667713 -4.273273
-3.667922 -4.272895
-3.667182 -4.273321
-3.665450 -4.274588
-3.662679 -4.276733
-3.658824 -4.279792
-3.653837 -4.283800
-3.647668 -4.288792
-3.640266 -4.294804
-3.631578 -4.301869
-3.621550 -4.310019
-3.610124 -4.319286
-3.597242 -4.329701
-3.582843 -4.341293
-3.566865 -4.354087
-3.549241 -4.368110
-3.529905 -4.383383
-3.508786 -4.399926
-3.485814 -4.417756
-3.460913 -4.436886
-3.434008 -4.457326
-3.405019 -4.479082
-3.373867 -4.502154
-3.340469 -4.526538
-3.304740 -4.552225
-3.266596 -4.579200
-3.225950 -4.607440
-3.182715 -4.636917
-3.136803 -4.667594
-3.088128 -4.699427
-3.036603 -4.732364
-2.982142 -4.766343
-2.924665 -4.801292
-2.864091 -4.837131
-2.800345 -4.873770
-2.733357 -4.911106
-2.663063 -4.949029
-2.589407 -4.987415
-2.512342 -5.026132
-2.431830 -5.065036
-2.347845 -5.103973
-2.260374 -5.142780
-2.169419 -5.181286
-2.074996 -5.219309
-1.977140 -5.256665
-1.875903 -5.293159
-1.771357 -5.328596
-1.663594 -5.362777
-1.552727 -5.395504
-1.438891 -5.426579
-1.322242 -5.455810
-1.202959 -5.483009
-1.081241 -5.508000
-0.957308 -5.530615
-0.831397 -5.550701
-0.703767 -5.568122
-0.574690 -5.582757
-0.444451 -5.594507
-0.313347 -5.603294
-0.181683 -5.609062
-0.049771 -5.611778
0.082078 -5.611434
0.213549 -5.608045
0.344336 -5.601651
0.474137 -5.592314
0.602659 -5.580119
0.729622 -5.565170
0.854763 -5.547590
0.977831 -5.527522
1.098597 -5.505120
1.216851 -5.480552
1.332403 -5.453996
1.445083 -5.425638
1.554746 -5.395669
1.661266 -5.364283
1.764539 -5.331676
1.864480 -5.298041
1.961027 -5.263571
2.054134 -5.228451
2.143773 -5.192863
2.229934 -5.156980
2.312620 -5.120969
2.391849 -5.084985
2.467649 -5.049176
2.540062 -5.013679
2.609138 -4.978621
2.674933 -4.944119
2.737513 -4.910278
2.796949 -4.877195
2.853317 -4.844956
2.906694 -4.813636
2.957164 -4.783303
3.004810 -4.754015
3.049718 -4.725820
3.091973 -4.698760
3.131662 -4.672869
3.168871 -4.648174
3.203684 -4.624693
3.236186 -4.602442
3.266459 -4.581429
3.294584 -4.561656
3.320640 -4.543122
3.344704 -4.525821
3.366851 -4.509743
3.387155 -4.494875
3.405687 -4.481200
3.422514 -4.468699
3.437704 -4.457350
3.451320 -4.447129
3.463426 -4.438009
3.474082 -4.429964
3.483345 -4.422963
3.491272 -4.416976
3.497918 -4.411972
3.503336 -4.407918
3.507576 -4.404780
3.510688 -4.402526
3.512720 -4.401120
3.513718 -4.400527
3.513729 -4.400714
3.512796 -4.401644
3.510962 -4.403284
3.508269 -4.405596
3.504758 -4.408548
3.500470 -4.412103
3.495442 -4.416228
3.489715 -4.420887
3.483325 -4.426048
3.476310 -4.431675
3.468708 -4.437736
3.460553 -4.444198
3.451883 -4.451028
3.442733 -4.458194
3.433138 -4.465664
3.423134 -4.473408
3.412755 -4.481394
3.402037 -4.489592
3.391014 -4.497972
3.379722 -4.506506
3.368194 -4.515164
3.356466 -4.523917
3.344574 -4.532739
3.332552 -4.541601
3.320435 -4.550476
3.308260 -4.559338
3.296061 -4.568160
3.283876 -4.576917
3.271741 -4.585583
3.259692 -4.594133
3.247767 -4.602541
3.236002 -4.610784
3.224437 -4.618837
3.213109 -4.626675
3.202057 -4.634275
3.191320 -4.641613
3.180938 -4.648665
3.170952 -4.655407
3.161401 -4.661815
3.152327 -4.667866
3.143772 -4.673535
3.135778 -4.678799
3.128388 -4.683633
3.121644 -4.688011
3.115591 -4.691910
3.110273 -4.695303
3.105734 -4.698165
3.102020 -4.700468
3.099176 -4.702185
3.097249 -4.703288
3.096284 -4.703747
3.096329 -4.703533
3.097431 -4.702614
3.099636 -4.700957
3.102993 -4.698529
3.107549 -4.695294
3.113351 -4.691215
3.120447 -4.686254
3.128884 -4.680370
3.138709 -4.673520
3.149968 -4.665661
3.162707 -4.656744
3.176971 -4.646722
3.192804 -4.635541
3.210248 -4.623149
3.229344 -4.609487
3.250132 -4.594497
3.272650 -4.578114
3.296930 -4.560273
3.323007 -4.540906
3.350908 -4.519939
3.380659 -4.497297
3.412281 -4.472902
3.445790 -4.446673
3.481199 -4.418523
3.518514 -4.388366
3.557734 -4.356112
3.598852 -4.321667
3.641855 -4.284936
3.686719 -4.245824
3.733415 -4.204231
3.781902 -4.160059
3.832129 -4.113209
3.884037 -4.063583
3.937553 -4.011085
3.992595 -3.955620
4.049065 -3.897099
4.106858 -3.835435
4.165851 -3.770550
4.225912 -3.702371
4.286894 -3.630835
4.348638 -3.555891
4.410973 -3.477497
4.473716 -3.395626
4.536673 -3.310268
4.599641 -3.221427
4.662406 -3.129126
4.724751 -3.033409
4.786450 -2.934340
4.847275 -2.832002
4.906999 -2.726504
4.965393 -2.617976
5.022233 -2.506571
5.077302 -2.392465
5.130392 -2.275854
5.181305 -2.156957
5.229858 -2.036012
5.275884 -1.913272
5.319234 -1.789010
5.359780 -1.663509
5.397416 -1.537063
5.432057 -1.409973
5.463642 -1.282545
5.492137 -1.155088
5.517528 -1.027907
5.539827 -0.901304
5.559068 -0.775572
5.575306 -0.650997
5.588617 -0.527849
5.599095 -0.406386
5.606850 -0.286849
5.612009 -0.169462
5.614708 -0.054428
5.615096 0.058067
5.613326 0.167859
5.609562 0.274803
5.603968 0.378773
5.596710 0.479665
5.587956 0.577392
5.577871 0.671886
5.566618 0.763097
5.554354 0.850989
5.541233 0.935542
5.527401 1.016751
5.512999 1.094623
5.498157 1.169174
5.483001 1.240433
5.467647 1.308437
5.452202 1.373232
5.436767 1.434868
5.421433 1.493404
5.406282 1.548902
5.391390 1.601429
5.376824 1.651054
5.362645 1.697850
5.348905 1.741891
5.335651 1.783253
5.322922 1.822012
5.310751 1.858245
5.299169 1.892030
5.288196 1.923444
5.277852 1.952561
5.268149 1.979458
5.259098 2.004210
5.250703 2.026890
5.242968 2.047569
5.235890 2.066318
5.229465 2.083208
5.223688 2.098305
5.218549 2.111677
5.214038 2.123387
5.210140 2.133501
5.206843 2.142078
5.204129 2.149180
5.201981 2.154866
5.200382 2.159194
5.199311 2.162220
5.198749 2.163999
5.198675 2.164584
5.199068 2.164029
5.199906 2.162385
5.201166 2.159703
5.202827 2.156032
5.204866 2.151420
5.207261 2.145916
5.209989 2.139566
5.213028 2.132417
5.216356 2.124514
5.219950 2.115902
5.223790 2.106625
5.227852 2.096727
5.232117 2.086252
5.236563 2.075243
5.241170 2.063741
5.245917 2.051790
5.250785 2.039431
5.255755 2.026707
5.260808 2.013658
5.265925 2.000326
5.271088 1.986754
5.276281 1.972981
5.281486 1.959051
5.286686 1.945003
5.291866 1.930880
5.297009 1.916723
5.302102 1.902574
5.307128 1.888475
5.312075 1.874469
5.316927 1.860596
5.321671 1.846901
5.326295 1.833426
5.330785 1.820215
5.335128 1.807310
5.339313 1.794757
5.343327 1.782600
5.347159 1.770883
5.350797 1.759652
5.354229 1.748953
5.357443 1.738833
5.360428 1.729337
5.363173 1.720515
5.365665 1.712413
5.367893 1.705081
5.369845 1.698567
5.371507 1.692922
5.372867 1.688196
5.373911 1.684440
5.374625 1.681706
5.374995 1.680046
5.375004 1.679513
5.374637 1.680161
5.373874 1.682043
5.372699 1.685215
5.371090 1.689732
5.369025 1.695649
5.366483 1.703022
5.363437 1.711908
5.359862 1.722363
5.355727 1.734444
5.351003 1.748209
5.345655 1.763713
5.339647 1.781014
5.332941 1.800168
5.325495 1.821230
5.317263 1.844255
5.308197 1.869297
5.298246 1.896409
5.287353 1.925640
5.275461 1.957041
5.262504 1.990658
5.248417 2.026534
5.233127 2.064710
5.216558 2.105222
5.198630 2.148104
5.179259 2.193383
5.158356 2.241081
5.135827 2.291214
5.111577 2.343792
5.085503 2.398817
5.057502 2.456281
5.027466 2.516170
4.995285 2.578457
4.960848 2.643107
4.924042 2.710071
4.884753 2.779290
4.842869 2.850691
4.798278 2.924188
4.750872 2.999679
4.700548 3.077050
4.647207 3.156171
4.590759 3.236896
4.531122 3.319065
4.468225 3.402502
4.402009 3.487018
4.332430 3.572410
4.259458 3.658462
4.183084 3.744945
4.103315 3.831623
4.020180 3.918249
3.933729 4.004571
3.844034 4.090333
3.751193 4.175277
3.655324 4.259146
3.556570 4.341689
3.455096 4.422657
3.351091 4.501815
3.244764 4.578938
3.136340 4.653814
3.026066 4.726250
2.914202 4.796072
2.801019 4.863124
2.686799 4.927276
2.571830 4.988418
2.456405 5.046464
2.340816 5.101353
2.225354 5.153048
2.110306 5.201535
1.995949 5.246820
1.882551 5.288934
1.770370 5.327924
1.659648 5.363859
1.550613 5.396820
1.443474 5.426904
1.338425 5.454222
1.235642 5.478892
1.135282 5.501043
1.037484 5.520808
0.942368 5.538326
0.850038 5.553738
0.760579 5.567187
0.674062 5.578815
0.590540 5.588762
0.510054 5.597166
0.432629 5.604162
0.358279 5.609880
0.287007 5.614444
0.218804 5.617974
0.153652 5.620584
0.091525 5.622380
0.032391 5.623463
-0.023792 5.623928
-0.077069 5.623861
-0.127490 5.623345
-0.175111 5.622453
-0.219989 5.621254
-0.262186 5.619812
-0.301767 5.618182
-0.338795 5.616416
-0.373338 5.614560
-0.405465 5.612655
-0.435243 5.610736
-0.462741 5.608837
-0.488029 5.606984
-0.511175 5.605202
-0.532248 5.603510
-0.551316 5.601926
-0.568446 5.600464
-0.583706 5.599134
-0.597160 5.597946
-0.608875 5.596906
-0.618914 5.596017
-0.627340 5.595282
-0.634215 5.594702
-0.639601 5.594275
-0.643557 5.593999
-0.646142 5.593871
-0.647415 5.593886
-0.647432 5.594038
-0.646250 5.594321
-0.643924 5.594729
-0.640507 5.595253
-0.636054 5.595886
-0.630616 5.596620
-0.624246 5.597446
-0.616994 5.598355
-0.608911 5.599338
-0.600046 5.600387
-0.590449 5.601493
-0.580167 5.602647
-0.569248 5.603841
-0.557740 5.605066
-0.545690 5.606314
-0.533143 5.607578
-0.520147 5.608849
-0.506746 5.610121
-0.492986 5.611387
-0.478912 5.612640
-0.464570 5.613874
-0.450003 5.615084
-0.435256 5.616265
-0.420374 5.617412
-0.405401 5.618520
-0.390382 5.619586
-0.375360 5.620607
-0.360380 5.621579
-0.345487 5.622501
-0.330725 5.623370
-0.316138 5.624185
-0.301772 5.624945
-0.287671 5.625649
-0.273881 5.626297
-0.260448 5.626890
-0.247417 5.627427
-0.234834 5.627909
-0.222747 5.628339
-0.211202 5.628716
-0.200246 5.629042
-0.189929 5.629320
-0.180298 5.629551
-0.171402 5.629737
-0.163292 5.629880
-0.156017 5.629982
-0.149629 5.630044
-0.144179 5.630068
-0.139720 5.630056
-0.136304 5.630008
-0.133987 5.629925
-0.132822 5.629807
-0.132865 5.629652
-0.134173 5.629460
-0.136803 5.629227
-0.140814 5.628951
-0.146263 5.628627
-0.153211 5.628248
-0.161718 5.627807
-0.171847 5.627296
-0.183658 5.626702
-0.197216 5.626013
-0.212583 5.625214
-0.229824 5.624286
-0.249003 5.623211
-0.270185 5.621963
-0.293436 5.620517
-0.318819 5.618844
-0.346401 5.616909
-0.376246 5.614677
-0.408417 5.612105
-0.442978 5.609148
-0.479989 5.605755
-0.519512 5.601873
-0.561602 5.597440
-0.606316 5.592393
-0.653706 5.586659
-0.703818 5.580163
-0.756698 5.572823
-0.812384 5.564552
-0.870910 5.555255
-0.932300 5.544835
-0.996575 5.533187
-1.063745 5.520200
-1.133811 5.505759
-1.206764 5.489746
-1.282586 5.472037
-1.361243 5.452504
-1.442690 5.431019
-1.526870 5.407450
-1.613707 5.381664
-1.703113 5.353532
-1.794982 5.322924
-1.889192 5.289715
-1.985603 5.253784
-2.084059 5.215019
-2.184385 5.173314
-2.286392 5.128576
-2.389870 5.080724
-2.494598 5.029692
-2.600339 4.975430
-2.706843 4.917905
-2.813848 4.857106
-2.921085 4.793042
-3.028276 4.725745
-3.135140 4.655269
-3.241394 4.581693
-3.346758 4.505119
-3.450953 4.425672
-3.553709 4.343502
-3.654766 4.258779
-3.753878 4.171694
-3.850810 4.082457
-3.945348 3.991295
-4.037297 3.898447
-4.126481 3.804166
-4.212750 3.708713
-4.295973 3.612355
-4.376045 3.515362
-4.452885 3.418006
-4.526433 3.320553
-4.596654 3.223268
-4.663535 3.126407
-4.727080 3.030218
-4.787316 2.934936
-4.844287 2.840785
-4.898050 2.747974
-4.948678 2.656699
-4.996256 2.567137
-5.040880 2.479453
-5.082653 2.393793
-5.121684 2.310287
-5.158089 2.229051
-5.191988 2.150184
-5.223500 2.073769
-5.252749 1.999877
-5.279856 1.928564
-5.304940 1.859872
-5.328122 1.793833
-5.349515 1.730467
-5.369234 1.669784
-5.387385 1.611784
-5.404073 1.556458
-5.419397 1.503791
-5.433453 1.453760
-5.446329 1.406335
-5.458110 1.361483
-5.468876 1.319164
-5.478702 1.279334
-5.487658 1.241947
-5.495808 1.206951
-5.503214 1.174296
-5.509931 1.143924
-5.516012 1.115781
-5.521504 1.089807
-5.526450 1.065944
-5.530892 1.044132
-5.534866 1.024310
-5.538406 1.006417
-5.541542 0.990392
-5.544303 0.976174
-5.546713 0.963702
-5.548795 0.952916
-5.550571 0.943756
-5.552058 0.936161
-5.553273 0.930072
-5.554232 0.925430
-5.554949 0.922178
-5.555434 0.920258
-5.555701 0.919614
-5.555757 0.920189
-5.555613 0.921927
