-0.099251 0.000000 1.196575
-0.197937 0.000000 1.186324
-0.295497 0.000000 1.169330
-0.391390 0.000000 1.145732
-0.485096 0.000000 1.115729
-0.576126 0.000000 1.079569
-0.664029 0.000000 1.037545
-0.748393 0.000000 0.989989
-0.828852 0.000000 0.937265
-0.905087 0.000000 0.879761
-0.976824 0.000000 0.817882
-1.043836 0.000000 0.752044
-1.105942 0.000000 0.682668
-1.163002 0.000000 0.610175
-1.214917 0.000000 0.534981
-1.261626 0.000000 0.457492
-1.303101 0.000000 0.378103
-1.339343 0.000000 0.297193
-1.370382 0.000000 0.215127
-1.396271 0.000000 0.132251
-1.417083 0.000000 0.048892
-1.432909 -0.000000 -0.034641
-1.443855 -0.000000 -0.118057
-1.450039 -0.000000 -0.201085
-1.451589 -0.000000 -0.283472
-1.448644 -0.000000 -0.364982
-1.441346 -0.000000 -0.445397
-1.429843 -0.000000 -0.524514
-1.414289 -0.000000 -0.602146
-1.394839 -0.000000 -0.678120
-1.371648 -0.000000 -0.752276
-1.344876 -0.000000 -0.824470
-1.314681 -0.000000 -0.894565
-1.281219 -0.000000 -0.962439
-1.244649 -0.000000 -1.027979
-1.205126 -0.000000 -1.091081
-1.162805 -0.000000 -1.151651
-1.117840 -0.000000 -1.209602
-1.070382 -0.000000 -1.264857
-1.020581 -0.000000 -1.317343
-0.968584 -0.000000 -1.366997
-0.914539 -0.000000 -1.413759
-0.858588 -0.000000 -1.457576
-0.800874 -0.000000 -1.498402
-0.741538 -0.000000 -1.536193
-0.680719 -0.000000 -1.570912
-0.618554 -0.000000 -1.602525
-0.555178 -0.000000 -1.631003
-0.490725 -0.000000 -1.656319
-0.425330 -0.000000 -1.678452
-0.359123 -0.000000 -1.697384
-0.292235 -0.000000 -1.713098
-0.224797 -0.000000 -1.725584
-0.156936 -0.000000 -1.734832
-0.088782 -0.000000 -1.740835
-0.020463 -0.000000 -1.743592
0.047895 -0.000000 -1.743102
0.116164 -0.000000 -1.739368
0.184216 -0.000000 -1.732395
0.251925 -0.000000 -1.722192
0.319163 -0.000000 -1.708771
0.385802 -0.000000 -1.692145
0.451715 -0.000000 -1.672333
0.516773 -0.000000 -1.649356
0.580846 -0.000000 -1.623236
0.643804 -0.000000 -1.594003
0.705518 -0.000000 -1.561687
0.765854 -0.000000 -1.526324
0.824680 -0.000000 -1.487951
0.881863 -0.000000 -1.446614
0.937267 -0.000000 -1.402359
0.990756 -0.000000 -1.355240
1.042193 -0.000000 -1.305315
1.091440 -0.000000 -1.252646
1.138356 -0.000000 -1.197304
1.182802 -0.000000 -1.139364
1.224636 -0.000000 -1.078909
1.263716 -0.000000 -1.016028
1.299899 -0.000000 -0.950819
1.333042 -0.000000 -0.883386
1.363003 -0.000000 -0.813846
1.389638 -0.000000 -0.742320
1.412805 -0.000000 -0.668944
1.432365 -0.000000 -0.593860
1.448179 -0.000000 -0.517223
1.460112 -0.000000 -0.439202
1.468031 -0.000000 -0.359974
1.471810 -0.000000 -0.279732
1.471326 -0.000000 -0.198680
1.466466 -0.000000 -0.117039
1.457123 -0.000000 -0.035041
1.443201 0.000000 0.047065
1.424614 0.000000 0.129019
1.401292 0.000000 0.210542
1.373179 0.000000 0.291344
1.340237 0.000000 0.371120
1.302447 0.000000 0.449552
1.259811 0.000000 0.526310
1.212359 0.000000 0.601054
1.160144 0.000000 0.673435
1.103249 0.000000 0.743098
1.041788 0.000000 0.809683
0.975908 0.000000 0.872831
0.905787 0.000000 0.932186
0.831642 0.000000 0.987396
0.753724 0.000000 1.038124
0.672317 0.000000 1.084045
0.587743 0.000000 1.124857
0.500355 0.000000 1.160281
0.410537 0.000000 1.190067
0.318701 0.000000 1.214002
0.225283 0.000000 1.231905
0.130738 0.000000 1.243642
0.035534 0.000000 1.249118
-0.059848 0.000000 1.248286
-0.154928 0.000000 1.241144
-0.249227 0.000000 1.227736
-0.342272 0.000000 1.208152
-0.433606 0.000000 1.182528
-0.522790 0.000000 1.151038
-0.609408 0.000000 1.113896
-0.693070 0.000000 1.071350
-0.773418 0.000000 1.023678
-0.850123 0.000000 0.971183
-0.922894 0.000000 0.914191
-0.991471 0.000000 0.853043
-1.055633 0.000000 0.788095
-1.115190 0.000000 0.719707
-1.169990 0.000000 0.648247
-1.219909 0.000000 0.574081
-1.264859 0.000000 0.497575
-1.304779 0.000000 0.419089
-1.339636 0.000000 0.338976
-1.369420 0.000000 0.257577
-1.394148 0.000000 0.175226
-1.413855 0.000000 0.092242
-1.428595 0.000000 0.008934
-1.438441 -0.000000 -0.074407
-1.443478 -0.000000 -0.157500
-1.443806 -0.000000 -0.240080
-1.439536 -0.000000 -0.321897
-1.430787 -0.000000 -0.402713
-1.417690 -0.000000 -0.482306
-1.400380 -0.000000 -0.560467
-1.378999 -0.000000 -0.636999
-1.353695 -0.000000 -0.711720
-1.324617 -0.000000 -0.784458
-1.291922 -0.000000 -0.855055
-1.255765 -0.000000 -0.923361
-1.216305 -0.000000 -0.989239
-1.173703 -0.000000 -1.052563
-1.128120 -0.000000 -1.113214
-1.079719 -0.000000 -1.171084
-1.028661 -0.000000 -1.226074
-0.975109 -0.000000 -1.278091
-0.919225 -0.000000 -1.327053
-0.861171 -0.000000 -1.372883
-0.801109 -0.000000 -1.415511
-0.739199 -0.000000 -1.454876
-0.675602 -0.000000 -1.490921
-0.610478 -0.000000 -1.523596
-0.543986 -0.000000 -1.552857
-0.476283 -0.000000 -1.578665
-0.407530 -0.000000 -1.600988
-0.337881 -0.000000 -1.619797
-0.267495 -0.000000 -1.635069
-0.196527 -0.000000 -1.646787
-0.125133 -0.000000 -1.654938
-0.053469 -0.000000 -1.659512
0.018311 -0.000000 -1.660506
0.090051 -0.000000 -1.657921
0.161597 -0.000000 -1.651763
0.232794 -0.000000 -1.642042
0.303488 -0.000000 -1.628772
0.373525 -0.000000 -1.611974
0.442750 -0.000000 -1.591671
0.511008 -0.000000 -1.567894
0.578144 -0.000000 -1.540676
0.644004 -0.000000 -1.510057
0.708433 -0.000000 -1.476083
0.771275 -0.000000 -1.438803
0.832375 -0.000000 -1.398274
0.891578 -0.000000 -1.354558
0.948728 -0.000000 -1.307725
1.003670 -0.000000 -1.257849
1.056250 -0.000000 -1.205012
1.106312 -0.000000 -1.149303
1.153703 -0.000000 -1.090820
1.198269 -0.000000 -1.029668
1.239859 -0.000000 -0.965958
1.278322 -0.000000 -0.899812
1.313509 -0.000000 -0.831362
1.345274 -0.000000 -0.760746
1.373475 -0.000000 -0.688115
1.397970 -0.000000 -0.613628
1.418624 -0.000000 -0.537457
1.435307 -0.000000 -0.459781
1.447893 -0.000000 -0.380793
1.456263 -0.000000 -0.300698
1.460307 -0.000000 -0.219711
1.459923 -0.000000 -0.138058
1.455018 -0.000000 -0.055978
1.445512 0.000000 0.026278
1.431336 0.000000 0.108448
1.412436 0.000000 0.190259
1.388773 0.000000 0.271427
1.360326 0.000000 0.351660
1.327092 0.000000 0.430653
1.289086 0.000000 0.508098
1.246350 0.000000 0.583676
1.198944 0.000000 0.657066
1.146955 0.000000 0.727944
1.090495 0.000000 0.795983
1.029705 0.000000 0.860859
0.964750 0.000000 0.922252
0.895825 0.000000 0.979849
0.823154 0.000000 1.033347
0.746988 0.000000 1.082455
0.667604 0.000000 1.126900
0.585308 0.000000 1.166426
0.500428 0.000000 1.200804
0.413318 0.000000 1.229825
0.324348 0.000000 1.253312
0.233908 0.000000 1.271120
0.142403 0.000000 1.283133
0.050246 0.000000 1.289273
-0.042141 0.000000 1.289496
-0.134335 0.000000 1.283795
-0.225912 0.000000 1.272202
-0.316455 0.000000 1.254781
-0.405554 0.000000 1.231635
-0.492813 0.000000 1.202898
-0.577850 0.000000 1.168738
-0.660304 0.000000 1.129352
-0.739835 0.000000 1.084964
-0.816124 0.000000 1.035822
-0.888880 0.000000 0.982194
-0.957839 0.000000 0.924369
-1.022763 0.000000 0.862648
-1.083442 0.000000 0.797346
-1.139694 0.000000 0.728785
-1.191366 0.000000 0.657294
-1.238332 0.000000 0.583205
-1.280491 0.000000 0.506851
-1.317769 0.000000 0.428565
-1.350116 0.000000 0.348673
-1.377502 0.000000 0.267499
-1.399924 0.000000 0.185361
-1.417393 0.000000 0.102565
-1.429943 0.000000 0.019413
-1.437623 -0.000000 -0.063807
-1.440498 -0.000000 -0.146814
-1.438647 -0.000000 -0.229340
-1.432162 -0.000000 -0.311128
-1.421148 -0.000000 -0.391933
-1.405718 -0.000000 -0.471521
-1.385995 -0.000000 -0.549670
-1.362112 -0.000000 -0.626169
-1.334206 -0.000000 -0.700820
-1.302423 -0.000000 -0.773436
-1.266915 -0.000000 -0.843839
-1.227835 -0.000000 -0.911864
-1.185344 -0.000000 -0.977357
-1.139606 -0.000000 -1.040173
-1.090786 -0.000000 -1.100177
-1.039054 -0.000000 -1.157243
-0.984580 -0.000000 -1.211257
-0.927537 -0.000000 -1.262111
-0.868099 -0.000000 -1.309708
-0.806443 -0.000000 -1.353957
-0.742745 -0.000000 -1.394778
-0.677181 -0.000000 -1.432097
-0.609930 -0.000000 -1.465848
-0.541169 -0.000000 -1.495972
-0.471078 -0.000000 -1.522420
-0.399836 -0.000000 -1.545146
-0.327621 -0.000000 -1.564113
-0.254612 -0.000000 -1.579291
-0.180988 -0.000000 -1.590656
-0.106928 -0.000000 -1.598192
-0.032612 -0.000000 -1.601887
0.041783 -0.000000 -1.601738
0.116078 -0.000000 -1.597745
0.190094 -0.000000 -1.589919
0.263653 -0.000000 -1.578275
0.336578 -0.000000 -1.562833
0.408692 -0.000000 -1.543622
0.479816 -0.000000 -1.520676
0.549775 -0.000000 -1.494037
0.618393 -0.000000 -1.463753
0.685493 -0.000000 -1.429880
0.750903 -0.000000 -1.392479
0.814447 -0.000000 -1.351619
0.875954 -0.000000 -1.307379
0.935252 -0.000000 -1.259843
0.992171 -0.000000 -1.209102
1.046544 -0.000000 -1.155259
1.098203 -0.000000 -1.098421
1.146986 -0.000000 -1.038707
1.192731 -0.000000 -0.976242
1.235281 -0.000000 -0.911162
1.274481 -0.000000 -0.843612
1.310181 -0.000000 -0.773746
1.342236 -0.000000 -0.701728
1.370504 -0.000000 -0.627730
1.394853 -0.000000 -0.551938
1.415153 -0.000000 -0.474545
1.431286 -0.000000 -0.395755
1.443139 -0.000000 -0.315781
1.450608 -0.000000 -0.234850
1.453603 -0.000000 -0.153195
1.452042 -0.000000 -0.071060
1.445854 0.000000 0.011301
1.434986 0.000000 0.093624
1.419395 0.000000 0.175638
1.399056 0.000000 0.257064
1.373960 0.000000 0.337616
1.344116 0.000000 0.416999
1.309552 0.000000 0.494918
1.270315 0.000000 0.571070
1.226476 0.000000 0.645151
1.178123 0.000000 0.716858
1.125372 0.000000 0.785887
1.068358 0.000000 0.851939
1.007240 0.000000 0.914717
0.942203 0.000000 0.973935
0.873453 0.000000 1.029314
0.801220 0.000000 1.080588
0.725758 0.000000 1.127505
0.647341 0.000000 1.169830
0.566263 0.000000 1.207346
0.482839 0.000000 1.239859
0.397400 0.000000 1.267195
0.310292 0.000000 1.289210
0.221874 0.000000 1.305781
0.132516 0.000000 1.316817
0.042595 0.000000 1.322255
-0.047508 0.000000 1.322063
-0.137408 0.000000 1.316237
-0.226723 0.000000 1.304804
-0.315074 0.000000 1.287824
-0.402089 0.000000 1.265383
-0.487406 0.000000 1.237596
-0.570674 0.000000 1.204606
-0.651557 0.000000 1.166581
-0.729737 0.000000 1.123715
-0.804911 0.000000 1.076220
-0.876799 0.000000 1.024330
-0.945142 0.000000 0.968296
-1.009700 0.000000 0.908386
-1.070261 0.000000 0.844877
-1.126632 0.000000 0.778061
-1.178645 0.000000 0.708234
-1.226158 0.000000 0.635702
-1.269048 0.000000 0.560773
-1.307218 0.000000 0.483757
-1.340593 0.000000 0.404965
-1.369117 0.000000 0.324708
-1.392759 0.000000 0.243292
-1.411503 0.000000 0.161020
-1.425354 0.000000 0.078189
-1.434336 -0.000000 -0.004910
-1.438487 -0.000000 -0.087993
-1.437863 -0.000000 -0.170785
-1.432532 -0.000000 -0.253018
-1.422577 -0.000000 -0.334435
-1.408094 -0.000000 -0.414788
-1.389188 -0.000000 -0.493839
-1.365977 -0.000000 -0.571360
-1.338586 -0.000000 -0.647133
-1.307152 -0.000000 -0.720952
-1.271817 -0.000000 -0.792621
-1.232731 -0.000000 -0.861952
-1.190051 -0.000000 -0.928770
-1.143938 -0.000000 -0.992910
-1.094561 -0.000000 -1.054217
-1.042092 -0.000000 -1.112546
-0.986705 -0.000000 -1.167762
-0.928582 -0.000000 -1.219739
-0.867905 -0.000000 -1.268362
-0.804859 -0.000000 -1.313524
-0.739633 -0.000000 -1.355128
-0.672417 -0.000000 -1.393087
-0.603403 -0.000000 -1.427321
-0.532784 -0.000000 -1.457760
-0.460756 -0.000000 -1.484342
-0.387515 -0.000000 -1.507016
-0.313256 -0.000000 -1.525735
-0.238178 -0.000000 -1.540465
-0.162479 -0.000000 -1.551176
-0.086357 -0.000000 -1.557850
-0.010010 -0.000000 -1.560474
0.066363 -0.000000 -1.559045
0.142563 -0.000000 -1.553568
0.218394 -0.000000 -1.544055
0.293656 -0.000000 -1.530526
0.368153 -0.000000 -1.513012
0.441689 -0.000000 -1.491548
0.514069 -0.000000 -1.466181
0.585099 -0.000000 -1.436963
0.654586 -0.000000 -1.403956
0.722340 -0.000000 -1.367232
0.788170 -0.000000 -1.326868
0.851891 -0.000000 -1.282953
0.913318 -0.000000 -1.235583
0.972268 -0.000000 -1.184864
1.028564 -0.000000 -1.130910
1.082030 -0.000000 -1.073845
1.132494 -0.000000 -1.013801
1.179790 -0.000000 -0.950922
1.223755 -0.000000 -0.885358
1.264233 -0.000000 -0.817272
1.301072 -0.000000 -0.746834
1.334128 -0.000000 -0.674225
1.363264 -0.000000 -0.599635
1.388350 -0.000000 -0.523265
1.409266 -0.000000 -0.445323
1.425899 -0.000000 -0.366028
1.438148 -0.000000 -0.285609
1.445921 -0.000000 -0.204301
1.449141 -0.000000 -0.122350
1.447741 -0.000000 -0.040010
1.441668 0.000000 0.042459
1.430883 0.000000 0.124788
1.415362 0.000000 0.206704
1.395100 0.000000 0.287927
1.370104 0.000000 0.368172
1.340404 0.000000 0.447153
1.306043 0.000000 0.524578
1.267089 0.000000 0.600157
1.223624 0.000000 0.673600
1.175755 0.000000 0.744617
1.123605 0.000000 0.812923
1.067321 0.000000 0.878237
1.007070 0.000000 0.940285
0.943038 0.000000 0.998803
0.875433 0.000000 1.053536
0.804482 0.000000 1.104241
0.730430 0.000000 1.150691
0.653543 0.000000 1.192672
0.574101 0.000000 1.229990
0.492401 0.000000 1.262469
0.408754 0.000000 1.289955
0.323483 0.000000 1.312315
0.236921 0.000000 1.329441
0.149412 0.000000 1.341247
0.061304 0.000000 1.347674
-0.027050 0.000000 1.348689
-0.115296 0.000000 1.344283
-0.203079 0.000000 1.334476
-0.290046 0.000000 1.319312
-0.375851 0.000000 1.298861
-0.460154 0.000000 1.273218
-0.542624 0.000000 1.242504
-0.622942 0.000000 1.206859
-0.700800 0.000000 1.166450
-0.775907 0.000000 1.121459
-0.847985 0.000000 1.072092
-0.916776 0.000000 1.018568
-0.982040 0.000000 0.961123
-1.043554 0.000000 0.900009
-1.101117 0.000000 0.835486
-1.154548 0.000000 0.767827
-1.203685 0.000000 0.697313
-1.248389 0.000000 0.624229
-1.288540 0.000000 0.548869
-1.324040 0.000000 0.471526
-1.354810 0.000000 0.392499
-1.380792 0.000000 0.312083
-1.401945 0.000000 0.230576
-1.418248 0.000000 0.148271
-1.429699 0.000000 0.065458
-1.436312 -0.000000 -0.017577
-1.438116 -0.000000 -0.100554
-1.435159 -0.000000 -0.183198
-1.427500 -0.000000 -0.265243
-1.415216 -0.000000 -0.346429
-1.398392 -0.000000 -0.426504
-1.377131 -0.000000 -0.505226
-1.351542 -0.000000 -0.582361
-1.321749 -0.000000 -0.657685
-1.287884 -0.000000 -0.730982
-1.250087 -0.000000 -0.802049
-1.208508 -0.000000 -0.870690
-1.163306 -0.000000 -0.936720
-1.114644 -0.000000 -0.999965
-1.062693 -0.000000 -1.060261
-1.007631 -0.000000 -1.117452
-0.949640 -0.000000 -1.171396
-0.888907 -0.000000 -1.221957
-0.825624 -0.000000 -1.269014
-0.759986 -0.000000 -1.312452
-0.692193 -0.000000 -1.352168
-0.622446 -0.000000 -1.388068
-0.550951 -0.000000 -1.420069
-0.477914 -0.000000 -1.448098
-0.403545 -0.000000 -1.472090
-0.328055 -0.000000 -1.491992
-0.251655 -0.000000 -1.507760
-0.174560 -0.000000 -1.519358
-0.096982 -0.000000 -1.526762
-0.019138 -0.000000 -1.529956
0.058760 -0.000000 -1.528935
0.136496 -0.000000 -1.523703
0.213855 -0.000000 -1.514272
0.290625 -0.000000 -1.500665
0.366592 -0.000000 -1.482915
0.441546 -0.000000 -1.461065
0.515275 -0.000000 -1.435164
0.587573 -0.000000 -1.405276
0.658233 -0.000000 -1.371470
0.727051 -0.000000 -1.333828
0.793826 -0.000000 -1.292439
0.858362 -0.000000 -1.247404
0.920465 -0.000000 -1.198833
0.979944 -0.000000 -1.146845
1.036614 -0.000000 -1.091571
1.090295 -0.000000 -1.033149
1.140812 -0.000000 -0.971728
1.187995 -0.000000 -0.907469
1.231682 -0.000000 -0.840540
1.271717 -0.000000 -0.771119
1.307953 -0.000000 -0.699395
1.340249 -0.000000 -0.625564
1.368475 -0.000000 -0.549834
1.392510 -0.000000 -0.472420
1.412242 -0.000000 -0.393547
1.427572 -0.000000 -0.313448
1.438411 -0.000000 -0.232363
1.444682 -0.000000 -0.150540
1.446324 -0.000000 -0.068236
1.443287 0.000000 0.014289
1.435536 0.000000 0.096767
1.423053 0.000000 0.178925
1.405832 0.000000 0.260488
1.383889 0.000000 0.341174
1.357251 0.000000 0.420703
1.325968 0.000000 0.498792
1.290104 0.000000 0.575156
1.249743 0.000000 0.649516
1.204988 0.000000 0.721592
1.155960 0.000000 0.791108
1.102800 0.000000 0.857795
1.045665 0.000000 0.921391
0.984733 0.000000 0.981640
0.920200 0.000000 1.038299
0.852278 0.000000 1.091134
0.781198 0.000000 1.139924
0.707206 0.000000 1.184465
0.630564 0.000000 1.224566
0.551546 0.000000 1.260054
0.470441 0.000000 1.290775
0.387550 0.000000 1.316593
0.303183 0.000000 1.337393
0.217657 0.000000 1.353083
0.131297 0.000000 1.363591
0.044434 0.000000 1.368869
-0.042600 0.000000 1.368892
-0.129470 0.000000 1.363657
-0.215843 0.000000 1.353186
-0.301388 0.000000 1.337524
-0.385778 0.000000 1.316736
-0.468693 0.000000 1.290914
-0.549821 0.000000 1.260167
-0.628858 0.000000 1.224629
-0.705512 0.000000 1.184451
-0.779504 0.000000 1.139802
-0.850569 0.000000 1.090873
-0.918455 0.000000 1.037866
-0.982927 0.000000 0.981001
-1.043767 0.000000 0.920510
-1.100774 0.000000 0.856639
-1.153766 0.000000 0.789643
-1.202578 0.000000 0.719785
-1.247064 0.000000 0.647338
-1.287097 0.000000 0.572579
-1.322571 0.000000 0.495791
-1.353395 0.000000 0.417260
-1.379499 0.000000 0.337273
-1.400832 0.000000 0.256119
-1.417358 0.000000 0.174086
-1.429062 0.000000 0.091460
-1.435944 0.000000 0.008526
-1.438022 -0.000000 -0.074438
-1.435327 -0.000000 -0.157155
-1.427908 -0.000000 -0.239355
-1.415827 -0.000000 -0.320774
-1.399162 -0.000000 -0.401155
-1.378003 -0.000000 -0.480247
-1.352451 -0.000000 -0.557809
-1.322621 -0.000000 -0.633607
-1.288638 -0.000000 -0.707416
-1.250638 -0.000000 -0.779020
-1.208766 -0.000000 -0.848212
-1.163179 -0.000000 -0.914798
-1.114038 -0.000000 -0.978589
-1.061515 -0.000000 -1.039410
-1.005789 -0.000000 -1.097094
-0.947044 -0.000000 -1.151486
-0.885472 -0.000000 -1.202441
-0.821270 -0.000000 -1.249824
-0.754639 -0.000000 -1.293513
-0.685787 -0.000000 -1.333393
-0.614923 -0.000000 -1.369363
-0.542263 -0.000000 -1.401332
-0.468023 -0.000000 -1.429219
-0.392423 -0.000000 -1.452955
-0.315686 -0.000000 -1.472480
-0.238036 -0.000000 -1.487747
-0.159699 -0.000000 -1.498719
-0.080901 -0.000000 -1.505369
-0.001870 -0.000000 -1.507683
0.077166 -0.000000 -1.505655
0.155980 -0.000000 -1.499292
0.234345 -0.000000 -1.488611
0.312034 -0.000000 -1.473639
0.388823 -0.000000 -1.454416
0.464489 -0.000000 -1.430990
0.538810 -0.000000 -1.403422
0.611567 -0.000000 -1.371783
0.682546 -0.000000 -1.336154
0.751534 -0.000000 -1.296628
0.818323 -0.000000 -1.253307
0.882708 -0.000000 -1.206306
0.944491 -0.000000 -1.155749
1.003477 -0.000000 -1.101769
1.059478 -0.000000 -1.044513
1.112312 -0.000000 -0.984134
1.161805 -0.000000 -0.920800
1.207788 -0.000000 -0.854685
1.250103 -0.000000 -0.785974
1.288599 -0.000000 -0.714861
1.323133 -0.000000 -0.641552
1.353574 -0.000000 -0.566258
1.379801 -0.000000 -0.489201
1.401702 -0.000000 -0.410611
1.419181 -0.000000 -0.330726
1.432150 -0.000000 -0.249790
1.440535 -0.000000 -0.168056
1.444278 -0.000000 -0.085779
1.443332 -0.000000 -0.003225
1.437668 0.000000 0.079339
1.427268 0.000000 0.161642
1.412133 0.000000 0.243409
1.392281 0.000000 0.324361
1.367743 0.000000 0.404222
1.338569 0.000000 0.482713
1.304827 0.000000 0.559556
1.266602 0.000000 0.634475
1.223995 0.000000 0.707200
1.177127 0.000000 0.777462
1.126135 0.000000 0.845000
1.071174 0.000000 0.909559
1.012414 0.000000 0.970893
0.950046 0.000000 1.028765
0.884272 0.000000 1.082950
0.815314 0.000000 1.133235
0.743406 0.000000 1.179419
0.668797 0.000000 1.221317
0.591749 0.000000 1.258760
0.512534 0.000000 1.291595
0.431438 0.000000 1.319687
0.348753 0.000000 1.342920
0.264782 0.000000 1.361198
0.179831 0.000000 1.374444
0.094215 0.000000 1.382600
0.008250 0.000000 1.385633
-0.077746 0.000000 1.383529
-0.163453 0.000000 1.376293
-0.248555 0.000000 1.363956
-0.332736 0.000000 1.346567
-0.415686 0.000000 1.324195
-0.497101 0.000000 1.296932
-0.576683 0.000000 1.264888
-0.654144 0.000000 1.228192
-0.729207 0.000000 1.186992
-0.801604 0.000000 1.141453
-0.871082 0.000000 1.091755
-0.937398 0.000000 1.038096
-1.000328 0.000000 0.980686
-1.059659 0.000000 0.919747
-1.115196 0.000000 0.855515
-1.166760 0.000000 0.788235
-1.214190 0.000000 0.718162
-1.257341 0.000000 0.645557
-1.296085 0.000000 0.570689
-1.330313 0.000000 0.493833
-1.359934 0.000000 0.415266
-1.384874 0.000000 0.335270
-1.405075 0.000000 0.254125
-1.420499 0.000000 0.172117
-1.431124 0.000000 0.089527
-1.436944 0.000000 0.006636
-1.437971 -0.000000 -0.076278
-1.434230 -0.000000 -0.158939
-1.425766 -0.000000 -0.241076
-1.412633 -0.000000 -0.322425
-1.394905 -0.000000 -0.402725
-1.372666 -0.000000 -0.481723
-1.346015 -0.000000 -0.559173
-1.315062 -0.000000 -0.634836
-1.279930 -0.000000 -0.708482
-1.240753 -0.000000 -0.779889
-1.197676 -0.000000 -0.848846
-1.150854 -0.000000 -0.915148
-1.100451 -0.000000 -0.978602
-1.046640 -0.000000 -1.039026
-0.989602 -0.000000 -1.096248
-0.929527 -0.000000 -1.150104
-0.866609 -0.000000 -1.200444
-0.801052 -0.000000 -1.247128
-0.733063 -0.000000 -1.290027
-0.662857 -0.000000 -1.329024
-0.590651 -0.000000 -1.364011
-0.516668 -0.000000 -1.394895
-0.441134 -0.000000 -1.421593
-0.364279 -0.000000 -1.444033
-0.286335 -0.000000 -1.462156
-0.207536 -0.000000 -1.475914
-0.128118 -0.000000 -1.485271
-0.048319 -0.000000 -1.490204
0.031625 -0.000000 -1.490699
0.111474 -0.000000 -1.486756
0.190991 -0.000000 -1.478388
0.269940 -0.000000 -1.465617
0.348084 -0.000000 -1.448478
0.425190 -0.000000 -1.427019
0.501026 -0.000000 -1.401297
0.575363 -0.000000 -1.371384
0.647975 -0.000000 -1.337361
0.718642 -0.000000 -1.299322
0.787145 -0.000000 -1.257372
0.853272 -0.000000 -1.211626
0.916816 -0.000000 -1.162212
0.977576 -0.000000 -1.109270
1.035356 -0.000000 -1.052946
1.089970 -0.000000 -0.993403
1.141238 -0.000000 -0.930810
1.188987 -0.000000 -0.865348
1.233055 -0.000000 -0.797206
1.273288 -0.000000 -0.726586
1.309543 -0.000000 -0.653695
1.341687 -0.000000 -0.578753
1.369598 -0.000000 -0.501985
1.393166 -0.000000 -0.423626
1.412294 -0.000000 -0.343916
1.426896 -0.000000 -0.263105
1.436901 -0.000000 -0.181446
1.442252 -0.000000 -0.099200
1.442907 -0.000000 -0.016631
1.438835 0.000000 0.065992
1.430026 0.000000 0.148397
1.416482 0.000000 0.230311
1.398223 0.000000 0.311458
1.375282 0.000000 0.391562
1.347713 0.000000 0.470348
1.315584 0.000000 0.547543
1.278980 0.000000 0.622874
1.238005 0.000000 0.696077
1.192776 0.000000 0.766887
1.143430 0.000000 0.835050
1.090118 0.000000 0.900317
1.033009 0.000000 0.962447
0.972286 0.000000 1.021210
0.908148 0.000000 1.076386
0.840808 0.000000 1.127766
0.770493 0.000000 1.175156
0.697442 0.000000 1.218373
0.621908 0.000000 1.257252
0.544154 0.000000 1.291642
0.464452 0.000000 1.321408
0.383084 0.000000 1.346434
0.300340 0.000000 1.366622
0.216514 0.000000 1.381890
0.131909 0.000000 1.392180
0.046828 0.000000 1.397448
-0.038423 0.000000 1.397673
-0.123534 0.000000 1.392853
-0.208200 0.000000 1.383006
-0.292115 0.000000 1.368170
-0.374976 0.000000 1.348401
-0.456487 0.000000 1.323777
-0.536357 0.000000 1.294392
-0.614301 0.000000 1.260360
-0.690044 0.000000 1.221811
-0.763320 0.000000 1.178893
-0.833873 0.000000 1.131772
-0.901461 0.000000 1.080624
-0.965853 0.000000 1.025645
-1.026831 0.000000 0.967041
-1.084192 0.000000 0.905030
-1.137749 0.000000 0.839844
-1.187328 0.000000 0.771721
-1.232774 0.000000 0.700911
-1.273945 0.000000 0.627670
-1.310719 0.000000 0.552263
-1.342988 0.000000 0.474957
-1.370662 0.000000 0.396027
-1.393668 0.000000 0.315747
-1.411951 0.000000 0.234397
-1.425471 0.000000 0.152256
-1.434206 0.000000 0.069603
-1.438149 -0.000000 -0.013282
-1.437310 -0.000000 -0.096123
-1.431716 -0.000000 -0.178646
-1.421407 -0.000000 -0.260582
-1.406440 -0.000000 -0.341663
-1.386885 -0.000000 -0.421630
-1.362827 -0.000000 -0.500229
-1.334363 -0.000000 -0.577210
-1.301606 -0.000000 -0.652335
-1.264679 -0.000000 -0.725370
-1.223716 -0.000000 -0.796090
-1.178865 -0.000000 -0.864281
-1.130282 -0.000000 -0.929736
-1.078135 -0.000000 -0.992260
-1.022600 -0.000000 -1.051666
-0.963863 -0.000000 -1.107779
-0.902117 -0.000000 -1.160435
-0.837565 -0.000000 -1.209479
-0.770413 -0.000000 -1.254771
-0.700876 -0.000000 -1.296179
-0.629176 -0.000000 -1.333585
-0.555537 -0.000000 -1.366883
-0.480190 -0.000000 -1.395978
-0.403369 -0.000000 -1.420788
-0.325312 -0.000000 -1.441244
-0.246259 -0.000000 -1.457289
-0.166453 -0.000000 -1.468877
-0.086138 -0.000000 -1.475977
-0.005560 -0.000000 -1.478570
0.075035 -0.000000 -1.476650
0.155400 -0.000000 -1.470221
0.235292 -0.000000 -1.459304
0.314464 -0.000000 -1.443930
0.392676 -0.000000 -1.424143
0.469686 -0.000000 -1.399999
0.545258 -0.000000 -1.371568
0.619157 -0.000000 -1.338931
0.691155 -0.000000 -1.302182
0.761027 -0.000000 -1.261427
0.828553 -0.000000 -1.216783
0.893518 -0.000000 -1.168380
0.955717 -0.000000 -1.116359
1.014948 -0.000000 -1.060871
1.071019 -0.000000 -1.002081
1.123745 -0.000000 -0.940162
1.172952 -0.000000 -0.875299
1.218473 -0.000000 -0.807685
1.260153 -0.000000 -0.737524
1.297844 -0.000000 -0.665031
1.331415 -0.000000 -0.590425
1.360741 -0.000000 -0.513938
1.385713 -0.000000 -0.435806
1.406233 -0.000000 -0.356274
1.422217 -0.000000 -0.275593
1.433595 -0.000000 -0.194020
1.440311 -0.000000 -0.111816
1.442323 -0.000000 -0.029247
1.439605 0.000000 0.053418
1.432145 0.000000 0.135906
1.419949 0.000000 0.217945
1.403038 0.000000 0.299260
1.381447 0.000000 0.379577
1.355230 0.000000 0.458622
1.324457 0.000000 0.536126
1.289213 0.000000 0.611819
1.249600 0.000000 0.685439
1.205736 0.000000 0.756726
1.157756 0.000000 0.825431
1.105809 0.000000 0.891306
1.050060 0.000000 0.954118
0.990690 0.000000 1.013638
0.927891 0.000000 1.069651
0.861873 0.000000 1.121952
0.792856 0.000000 1.170349
0.721074 0.000000 1.214663
0.646770 0.000000 1.254730
0.570199 0.000000 1.290400
0.491627 0.000000 1.321539
0.411326 0.000000 1.348031
0.329576 0.000000 1.369775
0.246665 0.000000 1.386689
0.162882 0.000000 1.398708
0.078524 0.000000 1.405786
-0.006111 0.000000 1.407896
-0.090725 0.000000 1.405028
-0.175017 0.000000 1.397193
-0.258692 0.000000 1.384420
-0.341452 0.000000 1.366756
-0.423007 0.000000 1.344266
-0.503070 0.000000 1.317035
-0.581361 0.000000 1.285164
-0.657606 0.000000 1.248771
-0.731542 0.000000 1.207991
-0.802912 0.000000 1.162976
-0.871473 0.000000 1.113891
-0.936990 0.000000 1.060916
-0.999244 0.000000 1.004245
-1.058026 0.000000 0.944085
-1.113141 0.000000 0.880653
-1.164410 0.000000 0.814178
-1.211667 0.000000 0.744897
-1.254763 0.000000 0.673058
-1.293563 0.000000 0.598915
-1.327950 0.000000 0.522728
-1.357821 0.000000 0.444763
-1.383091 0.000000 0.365292
-1.403691 0.000000 0.284586
-1.419568 0.000000 0.202923
-1.430687 0.000000 0.120579
-1.437027 0.000000 0.037833
-1.438586 -0.000000 -0.045040
-1.435375 -0.000000 -0.127763
-1.427422 -0.000000 -0.210064
-1.414772 -0.000000 -0.291675
-1.397482 -0.000000 -0.372329
-1.375625 -0.000000 -0.451766
-1.349289 -0.000000 -0.529733
-1.318575 -0.000000 -0.605980
-1.283596 -0.000000 -0.680268
-1.244479 -0.000000 -0.752363
-1.201363 -0.000000 -0.822041
-1.154399 -0.000000 -0.889085
-1.103747 -0.000000 -0.953290
-1.049579 -0.000000 -1.014458
-0.992077 -0.000000 -1.072404
-0.931432 -0.000000 -1.126952
-0.867842 -0.000000 -1.177938
-0.801516 -0.000000 -1.225209
-0.732667 -0.000000 -1.268624
-0.661516 -0.000000 -1.308055
-0.588291 -0.000000 -1.343384
-0.513225 -0.000000 -1.374507
-0.436554 -0.000000 -1.401334
-0.358520 -0.000000 -1.423785
-0.279367 -0.000000 -1.441795
-0.199344 -0.000000 -1.455313
-0.118701 -0.000000 -1.464298
-0.037687 -0.000000 -1.468726
0.043443 -0.000000 -1.468584
0.124439 -0.000000 -1.463872
0.205047 -0.000000 -1.454606
0.285017 -0.000000 -1.440813
0.364099 -0.000000 -1.422534
0.442048 -0.000000 -1.399823
0.518618 -0.000000 -1.372748
0.593569 -0.000000 -1.341389
0.666666 -0.000000 -1.305838
0.737677 -0.000000 -1.266203
0.806377 -0.000000 -1.222600
0.872547 -0.000000 -1.175161
0.935973 -0.000000 -1.124028
0.996451 -0.000000 -1.069353
1.053783 -0.000000 -1.011304
1.107783 -0.000000 -0.950056
1.158269 -0.000000 -0.885795
1.205074 -0.000000 -0.818719
1.248039 -0.000000 -0.749034
1.287016 -0.000000 -0.676956
1.321869 -0.000000 -0.602709
1.352475 -0.000000 -0.526525
1.378721 -0.000000 -0.448645
1.400512 -0.000000 -0.369315
1.417761 -0.000000 -0.288787
1.430399 -0.000000 -0.207320
1.438370 -0.000000 -0.125177
1.441633 -0.000000 -0.042624
1.440162 0.000000 0.040069
1.433948 0.000000 0.122629
1.422994 0.000000 0.204784
1.407323 0.000000 0.286260
1.386971 0.000000 0.366784
1.361992 0.000000 0.446084
1.332455 0.000000 0.523890
1.298445 0.000000 0.599939
1.260064 0.000000 0.673967
1.217427 0.000000 0.745719
1.170669 0.000000 0.814946
1.119936 0.000000 0.881406
1.065391 0.000000 0.944866
1.007210 0.000000 1.005101
0.945583 0.000000 1.061897
0.880715 0.000000 1.115053
0.812820 0.000000 1.164377
0.742128 0.000000 1.209694
0.668876 0.000000 1.250838
0.593313 0.000000 1.287660
0.515698 0.000000 1.320028
0.436297 0.000000 1.347823
0.355382 0.000000 1.370943
0.273233 0.000000 1.389303
0.190135 0.000000 1.402836
0.106376 0.000000 1.411492
0.022247 0.000000 1.415238
-0.061959 0.000000 1.414060
-0.145950 0.000000 1.407962
-0.229433 0.000000 1.396965
-0.312118 0.000000 1.381110
-0.393717 0.000000 1.360452
-0.473949 0.000000 1.335068
-0.552536 0.000000 1.305049
-0.629206 0.000000 1.270504
-0.703697 0.000000 1.231557
-0.775753 0.000000 1.188349
-0.845129 0.000000 1.141036
-0.911590 0.000000 1.089787
-0.974912 0.000000 1.034785
-1.034883 0.000000 0.976227
-1.091305 0.000000 0.914320
-1.143991 0.000000 0.849283
-1.192771 0.000000 0.781346
-1.237486 0.000000 0.710746
-1.277995 0.000000 0.637730
-1.314171 0.000000 0.562552
-1.345902 0.000000 0.485471
-1.373093 0.000000 0.406753
-1.395665 0.000000 0.326665
-1.413555 0.000000 0.245482
-1.426715 0.000000 0.163478
-1.435116 0.000000 0.080928
-1.438741 -0.000000 -0.001892
-1.437593 -0.000000 -0.084705
-1.431689 -0.000000 -0.167238
-1.421062 -0.000000 -0.249220
-1.405759 -0.000000 -0.330382
-1.385844 -0.000000 -0.410460
-1.361394 -0.000000 -0.489195
-1.332501 -0.000000 -0.566333
-1.299270 -0.000000 -0.641628
-1.261821 -0.000000 -0.714840
-1.220285 -0.000000 -0.785737
-1.174806 -0.000000 -0.854095
-1.125540 -0.000000 -0.919700
-1.072653 -0.000000 -0.982346
-1.016323 -0.000000 -1.041840
-0.956737 -0.000000 -1.097996
-0.894093 -0.000000 -1.150641
-0.828594 -0.000000 -1.199614
-0.760455 -0.000000 -1.244765
-0.689897 -0.000000 -1.285955
-0.617147 -0.000000 -1.323060
-0.542439 -0.000000 -1.355967
-0.466011 -0.000000 -1.384577
-0.388108 -0.000000 -1.408802
-0.308978 -0.000000 -1.428571
-0.228870 -0.000000 -1.443825
-0.148040 -0.000000 -1.454517
-0.066742 -0.000000 -1.460615
0.014767 -0.000000 -1.462103
0.096229 -0.000000 -1.458975
0.177388 -0.000000 -1.451243
0.257986 -0.000000 -1.438929
0.337770 -0.000000 -1.422071
0.416487 -0.000000 -1.400721
0.493887 -0.000000 -1.374943
0.569725 -0.000000 -1.344816
0.643759 -0.000000 -1.310432
0.715754 -0.000000 -1.271895
0.785477 -0.000000 -1.229324
0.852707 -0.000000 -1.182849
0.917224 -0.000000 -1.132612
0.978820 -0.000000 -1.078767
1.037293 -0.000000 -1.021482
1.092453 -0.000000 -0.960932
1.144115 -0.000000 -0.897308
1.192109 -0.000000 -0.830805
1.236272 -0.000000 -0.761634
1.276455 -0.000000 -0.690010
1.312520 -0.000000 -0.616161
1.344341 -0.000000 -0.540319
1.371805 -0.000000 -0.462726
1.394814 -0.000000 -0.383631
1.413283 -0.000000 -0.303287
1.427139 -0.000000 -0.221953
1.436327 -0.000000 -0.139893
1.440806 -0.000000 -0.057375
1.440548 0.000000 0.025332
1.435544 0.000000 0.107955
1.425798 0.000000 0.190221
1.411331 0.000000 0.271858
1.392179 0.000000 0.352592
1.368395 0.000000 0.432153
1.340048 0.000000 0.510272
1.307221 0.000000 0.586686
1.270015 0.000000 0.661134
1.228544 0.000000 0.733361
1.182939 0.000000 0.803121
1.133345 0.000000 0.870173
1.079922 0.000000 0.934284
1.022843 0.000000 0.995233
0.962294 0.000000 1.052805
0.898477 0.000000 1.106801
0.831602 0.000000 1.157031
0.761893 0.000000 1.203317
0.689584 0.000000 1.245496
0.614918 0.000000 1.283419
0.538148 0.000000 1.316950
0.459535 0.000000 1.345972
0.379347 0.000000 1.370378
0.297857 0.000000 1.390084
0.215345 0.000000 1.405017
0.132093 0.000000 1.415124
0.048388 0.000000 1.420368
-0.035484 0.000000 1.420731
-0.119234 0.000000 1.416210
-0.202575 0.000000 1.406822
-0.285219 0.000000 1.392598
-0.366883 0.000000 1.373590
-0.447287 0.000000 1.349865
-0.526156 0.000000 1.321507
-0.603220 0.000000 1.288616
-0.678218 0.000000 1.251309
-0.750893 0.000000 1.209717
-0.821000 0.000000 1.163989
-0.888302 0.000000 1.114283
-0.952574 0.000000 1.060776
-1.013600 0.000000 1.003655
-1.071177 0.000000 0.943119
-1.125116 0.000000 0.879379
-1.175240 0.000000 0.812657
-1.221385 0.000000 0.743184
-1.263403 0.000000 0.671199
-1.301159 0.000000 0.596951
-1.334535 0.000000 0.520692
-1.363428 0.000000 0.442684
-1.387748 0.000000 0.363192
-1.407426 0.000000 0.282484
-1.422403 0.000000 0.200833
-1.432641 0.000000 0.118513
-1.438116 0.000000 0.035799
-1.438819 -0.000000 -0.047035
-1.434759 -0.000000 -0.129713
-1.425959 -0.000000 -0.211962
-1.412457 -0.000000 -0.293512
-1.394309 -0.000000 -0.374097
-1.371583 -0.000000 -0.453454
-1.344364 -0.000000 -0.531326
-1.312749 -0.000000 -0.607460
-1.276850 -0.000000 -0.681612
-1.236792 -0.000000 -0.753544
-1.192713 -0.000000 -0.823026
-1.144763 -0.000000 -0.889838
-1.093105 -0.000000 -0.953766
-1.037911 -0.000000 -1.014610
-0.979365 -0.000000 -1.072177
-0.917661 -0.000000 -1.126287
-0.853002 -0.000000 -1.176771
-0.785600 -0.000000 -1.223470
-0.715675 -0.000000 -1.266239
-0.643454 -0.000000 -1.304946
-0.569170 -0.000000 -1.339471
-0.493063 -0.000000 -1.369706
-0.415379 -0.000000 -1.395559
-0.336367 -0.000000 -1.416950
-0.256280 -0.000000 -1.433813
-0.175375 -0.000000 -1.446097
-0.093909 -0.000000 -1.453764
-0.012144 -0.000000 -1.456791
0.069660 -0.000000 -1.455169
0.151241 -0.000000 -1.448903
0.232340 -0.000000 -1.438013
0.312698 -0.000000 -1.422533
0.392057 -0.000000 -1.402511
0.470163 -0.000000 -1.378010
0.546767 -0.000000 -1.349104
0.621623 -0.000000 -1.315885
0.694489 -0.000000 -1.278455
0.765132 -0.000000 -1.236930
0.833322 -0.000000 -1.191441
0.898838 -0.000000 -1.142129
0.961466 -0.000000 -1.089148
1.021003 -0.000000 -1.032665
1.077252 -0.000000 -0.972857
1.130029 -0.000000 -0.909912
1.179156 -0.000000 -0.844030
1.224471 -0.000000 -0.775419
1.265820 -0.000000 -0.704296
1.303064 -0.000000 -0.630889
1.336074 -0.000000 -0.555433
1.364736 -0.000000 -0.478169
1.388949 -0.000000 -0.399346
1.408626 -0.000000 -0.319219
1.423695 -0.000000 -0.238048
1.434096 -0.000000 -0.156097
1.439789 -0.000000 -0.073633
1.440745 0.000000 0.009073
1.436952 0.000000 0.091749
1.428414 0.000000 0.174122
1.415150 0.000000 0.255919
1.397197 0.000000 0.336867
1.374603 0.000000 0.416697
1.347437 0.000000 0.495141
1.315781 0.000000 0.571934
1.279733 0.000000 0.646819
1.239405 0.000000 0.719540
1.194927 0.000000 0.789851
1.146439 0.000000 0.857512
1.094100 0.000000 0.922292
1.038079 0.000000 0.983969
0.978560 0.000000 1.042330
0.915739 0.000000 1.097174
0.849825 0.000000 1.148311
0.781036 0.000000 1.195564
0.709603 0.000000 1.238769
0.635764 0.000000 1.277775
0.559769 0.000000 1.312446
0.481873 0.000000 1.342661
0.402340 0.000000 1.368314
0.321439 0.000000 1.389314
0.239444 0.000000 1.405588
0.156635 0.000000 1.417079
0.073292 0.000000 1.423746
-0.010300 0.000000 1.425565
-0.093857 0.000000 1.422529
-0.177094 0.000000 1.414649
-0.259729 0.000000 1.401951
-0.341479 0.000000 1.384481
-0.422067 0.000000 1.362299
-0.501219 0.000000 1.335483
-0.578667 0.000000 1.304125
-0.654148 0.000000 1.268335
-0.727408 0.000000 1.228237
-0.798199 0.000000 1.183972
-0.866284 0.000000 1.135692
-0.931435 0.000000 1.083565
-0.993434 0.000000 1.027772
-1.052074 0.000000 0.968504
-1.107163 0.000000 0.905966
-1.158518 0.000000 0.840373
-1.205972 0.000000 0.771950
-1.249369 0.000000 0.700931
-1.288571 0.000000 0.627557
-1.323451 0.000000 0.552079
-1.353899 0.000000 0.474752
-1.379821 0.000000 0.395837
-1.401136 0.000000 0.315601
-1.417781 0.000000 0.234313
-1.429708 0.000000 0.152245
-1.436885 0.000000 0.069671
-1.439296 -0.000000 -0.013133
-1.436941 -0.000000 -0.095895
-1.429835 -0.000000 -0.178339
-1.418010 -0.000000 -0.260195
-1.401511 -0.000000 -0.341194
-1.380401 -0.000000 -0.421070
-1.354757 -0.000000 -0.499563
-1.324669 -0.000000 -0.576417
-1.290242 -0.000000 -0.651384
-1.251596 -0.000000 -0.724220
-1.208863 -0.000000 -0.794691
-1.162187 -0.000000 -0.862571
-1.111727 -0.000000 -0.927642
-1.057650 -0.000000 -0.989696
-1.000138 -0.000000 -1.048535
-0.939380 -0.000000 -1.103971
-0.875578 -0.000000 -1.155829
-0.808940 -0.000000 -1.203945
-0.739685 -0.000000 -1.248166
-0.668040 -0.000000 -1.288353
-0.594238 -0.000000 -1.324379
-0.518518 -0.000000 -1.356132
-0.441125 -0.000000 -1.383511
-0.362311 -0.000000 -1.406431
-0.282329 -0.000000 -1.424820
-0.201439 -0.000000 -1.438621
-0.119900 -0.000000 -1.447790
-0.037975 -0.000000 -1.452300
0.044073 -0.000000 -1.452136
0.125978 -0.000000 -1.447300
0.207478 -0.000000 -1.437806
0.288311 -0.000000 -1.423685
0.368215 -0.000000 -1.404981
0.446933 -0.000000 -1.381753
0.524213 -0.000000 -1.354075
0.599802 -0.000000 -1.322033
0.673459 -0.000000 -1.285730
0.744942 -0.000000 -1.245278
0.814021 -0.000000 -1.200807
0.880470 -0.000000 -1.152457
0.944072 -0.000000 -1.100380
1.004619 -0.000000 -1.044743
1.061913 -0.000000 -0.985722
1.115763 -0.000000 -0.923505
1.165992 -0.000000 -0.858290
1.212432 -0.000000 -0.790287
1.254928 -0.000000 -0.719713
1.293337 -0.000000 -0.646795
1.327528 -0.000000 -0.571768
1.357385 -0.000000 -0.494874
1.382803 -0.000000 -0.416362
1.403694 -0.000000 -0.336487
1.419984 -0.000000 -0.255508
1.431611 -0.000000 -0.173691
1.438532 -0.000000 -0.091303
1.440717 -0.000000 -0.008615
1.438152 0.000000 0.074102
1.430839 0.000000 0.156574
1.418794 0.000000 0.238528
1.402053 0.000000 0.319693
1.380662 0.000000 0.399797
1.354688 0.000000 0.478574
1.324209 0.000000 0.555760
1.289322 0.000000 0.631095
1.250137 0.000000 0.704327
1.206780 0.000000 0.775208
1.159390 0.000000 0.843498
1.108121 0.000000 0.908966
1.053140 0.000000 0.971390
0.994627 0.000000 1.030556
0.932777 0.000000 1.086262
0.867792 0.000000 1.138319
0.799888 0.000000 1.186548
0.729293 0.000000 1.230783
0.656241 0.000000 1.270872
0.580977 0.000000 1.306677
0.503753 0.000000 1.338075
0.424829 0.000000 1.364957
0.344470 0.000000 1.387229
0.262948 0.000000 1.404816
0.180538 0.000000 1.417655
0.097517 0.000000 1.425702
0.014166 0.000000 1.428929
-0.069232 0.000000 1.427325
-0.152397 0.000000 1.420895
-0.235046 0.000000 1.409660
-0.316900 0.000000 1.393660
-0.397684 0.000000 1.372950
-0.477123 0.000000 1.347599
-0.554951 0.000000 1.317697
-0.630905 0.000000 1.283346
-0.704730 0.000000 1.244664
-0.776178 0.000000 1.201784
-0.845010 0.000000 1.154852
-0.910996 0.000000 1.104031
-0.973915 0.000000 1.049493
-1.033559 0.000000 0.991426
-1.089729 0.000000 0.930028
-1.142242 0.000000 0.865507
-1.190923 0.000000 0.798083
-1.235615 0.000000 0.727986
-1.276171 0.000000 0.655451
-1.312460 0.000000 0.580725
-1.344366 0.000000 0.504060
-1.371788 0.000000 0.425714
-1.394639 0.000000 0.345949
-1.412849 0.000000 0.265032
-1.426363 0.000000 0.183235
-1.435142 0.000000 0.100829
-1.439163 0.000000 0.018089
-1.438418 -0.000000 -0.064711
-1.432916 -0.000000 -0.147297
-1.422681 -0.000000 -0.229396
-1.407752 -0.000000 -0.310739
-1.388184 -0.000000 -0.391058
-1.364047 -0.000000 -0.470090
-1.335426 -0.000000 -0.547576
-1.302421 -0.000000 -0.623265
-1.265144 -0.000000 -0.696910
-1.223722 -0.000000 -0.768271
-1.178295 -0.000000 -0.837119
-1.129016 -0.000000 -0.903229
-1.076050 -0.000000 -0.966390
-1.019572 -0.000000 -1.026397
-0.959771 -0.000000 -1.083059
-0.896844 -0.000000 -1.136192
-0.830998 -0.000000 -1.185628
-0.762449 -0.000000 -1.231208
-0.691422 -0.000000 -1.272787
-0.618150 -0.000000 -1.310233
-0.542871 -0.000000 -1.343425
-0.465831 -0.000000 -1.372259
-0.387281 -0.000000 -1.396643
-0.307475 -0.000000 -1.416499
-0.226672 -0.000000 -1.431766
-0.145136 -0.000000 -1.442394
-0.063129 -0.000000 -1.448351
0.019082 -0.000000 -1.449617
0.101232 -0.000000 -1.446188
0.183053 -0.000000 -1.438077
0.264282 -0.000000 -1.425308
0.344655 -0.000000 -1.407923
0.423911 -0.000000 -1.385977
0.501794 -0.000000 -1.359539
0.578050 -0.000000 -1.328695
0.652432 -0.000000 -1.293543
0.724697 -0.000000 -1.254194
0.794610 -0.000000 -1.210774
0.861942 -0.000000 -1.163423
0.926474 -0.000000 -1.112291
0.987993 -0.000000 -1.057542
1.046298 -0.000000 -0.999353
1.101195 -0.000000 -0.937909
1.152504 -0.000000 -0.873409
1.200053 -0.000000 -0.806060
1.243686 -0.000000 -0.736080
1.283254 -0.000000 -0.663695
1.318625 -0.000000 -0.589139
1.349680 -0.000000 -0.512654
1.376312 -0.000000 -0.434490
1.398429 -0.000000 -0.354900
1.415954 -0.000000 -0.274145
1.428824 -0.000000 -0.192489
1.436993 -0.000000 -0.110200
1.440427 -0.000000 -0.027547
1.439112 0.000000 0.055196
1.433045 0.000000 0.137757
1.422242 0.000000 0.219863
1.406733 0.000000 0.301241
1.386565 0.000000 0.381621
1.361800 0.000000 0.460736
1.332515 0.000000 0.538322
1.298802 0.000000 0.614119
1.260770 0.000000 0.687874
1.218541 0.000000 0.759338
1.172252 0.000000 0.828273
1.122053 0.000000 0.894445
1.068109 0.000000 0.957631
1.010596 0.000000 1.017618
0.949705 0.000000 1.074202
0.885635 0.000000 1.127193
0.818600 0.000000 1.176408
0.748823 0.000000 1.221682
0.676534 0.000000 1.262860
0.601977 0.000000 1.299802
0.525399 0.000000 1.332382
0.447057 0.000000 1.360487
0.367213 0.000000 1.384023
0.286135 0.000000 1.402908
0.204096 0.000000 1.417077
0.121370 0.000000 1.426483
0.038237 0.000000 1.431092
-0.045026 0.000000 1.430889
-0.128137 0.000000 1.425873
-0.210816 0.000000 1.416063
-0.292788 0.000000 1.401491
-0.373774 0.000000 1.382208
-0.453504 0.000000 1.358278
-0.531711 0.000000 1.329783
-0.608130 0.000000 1.296821
-0.682508 0.000000 1.259503
-0.754594 0.000000 1.217957
-0.824149 0.000000 1.172325
-0.890939 0.000000 1.122760
-0.954743 0.000000 1.069433
-1.015349 0.000000 1.012522
-1.072556 0.000000 0.952223
-1.126174 0.000000 0.888737
-1.176028 0.000000 0.822281
-1.221954 0.000000 0.753078
-1.263801 0.000000 0.681361
-1.301433 0.000000 0.607372
-1.334728 0.000000 0.531358
-1.363580 0.000000 0.453576
-1.387896 0.000000 0.374285
-1.407599 0.000000 0.293750
-1.422629 0.000000 0.212239
-1.432940 0.000000 0.130025
-1.438502 0.000000 0.047379
-1.439301 -0.000000 -0.035423
-1.435339 -0.000000 -0.118108
-1.426634 -0.000000 -0.200403
-1.413219 -0.000000 -0.282036
-1.395142 -0.000000 -0.362740
-1.372468 -0.000000 -0.442247
-1.345275 -0.000000 -0.520299
-1.313657 -0.000000 -0.596639
-1.277722 -0.000000 -0.671019
-1.237590 -0.000000 -0.743195
-1.193398 -0.000000 -0.812932
-1.145293 -0.000000 -0.880004
-1.093436 -0.000000 -0.944194
-1.038000 -0.000000 -1.005293
-0.979168 -0.000000 -1.063103
-0.917136 -0.000000 -1.117437
-0.852106 -0.000000 -1.168121
-0.784295 -0.000000 -1.214991
-0.713924 -0.000000 -1.257896
-0.641225 -0.000000 -1.296698
-0.566435 -0.000000 -1.331273
-0.489798 -0.000000 -1.361509
-0.411567 -0.000000 -1.387309
-0.331995 -0.000000 -1.408592
-0.251342 -0.000000 -1.425289
-0.169871 -0.000000 -1.437346
-0.087847 -0.000000 -1.444725
-0.005537 -0.000000 -1.447403
0.076791 -0.000000 -1.445371
0.158869 -0.000000 -1.438636
0.240430 -0.000000 -1.427219
0.321208 -0.000000 -1.411158
0.400941 -0.000000 -1.390504
0.479369 -0.000000 -1.365323
0.556236 -0.000000 -1.335697
0.631292 -0.000000 -1.301721
0.704291 -0.000000 -1.263503
0.774994 -0.000000 -1.221168
0.843170 -0.000000 -1.174851
0.908596 -0.000000 -1.124702
0.971057 -0.000000 -1.070882
1.030346 -0.000000 -1.013565
1.086270 -0.000000 -0.952937
1.138642 -0.000000 -0.889194
1.187290 -0.000000 -0.822541
1.232051 -0.000000 -0.753197
1.272776 -0.000000 -0.681385
1.309329 -0.000000 -0.607340
1.341588 -0.000000 -0.531303
1.369442 -0.000000 -0.453521
1.392797 -0.000000 -0.374250
1.411572 -0.000000 -0.293748
1.425702 -0.000000 -0.212279
1.435138 -0.000000 -0.130112
1.439843 -0.000000 -0.047515
1.439798 0.000000 0.035238
1.435000 0.000000 0.117875
1.425460 0.000000 0.200122
1.411206 0.000000 0.281707
1.392282 0.000000 0.362361
1.368747 0.000000 0.441813
1.340674 0.000000 0.519801
1.308153 0.000000 0.596065
1.271289 0.000000 0.670350
1.230202 0.000000 0.742407
1.185024 0.000000 0.811996
1.135903 0.000000 0.878883
1.083000 0.000000 0.942844
1.026490 0.000000 1.003664
0.966557 0.000000 1.061138
0.903400 0.000000 1.115072
0.837228 0.000000 1.165285
0.768260 0.000000 1.211606
0.696726 0.000000 1.253880
0.622863 0.000000 1.291963
0.546918 0.000000 1.325727
0.469144 0.000000 1.355056
0.389800 0.000000 1.379852
0.309151 0.000000 1.400029
0.227467 0.000000 1.415521
0.145022 0.000000 1.426273
0.062092 0.000000 1.432249
-0.021047 0.000000 1.433429
-0.104115 0.000000 1.429808
-0.186834 0.000000 1.421399
-0.268928 0.000000 1.408231
-0.350122 0.000000 1.390346
-0.430143 0.000000 1.367807
-0.508724 0.000000 1.340690
-0.585602 0.000000 1.309085
-0.660522 0.000000 1.273100
-0.733232 0.000000 1.232857
-0.803490 0.000000 1.188492
-0.871063 0.000000 1.140154
-0.935725 0.000000 1.088007
-0.997263 0.000000 1.032227
-1.055472 0.000000 0.973001
-1.110159 0.000000 0.910529
-1.161145 0.000000 0.845020
-1.208262 0.000000 0.776696
-1.251354 0.000000 0.705785
-1.290281 0.000000 0.632525
-1.324916 0.000000 0.557160
-1.355147 0.000000 0.479944
-1.380876 0.000000 0.401133
-1.402022 0.000000 0.320990
-1.418516 0.000000 0.239783
-1.430308 0.000000 0.157781
-1.437362 0.000000 0.075256
-1.439658 -0.000000 -0.007519
-1.437192 -0.000000 -0.090268
-1.429975 -0.000000 -0.172719
-1.418036 -0.000000 -0.254599
-1.401415 -0.000000 -0.335640
-1.380172 -0.000000 -0.415573
-1.354381 -0.000000 -0.494136
-1.324128 -0.000000 -0.571072
-1.289516 -0.000000 -0.646128
-1.250663 -0.000000 -0.719059
-1.207698 -0.000000 -0.789626
-1.160766 -0.000000 -0.857599
-1.110022 -0.000000 -0.922756
-1.055636 -0.000000 -0.984885
-0.997788 -0.000000 -1.043784
-0.936669 -0.000000 -1.099261
-0.872481 -0.000000 -1.151137
-0.805435 -0.000000 -1.199243
-0.735753 -0.000000 -1.243423
-0.663664 -0.000000 -1.283535
-0.589403 -0.000000 -1.319448
-0.513216 -0.000000 -1.351046
-0.435350 -0.000000 -1.378228
-0.356062 -0.000000 -1.400905
-0.275610 -0.000000 -1.419005
-0.194258 -0.000000 -1.432469
-0.112271 -0.000000 -1.441254
-0.029918 -0.000000 -1.445332
0.052534 -0.000000 -1.444689
0.134813 -0.000000 -1.439328
0.216652 -0.000000 -1.429266
0.297784 -0.000000 -1.414537
0.377943 -0.000000 -1.395187
0.456868 -0.000000 -1.371279
0.534299 -0.000000 -1.342890
0.609985 -0.000000 -1.310113
0.683676 -0.000000 -1.273054
0.755132 -0.000000 -1.231832
0.824119 -0.000000 -1.186582
0.890409 -0.000000 -1.137449
0.953785 -0.000000 -1.084594
1.014038 -0.000000 -1.028187
1.070970 -0.000000 -0.968412
1.124391 -0.000000 -0.905464
1.174127 -0.000000 -0.839548
1.220011 -0.000000 -0.770877
1.261891 -0.000000 -0.699676
1.299627 -0.000000 -0.626178
1.333093 -0.000000 -0.550623
1.362176 -0.000000 -0.473257
1.386779 -0.000000 -0.394335
1.406818 -0.000000 -0.314115
1.422223 -0.000000 -0.232860
1.432942 -0.000000 -0.150838
1.438935 -0.000000 -0.068319
1.440181 0.000000 0.014426
1.436672 0.000000 0.097123
1.428416 0.000000 0.179499
1.415439 0.000000 0.261281
1.397779 0.000000 0.342200
1.375493 0.000000 0.421986
1.348652 0.000000 0.500374
1.317341 0.000000 0.577104
1.281662 0.000000 0.651920
1.241731 0.000000 0.724573
1.197678 0.000000 0.794822
1.149647 0.000000 0.862430
1.097796 0.000000 0.927172
1.042295 0.000000 0.988832
0.983327 0.000000 1.047203
0.921086 0.000000 1.102088
0.855779 0.000000 1.153305
0.787622 0.000000 1.200680
0.716841 0.000000 1.244055
0.643671 0.000000 1.283284
0.568354 0.000000 1.318234
0.491143 0.000000 1.348788
0.412293 0.000000 1.374843
0.332067 0.000000 1.396311
0.250734 0.000000 1.413120
0.168563 0.000000 1.425212
0.085830 0.000000 1.432547
0.002810 0.000000 1.435100
-0.080219 0.000000 1.432862
-0.162980 0.000000 1.425841
-0.245197 0.000000 1.414060
-0.326595 0.000000 1.397559
-0.406904 0.000000 1.376393
-0.485855 0.000000 1.350634
-0.563184 0.000000 1.320368
-0.638635 0.000000 1.285697
-0.711955 0.000000 1.246737
-0.782901 0.000000 1.203620
-0.851238 0.000000 1.156491
-0.916737 0.000000 1.105507
-0.979182 0.000000 1.050841
-1.038367 0.000000 0.992674
-1.094094 0.000000 0.931203
-1.146181 0.000000 0.866634
-1.194455 0.000000 0.799181
-1.238758 0.000000 0.729071
-1.278944 0.000000 0.656539
-1.314882 0.000000 0.581825
-1.346455 0.000000 0.505180
-1.373559 0.000000 0.426859
-1.396108 0.000000 0.347121
-1.414029 0.000000 0.266233
-1.427266 0.000000 0.184463
-1.435776 0.000000 0.102083
-1.439535 0.000000 0.019364
-1.438532 -0.000000 -0.063419
-1.432774 -0.000000 -0.145992
-1.422281 -0.000000 -0.228083
-1.407093 -0.000000 -0.309420
-1.387260 -0.000000 -0.389737
-1.362851 -0.000000 -0.468768
-1.333949 -0.000000 -0.546253
-1.300652 -0.000000 -0.621939
-1.263070 -0.000000 -0.695576
-1.221331 -0.000000 -0.766923
-1.175573 -0.000000 -0.835747
-1.125949 -0.000000 -0.901822
-1.072623 -0.000000 -0.964933
-1.015773 -0.000000 -1.024873
-0.955586 -0.000000 -1.081446
-0.892262 -0.000000 -1.134469
-0.826009 -0.000000 -1.183768
-0.757045 -0.000000 -1.229183
-0.685599 -0.000000 -1.270566
-0.611904 -0.000000 -1.307782
-0.536203 -0.000000 -1.340711
-0.458744 -0.000000 -1.369246
-0.379782 -0.000000 -1.393294
-0.299576 -0.000000 -1.412776
-0.218389 -0.000000 -1.427631
-0.136486 -0.000000 -1.437809
-0.054136 -0.000000 -1.443278
0.028391 -0.000000 -1.444020
0.110825 -0.000000 -1.440033
0.192897 -0.000000 -1.431329
0.274336 -0.000000 -1.417938
0.354877 -0.000000 -1.399903
0.434256 -0.000000 -1.377282
0.512212 -0.000000 -1.350150
0.588489 -0.000000 -1.318593
0.662838 -0.000000 -1.282716
0.735015 -0.000000 -1.242634
0.804782 -0.000000 -1.198478
0.871910 -0.000000 -1.150393
0.936178 -0.000000 -1.098533
0.997374 -0.000000 -1.043070
1.055297 -0.000000 -0.984183
1.109754 -0.000000 -0.922065
1.160567 -0.000000 -0.856918
1.207567 -0.000000 -0.788956
1.250598 -0.000000 -0.718401
1.289516 -0.000000 -0.645483
1.324192 -0.000000 -0.570442
1.354511 -0.000000 -0.493524
1.380369 -0.000000 -0.414980
1.401680 -0.000000 -0.335070
1.418373 -0.000000 -0.254055
1.430388 -0.000000 -0.172203
1.437685 -0.000000 -0.089783
1.440238 -0.000000 -0.007067
1.438035 0.000000 0.075673
1.431081 0.000000 0.158163
1.419398 0.000000 0.240130
1.403021 0.000000 0.321303
1.382003 0.000000 0.401413
1.356411 0.000000 0.480194
1.326328 0.000000 0.557385
1.291851 0.000000 0.632730
1.253092 0.000000 0.705978
1.210179 0.000000 0.776885
1.163251 0.000000 0.845216
1.112464 0.000000 0.910741
1.057984 0.000000 0.973244
0.999990 0.000000 1.032514
0.938675 0.000000 1.088354
0.874240 0.000000 1.140578
0.806900 0.000000 1.189011
0.736876 0.000000 1.233490
0.664402 0.000000 1.273866
0.589717 0.000000 1.310005
0.513071 0.000000 1.341785
0.434716 0.000000 1.369099
0.354915 0.000000 1.391856
0.273932 0.000000 1.409980
0.192037 0.000000 1.423409
0.109503 0.000000 1.432098
0.026604 0.000000 1.436018
-0.056384 0.000000 1.435156
-0.139183 0.000000 1.429515
-0.221520 0.000000 1.419113
-0.303118 0.000000 1.403985
-0.383708 0.000000 1.384182
-0.463019 0.000000 1.359770
-0.540790 0.000000 1.330832
-0.616760 0.000000 1.297463
-0.690677 0.000000 1.259776
-0.762296 0.000000 1.217897
-0.831379 0.000000 1.171966
-0.897697 0.000000 1.122137
-0.961029 0.000000 1.068576
-1.021167 0.000000 1.011463
-1.077910 0.000000 0.950989
-1.131073 0.000000 0.887354
-1.180478 0.000000 0.820772
-1.225964 0.000000 0.751466
-1.267381 0.000000 0.679664
-1.304593 0.000000 0.605608
-1.337477 0.000000 0.529543
-1.365928 0.000000 0.451722
-1.389851 0.000000 0.372405
-1.409170 0.000000 0.291853
-1.423823 0.000000 0.210335
-1.433763 0.000000 0.128121
-1.438959 0.000000 0.045483
-1.439396 -0.000000 -0.037306
-1.435074 -0.000000 -0.119971
-1.426010 -0.000000 -0.202240
-1.412236 -0.000000 -0.283841
-1.393799 -0.000000 -0.364504
-1.370762 -0.000000 -0.443965
-1.343202 -0.000000 -0.521961
-1.311213 -0.000000 -0.598236
-1.274901 -0.000000 -0.672538
-1.234388 -0.000000 -0.744624
-1.189809 -0.000000 -0.814258
-1.141312 -0.000000 -0.881210
-1.089058 -0.000000 -0.945262
-1.033220 -0.000000 -1.006203
-0.973984 -0.000000 -1.063834
-0.911544 -0.000000 -1.117966
-0.846107 -0.000000 -1.168422
-0.777889 -0.000000 -1.215039
-0.707115 -0.000000 -1.257662
-0.634017 -0.000000 -1.296153
-0.558837 -0.000000 -1.330387
-0.481822 -0.000000 -1.360251
-0.403224 -0.000000 -1.385649
-0.323303 -0.000000 -1.406498
-0.242320 -0.000000 -1.422729
-0.160542 -0.000000 -1.434290
-0.078237 -0.000000 -1.441144
0.004325 -0.000000 -1.443267
0.086873 -0.000000 -1.440654
0.169136 -0.000000 -1.433313
0.250843 -0.000000 -1.421267
0.331727 -0.000000 -1.404557
0.411523 -0.000000 -1.383236
0.489967 -0.000000 -1.357375
0.566803 -0.000000 -1.327057
0.641778 -0.000000 -1.292382
0.714645 -0.000000 -1.253464
0.785165 -0.000000 -1.210428
0.853106 -0.000000 -1.163416
0.918244 -0.000000 -1.112581
0.980364 -0.000000 -1.058090
1.039261 -0.000000 -1.000121
1.094742 -0.000000 -0.938864
1.146622 -0.000000 -0.874519
1.194729 -0.000000 -0.807296
1.238905 -0.000000 -0.737417
1.279003 -0.000000 -0.665111
1.314889 -0.000000 -0.590615
1.346444 -0.000000 -0.514173
1.373563 -0.000000 -0.436037
1.396154 -0.000000 -0.356463
1.414141 -0.000000 -0.275715
1.427464 -0.000000 -0.194057
1.436076 -0.000000 -0.111758
1.439949 -0.000000 -0.029091
1.439066 0.000000 0.053672
1.433429 0.000000 0.136258
1.423056 0.000000 0.218394
1.407979 0.000000 0.299808
1.388245 0.000000 0.380230
1.363919 0.000000 0.459395
1.335079 0.000000 0.537039
1.301820 0.000000 0.612905
1.264249 0.000000 0.686742
1.222491 0.000000 0.758304
1.176682 0.000000 0.827353
1.126972 0.000000 0.893659
1.073526 0.000000 0.957002
1.016519 0.000000 1.017172
0.956140 0.000000 1.073967
0.892588 0.000000 1.127198
0.826073 0.000000 1.176687
0.756816 0.000000 1.222271
0.685046 0.000000 1.263795
0.611001 0.000000 1.301122
0.534926 0.000000 1.334128
0.457074 0.000000 1.362700
0.377703 0.000000 1.386745
0.297077 0.000000 1.406182
0.215464 0.000000 1.420945
0.133135 0.000000 1.430985
0.050363 0.000000 1.436269
-0.032577 0.000000 1.436779
-0.115408 0.000000 1.432512
-0.197855 0.000000 1.423484
-0.279645 0.000000 1.409724
-0.360505 0.000000 1.391279
-0.440167 0.000000 1.368209
-0.518366 0.000000 1.340592
-0.594843 0.000000 1.308521
-0.669343 0.000000 1.272101
-0.741620 0.000000 1.231455
-0.811433 0.000000 1.186719
-0.878551 0.000000 1.138041
-0.942751 0.000000 1.085584
-1.003822 0.000000 1.029524
-1.061561 0.000000 0.970046
-1.115778 0.000000 0.907349
-1.166292 0.000000 0.841641
-1.212938 0.000000 0.773142
-1.255562 0.000000 0.702080
-1.294024 0.000000 0.628690
-1.328198 0.000000 0.553216
-1.357970 0.000000 0.475910
-1.383246 0.000000 0.397027
-1.403941 0.000000 0.316830
-1.419988 0.000000 0.235583
-1.431337 0.000000 0.153558
-1.437951 0.000000 0.071024
-1.439810 -0.000000 -0.011745
-1.436909 -0.000000 -0.094474
-1.429259 -0.000000 -0.176892
-1.416887 -0.000000 -0.258725
-1.399836 -0.000000 -0.339704
-1.378163 -0.000000 -0.419561
-1.351940 -0.000000 -0.498033
-1.321257 -0.000000 -0.574862
-1.286216 -0.000000 -0.649795
-1.246932 -0.000000 -0.722584
-1.203538 -0.000000 -0.792992
-1.156177 -0.000000 -0.860786
-1.105006 -0.000000 -0.925744
-1.050196 -0.000000 -0.987652
-0.991926 -0.000000 -1.046307
-0.930390 -0.000000 -1.101517
-0.865792 -0.000000 -1.153101
-0.798344 -0.000000 -1.200890
-0.728269 -0.000000 -1.244727
-0.655797 -0.000000 -1.284468
-0.581169 -0.000000 -1.319985
-0.504629 -0.000000 -1.351159
-0.426429 -0.000000 -1.377891
-0.346827 -0.000000 -1.400091
-0.266085 -0.000000 -1.417688
-0.184468 -0.000000 -1.430624
-0.102244 -0.000000 -1.438856
-0.019685 -0.000000 -1.442359
0.062940 -0.000000 -1.441119
0.145357 -0.000000 -1.435143
0.227297 -0.000000 -1.424449
0.308489 -0.000000 -1.409072
0.388668 -0.000000 -1.389062
0.467568 -0.000000 -1.364486
0.544931 -0.000000 -1.335423
0.620502 -0.000000 -1.301969
0.694033 -0.000000 -1.264234
0.765281 -0.000000 -1.222340
0.834011 -0.000000 -1.176425
0.899998 -0.000000 -1.126640
0.963023 -0.000000 -1.073148
1.022879 -0.000000 -1.016124
1.079367 -0.000000 -0.955755
1.132302 -0.000000 -0.892240
1.181509 -0.000000 -0.825786
1.226823 -0.000000 -0.756612
1.268096 -0.000000 -0.684946
1.305190 -0.000000 -0.611022
1.337982 -0.000000 -0.535085
1.366362 -0.000000 -0.457383
1.390236 -0.000000 -0.378173
1.409524 -0.000000 -0.297715
1.424161 -0.000000 -0.216275
1.434098 -0.000000 -0.134121
1.439300 -0.000000 -0.051525
1.439749 0.000000 0.031242
1.435442 0.000000 0.113906
1.426391 0.000000 0.196193
1.412627 0.000000 0.277831
1.394192 0.000000 0.358551
1.371146 0.000000 0.438086
1.343565 0.000000 0.516171
1.311538 0.000000 0.592548
1.275171 0.000000 0.666965
1.234582 0.000000 0.739173
1.189906 0.000000 0.808934
1.141288 0.000000 0.876015
1.088889 0.000000 0.940194
1.032883 0.000000 1.001258
0.973453 0.000000 1.059004
0.910796 0.000000 1.113239
0.845120 0.000000 1.163784
0.776641 0.000000 1.210469
0.705586 0.000000 1.253139
0.632191 0.000000 1.291653
0.556699 0.000000 1.325881
0.479359 0.000000 1.355711
0.400429 0.000000 1.381041
0.320170 0.000000 1.401789
0.238848 0.000000 1.417884
0.156734 0.000000 1.429273
0.074099 0.000000 1.435918
-0.008781 0.000000 1.437797
-0.091633 0.000000 1.434903
-0.174180 0.000000 1.427246
-0.256149 0.000000 1.414852
-0.337268 0.000000 1.397761
-0.417267 0.000000 1.376031
-0.495882 0.000000 1.349734
-0.572851 0.000000 1.318958
-0.647918 0.000000 1.283804
-0.720836 0.000000 1.244391
-0.791363 0.000000 1.200849
-0.859264 0.000000 1.153324
-0.924315 0.000000 1.101973
-0.986301 0.000000 1.046967
-1.045017 0.000000 0.988490
-1.100267 0.000000 0.926736
-1.151871 0.000000 0.861910
-1.199657 0.000000 0.794228
-1.243469 0.000000 0.723914
-1.283161 0.000000 0.651201
-1.318603 0.000000 0.576332
-1.349679 0.000000 0.499555
