0.000000 106.796962 302.067425 0.000000
0.250000 106.796962 302.067425 0.014708
0.500000 106.796962 302.067425 0.029412
0.750000 106.796962 302.067425 0.044110
1.000000 106.796962 302.067425 0.058799
1.250000 106.796962 302.067425 0.073475
1.500000 106.796962 302.067425 0.088135
1.750000 106.796962 302.067425 0.102776
2.000000 106.796962 302.067425 0.117395
2.250000 106.796962 302.067425 0.131988
2.500000 106.796962 302.067425 0.146553
2.750000 106.796962 302.067425 0.161086
3.000000 106.796962 302.067425 0.175584
3.250000 106.796962 302.067425 0.190044
3.500000 106.796962 302.067425 0.204463
3.750000 106.796962 302.067425 0.218838
4.000000 106.796962 302.067425 0.233166
4.250000 106.796962 302.067425 0.247443
4.500000 106.796962 302.067425 0.261667
4.750000 106.796962 302.067425 0.275833
5.000000 106.796962 302.067425 0.289941
5.250000 106.796962 302.067425 0.303985
5.500000 106.796962 302.067425 0.317964
5.750000 106.796962 302.067425 0.331874
6.000000 106.796962 302.067425 0.345712
6.250000 106.796962 302.067425 0.359476
6.500000 106.796962 302.067425 0.373162
6.750000 106.796962 302.067425 0.386767
7.000000 106.796962 302.067425 0.400288
7.250000 106.796962 302.067425 0.413723
7.500000 106.796962 302.067425 0.427068
7.750000 106.796962 302.067425 0.440321
8.000000 106.796962 302.067425 0.453478
8.250000 106.796962 302.067425 0.466538
8.500000 106.796962 302.067425 0.479496
8.750000 106.796962 302.067425 0.492351
9.000000 106.796962 302.067425 0.505099
9.250000 106.796962 302.067425 0.517738
9.500000 106.796962 302.067425 0.530265
9.750000 106.796962 302.067425 0.542678
10.000000 106.796962 302.067425 0.554973
10.250000 106.796962 302.067425 0.567147
10.500000 106.796962 302.067425 0.579200
10.750000 106.796962 302.067425 0.591126
11.000000 106.796962 302.067425 0.602925
11.250000 106.796962 302.067425 0.614594
11.500000 106.796962 302.067425 0.626130
11.750000 106.796962 302.067425 0.637530
12.000000 106.796962 302.067425 0.648792
12.250000 106.796962 302.067425 0.659914
12.500000 106.796962 302.067425 0.670893
12.750000 106.796962 302.067425 0.681727
13.000000 106.796962 302.067425 0.692414
13.250000 106.796962 302.067425 0.702950
13.500000 106.796962 302.067425 0.713335
13.750000 106.796962 302.067425 0.723565
14.000000 106.796962 302.067425 0.733639
14.250000 106.796962 302.067425 0.743554
14.500000 106.796962 302.067425 0.753309
14.750000 106.796962 302.067425 0.762900
15.000000 106.796962 302.067425 0.772326
15.250000 106.796962 302.067425 0.781585
15.500000 106.796962 302.067425 0.790675
15.750000 106.796962 302.067425 0.799595
16.000000 106.796962 302.067425 0.808341
16.250000 106.796962 302.067425 0.816912
16.500000 106.796962 302.067425 0.825306
16.750000 106.796962 302.067425 0.833522
17.000000 106.796962 302.067425 0.841558
17.250000 106.796962 302.067425 0.849412
17.500000 106.796962 302.067425 0.857081
17.750000 106.796962 302.067425 0.864566
18.000000 106.796962 302.067425 0.871863
18.250000 106.796962 302.067425 0.878972
18.500000 106.796962 302.067425 0.885891
18.750000 106.796962 302.067425 0.892618
19.000000 106.796962 302.067425 0.899152
19.250000 106.796962 302.067425 0.905491
19.500000 106.796962 302.067425 0.911634
19.750000 106.796962 302.067425 0.917581
20.000000 106.796962 302.067425 0.923329
20.250000 106.796962 302.067425 0.928877
20.500000 106.796962 302.067425 0.934224
20.750000 106.796962 302.067425 0.939369
21.000000 106.796962 302.067425 0.944311
21.250000 106.796962 302.067425 0.949048
21.500000 106.796962 302.067425 0.953580
21.750000 106.796962 302.067425 0.957906
22.000000 106.796962 302.067425 0.962025
22.250000 106.796962 302.067425 0.965935
22.500000 106.796962 302.067425 0.969637
22.750000 106.796962 302.067425 0.973129
23.000000 106.796962 302.067425 0.976410
23.250000 106.796962 302.067425 0.979480
23.500000 106.796962 302.067425 0.982339
23.750000 106.796962 302.067425 0.984984
24.000000 106.796962 302.067425 0.987417
24.250000 106.796962 302.067425 0.989636
24.500000 106.796962 302.067425 0.991641
24.750000 106.796962 302.067425 0.993431
25.000000 106.796962 302.067425 0.995007
25.250000 106.796962 302.067425 0.996367
25.500000 106.796962 302.067425 0.997512
25.750000 106.796962 302.067425 0.998441
26.000000 106.796962 302.067425 0.999154
26.250000 106.796962 302.067425 0.999651
26.500000 106.796962 302.067425 0.999931
26.750000 106.796962 302.067425 0.999996
27.000000 106.796962 302.067425 0.999843
27.250000 106.796962 302.067425 0.999475
27.500000 106.796962 302.067425 0.998890
27.750000 106.796962 302.067425 0.998090
28.000000 106.796962 302.067425 0.997073
28.250000 106.796962 302.067425 0.995841
28.500000 106.796962 302.067425 0.994393
28.750000 106.796962 302.067425 0.992730
29.000000 106.796962 302.067425 0.990853
29.250000 106.796962 302.067425 0.988761
29.500000 106.796962 302.067425 0.986455
29.750000 106.796962 302.067425 0.983936
30.000000 106.796962 302.067425 0.981204
30.250000 106.796962 302.067425 0.978259
30.500000 106.796962 302.067425 0.975103
30.750000 106.796962 302.067425 0.971736
31.000000 106.796962 302.067425 0.968159
31.250000 106.796962 302.067425 0.964373
31.500000 106.796962 302.067425 0.960377
31.750000 106.796962 302.067425 0.956174
32.000000 106.796962 302.067425 0.951765
32.250000 106.796962 302.067425 0.947149
32.500000 106.796962 302.067425 0.942328
32.750000 106.796962 302.067425 0.937304
33.000000 106.796962 302.067425 0.932077
33.250000 106.796962 302.067425 0.926648
33.500000 106.796962 302.067425 0.921019
33.750000 106.796962 302.067425 0.915190
34.000000 106.796962 302.067425 0.909163
34.250000 106.796962 302.067425 0.902940
34.500000 106.796962 302.067425 0.896522
34.750000 106.796962 302.067425 0.889909
35.000000 106.796962 302.067425 0.883104
35.250000 106.796962 302.067425 0.876108
35.500000 106.796962 302.067425 0.868923
35.750000 106.796962 302.067425 0.861549
36.000000 106.796962 302.067425 0.853989
36.250000 106.796962 302.067425 0.846244
36.500000 106.796962 302.067425 0.838317
36.750000 106.796962 302.067425 0.830208
37.000000 106.796962 302.067425 0.821919
37.250000 106.796962 302.067425 0.813452
37.500000 106.796962 302.067425 0.804810
37.750000 106.796962 302.067425 0.795993
38.000000 106.796962 302.067425 0.787005
38.250000 106.796962 302.067425 0.777846
38.500000 106.796962 302.067425 0.768518
38.750000 106.796962 302.067425 0.759025
39.000000 106.796962 302.067425 0.749367
39.250000 106.796962 302.067425 0.739547
39.500000 106.796962 302.067425 0.729567
39.750000 106.796962 302.067425 0.719430
40.000000 106.796962 302.067425 0.709137
40.250000 106.796962 302.067425 0.698690
40.500000 106.796962 302.067425 0.688092
40.750000 106.796962 302.067425 0.677345
41.000000 106.796962 302.067425 0.666452
41.250000 106.796962 302.067425 0.655415
41.500000 106.796962 302.067425 0.644236
41.750000 106.796962 302.067425 0.632917
42.000000 106.796962 302.067425 0.621461
42.250000 106.796962 302.067425 0.609872
42.500000 106.796962 302.067425 0.598150
42.750000 106.796962 302.067425 0.586299
43.000000 106.796962 302.067425 0.574320
43.250000 106.796962 302.067425 0.562218
43.500000 106.796962 302.067425 0.549994
43.750000 106.796962 302.067425 0.537651
44.000000 106.796962 302.067425 0.525192
44.250000 106.796962 302.067425 0.512619
44.500000 106.796962 302.067425 0.499936
44.750000 106.796962 302.067425 0.487144
45.000000 106.796962 302.067425 0.474246
45.250000 106.796962 302.067425 0.461247
45.500000 106.796962 302.067425 0.448147
45.750000 106.796962 302.067425 0.434950
46.000000 106.796962 302.067425 0.421660
46.250000 106.796962 302.067425 0.408278
46.500000 106.796962 302.067425 0.394807
46.750000 106.796962 302.067425 0.381252
47.000000 106.796962 302.067425 0.367614
47.250000 106.796962 302.067425 0.353896
47.500000 106.796962 302.067425 0.340102
47.750000 106.796962 302.067425 0.326234
48.000000 106.796962 302.067425 0.312296
48.250000 106.796962 302.067425 0.298290
48.500000 106.796962 302.067425 0.284220
48.750000 106.796962 302.067425 0.270088
49.000000 106.796962 302.067425 0.255897
49.250000 106.796962 302.067425 0.241652
49.500000 106.796962 302.067425 0.227354
49.750000 106.796962 302.067425 0.213007
50.000000 106.796962 302.067425 0.198613
50.250000 106.796962 302.067425 0.184177
50.500000 106.796962 302.067425 0.169701
50.750000 106.796962 302.067425 0.155188
51.000000 106.796962 302.067425 0.140642
51.250000 106.796962 302.067425 0.126065
51.500000 106.796962 302.067425 0.111461
51.750000 106.796962 302.067425 0.096833
52.000000 106.796962 302.067425 0.082184
52.250000 106.796962 302.067425 0.067517
52.500000 106.796962 302.067425 0.052836
52.750000 106.796962 302.067425 0.038143
53.000000 106.796962 302.067425 0.023442
53.250000 106.796962 302.067425 0.008735
53.500000 106.796962 302.067425 -0.005973
53.750000 106.796962 302.067425 -0.020679
54.000000 106.796962 302.067425 -0.035382
54.250000 106.796962 302.067425 -0.050076
54.500000 106.796962 302.067425 -0.064760
54.750000 106.796962 302.067425 -0.079430
55.000000 106.796962 302.067425 -0.094083
55.250000 106.796962 302.067425 -0.108715
55.500000 106.796962 302.067425 -0.123324
55.750000 106.796962 302.067425 -0.137906
56.000000 106.796962 302.067425 -0.152458
56.250000 106.796962 302.067425 -0.166978
56.500000 106.796962 302.067425 -0.181461
56.750000 106.796962 302.067425 -0.195905
57.000000 106.796962 302.067425 -0.210306
57.250000 106.796962 302.067425 -0.224662
57.500000 106.796962 302.067425 -0.238970
57.750000 106.796962 302.067425 -0.253225
58.000000 106.796962 302.067425 -0.267426
58.250000 106.796962 302.067425 -0.281570
58.500000 106.796962 302.067425 -0.295652
58.750000 106.796962 302.067425 -0.309670
59.000000 106.796962 302.067425 -0.323621
59.250000 106.796962 302.067425 -0.337502
59.500000 106.796962 302.067425 -0.351311
59.750000 106.796962 302.067425 -0.365043
60.000000 106.796962 302.067425 -0.378696
