6.61078 0.00000 0.00000 6.61078
6.61006 0.09723 0.00000 6.61078
6.60792 0.19444 0.00000 6.61078
6.60435 0.29160 0.00000 6.61078
6.59934 0.38871 0.00000 6.61078
6.59291 0.48573 0.00000 6.61078
6.58505 0.58264 0.00000 6.61078
6.57577 0.67943 0.00000 6.61078
6.56507 0.77607 0.00000 6.61078
6.55294 0.87254 0.00000 6.61078
6.53940 0.96883 0.00000 6.61078
6.52445 1.06490 0.00000 6.61078
6.50808 1.16075 0.00000 6.61078
6.49030 1.25634 0.00000 6.61078
6.47112 1.35166 0.00000 6.61078
6.45054 1.44669 0.00000 6.61078
6.42857 1.54141 0.00000 6.61078
6.40520 1.63579 0.00000 6.61078
6.38045 1.72982 0.00000 6.61078
6.35432 1.82347 0.00000 6.61078
6.32681 1.91673 0.00000 6.61078
6.29794 2.00958 0.00000 6.61078
6.26770 2.10199 0.00000 6.61078
6.23610 2.19395 0.00000 6.61078
6.20316 2.28543 0.00000 6.61078
6.16888 2.37642 0.00000 6.61078
6.13326 2.46689 0.00000 6.61078
6.09631 2.55683 0.00000 6.61078
6.05805 2.64622 0.00000 6.61078
6.01847 2.73503 0.00000 6.61078
5.97760 2.82325 0.00000 6.61078
5.93543 2.91086 0.00000 6.61078
5.89197 2.99784 0.00000 6.61078
5.84724 3.08418 0.00000 6.61078
5.80125 3.16984 0.00000 6.61078
5.75400 3.25482 0.00000 6.61078
5.70551 3.33910 0.00000 6.61078
5.65578 3.42265 0.00000 6.61078
5.60483 3.50547 0.00000 6.61078
5.55267 3.58752 0.00000 6.61078
5.49930 3.66880 0.00000 6.61078
5.44475 3.74929 0.00000 6.61078
5.38901 3.82896 0.00000 6.61078
5.33212 3.90781 0.00000 6.61078
5.27406 3.98581 0.00000 6.61078
5.21487 4.06295 0.00000 6.61078
5.15455 4.13921 0.00000 6.61078
5.09311 4.21457 0.00000 6.61078
5.03058 4.28902 0.00000 6.61078
4.96695 4.36255 0.00000 6.61078
4.90225 4.43513 0.00000 6.61078
4.83649 4.50675 0.00000 6.61078
4.76968 4.57739 0.00000 6.61078
4.70184 4.64705 0.00000 6.61078
4.63299 4.71570 0.00000 6.61078
4.56313 4.78333 0.00000 6.61078
4.49228 4.84993 0.00000 6.61078
4.42047 4.91547 0.00000 6.61078
4.34769 4.97996 0.00000 6.61078
4.27398 5.04336 0.00000 6.61078
4.19934 5.10568 0.00000 6.61078
4.12379 5.16689 0.00000 6.61078
4.04735 5.22698 0.00000 6.61078
3.97004 5.28594 0.00000 6.61078
3.89187 5.34376 0.00000 6.61078
3.81285 5.40042 0.00000 6.61078
3.73301 5.45592 0.00000 6.61078
3.65236 5.51023 0.00000 6.61078
3.57092 5.56335 0.00000 6.61078
3.48871 5.61527 0.00000 6.61078
3.40575 5.66598 0.00000 6.61078
3.32205 5.71545 0.00000 6.61078
3.23763 5.76370 0.00000 6.61078
3.15250 5.81069 0.00000 6.61078
3.06670 5.85643 0.00000 6.61078
2.98024 5.90090 0.00000 6.61078
2.89312 5.94409 0.00000 6.61078
2.80539 5.98600 0.00000 6.61078
2.71704 6.02661 0.00000 6.61078
2.62811 6.06592 0.00000 6.61078
2.53861 6.10392 0.00000 6.61078
2.44856 6.14060 0.00000 6.61078
2.35798 6.17595 0.00000 6.61078
2.26689 6.20996 0.00000 6.61078
2.17531 6.24263 0.00000 6.61078
2.08326 6.27395 0.00000 6.61078
1.99076 6.30391 0.00000 6.61078
1.89783 6.33251 0.00000 6.61078
1.80449 6.35973 0.00000 6.61078
1.71076 6.38559 0.00000 6.61078
1.61666 6.41006 0.00000 6.61078
1.52220 6.43314 0.00000 6.61078
1.42742 6.45483 0.00000 6.61078
1.33233 6.47513 0.00000 6.61078
1.23695 6.49402 0.00000 6.61078
1.14131 6.51151 0.00000 6.61078
1.04541 6.52760 0.00000 6.61078
0.94929 6.54227 0.00000 6.61078
0.85297 6.55552 0.00000 6.61078
0.75646 6.56736 0.00000 6.61078
0.65979 6.57777 0.00000 6.61078
0.56297 6.58676 0.00000 6.61078
0.46604 6.59433 0.00000 6.61078
0.36900 6.60047 0.00000 6.61078
0.27188 6.60519 0.00000 6.61078
0.17470 6.60847 0.00000 6.61078
0.07749 6.61033 0.00000 6.61078
-0.01974 6.61075 0.00000 6.61078
-0.11697 6.60974 0.00000 6.61078
-0.21417 6.60731 0.00000 6.61078
-0.31133 6.60344 0.00000 6.61078
-0.40841 6.59815 0.00000 6.61078
-0.50541 6.59143 0.00000 6.61078
-0.60230 6.58328 0.00000 6.61078
-0.69906 6.57371 0.00000 6.61078
-0.79567 6.56272 0.00000 6.61078
-0.89211 6.55031 0.00000 6.61078
-0.98835 6.53648 0.00000 6.61078
-1.08438 6.52124 0.00000 6.61078
-1.18018 6.50458 0.00000 6.61078
-1.27572 6.48652 0.00000 6.61078
-1.37098 6.46706 0.00000 6.61078
-1.46595 6.44619 0.00000 6.61078
-1.56060 6.42393 0.00000 6.61078
-1.65491 6.40029 0.00000 6.61078
-1.74887 6.37525 0.00000 6.61078
-1.84244 6.34884 0.00000 6.61078
-1.93562 6.32106 0.00000 6.61078
-2.02838 6.29191 0.00000 6.61078
-2.12070 6.26139 0.00000 6.61078
-2.21256 6.22953 0.00000 6.61078
-2.30394 6.19631 0.00000 6.61078
-2.39483 6.16175 0.00000 6.61078
-2.48519 6.12586 0.00000 6.61078
-2.57502 6.08865 0.00000 6.61078
-2.66429 6.05012 0.00000 6.61078
-2.75299 6.01028 0.00000 6.61078
-2.84109 5.96914 0.00000 6.61078
-2.92857 5.92671 0.00000 6.61078
-3.01543 5.88299 0.00000 6.61078
-3.10163 5.83801 0.00000 6.61078
-3.18715 5.79176 0.00000 6.61078
-3.27199 5.74426 0.00000 6.61078
-3.35612 5.69551 0.00000 6.61078
-3.43953 5.64553 0.00000 6.61078
-3.52219 5.59434 0.00000 6.61078
-3.60409 5.54193 0.00000 6.61078
-3.68521 5.48832 0.00000 6.61078
-3.76553 5.43353 0.00000 6.61078
-3.84504 5.37756 0.00000 6.61078
-3.92371 5.32042 0.00000 6.61078
-4.00154 5.26214 0.00000 6.61078
-4.07850 5.20271 0.00000 6.61078
-4.15458 5.14217 0.00000 6.61078
-4.22976 5.08051 0.00000 6.61078
-4.30403 5.01775 0.00000 6.61078
-4.37736 4.95390 0.00000 6.61078
-4.44975 4.88898 0.00000 6.61078
-4.52117 4.82301 0.00000 6.61078
-4.59162 4.75599 0.00000 6.61078
-4.66107 4.68795 0.00000 6.61078
-4.72952 4.61888 0.00000 6.61078
-4.79694 4.54882 0.00000 6.61078
-4.86332 4.47778 0.00000 6.61078
-4.92865 4.40577 0.00000 6.61078
-4.99292 4.33280 0.00000 6.61078
-5.05610 4.25890 0.00000 6.61078
-5.11820 4.18407 0.00000 6.61078
-5.17918 4.10835 0.00000 6.61078
-5.23904 4.03173 0.00000 6.61078
-5.29778 3.95424 0.00000 6.61078
-5.35536 3.87589 0.00000 6.61078
-5.41179 3.79671 0.00000 6.61078
-5.46704 3.71670 0.00000 6.61078
-5.52111 3.63589 0.00000 6.61078
-5.57399 3.55429 0.00000 6.61078
-5.62567 3.47193 0.00000 6.61078
-5.67612 3.38881 0.00000 6.61078
-5.72535 3.30496 0.00000 6.61078
-5.77334 3.22040 0.00000 6.61078
-5.82008 3.13514 0.00000 6.61078
-5.86556 3.04920 0.00000 6.61078
-5.90977 2.96260 0.00000 6.61078
-5.95271 2.87536 0.00000 6.61078
-5.99435 2.78750 0.00000 6.61078
-6.03470 2.69903 0.00000 6.61078
-6.07375 2.60999 0.00000 6.61078
-6.11148 2.52037 0.00000 6.61078
-6.14788 2.43021 0.00000 6.61078
-6.18296 2.33953 0.00000 6.61078
-6.21670 2.24834 0.00000 6.61078
-6.24910 2.15666 0.00000 6.61078
-6.28014 2.06452 0.00000 6.61078
-6.30983 1.97193 0.00000 6.61078
-6.33815 1.87891 0.00000 6.61078
-6.36509 1.78549 0.00000 6.61078
-6.39067 1.69168 0.00000 6.61078
-6.41486 1.59751 0.00000 6.61078
-6.43766 1.50299 0.00000 6.61078
-6.45907 1.40814 0.00000 6.61078
-6.47908 1.31299 0.00000 6.61078
-6.49769 1.21755 0.00000 6.61078
-6.51489 1.12186 0.00000 6.61078
-6.53069 1.02592 0.00000 6.61078
-6.54507 0.92975 0.00000 6.61078
-6.55804 0.83339 0.00000 6.61078
-6.56959 0.73685 0.00000 6.61078
-6.57971 0.64014 0.00000 6.61078
-6.58842 0.54330 0.00000 6.61078
-6.59569 0.44634 0.00000 6.61078
-6.60155 0.34929 0.00000 6.61078
-6.60597 0.25215 0.00000 6.61078
-6.60896 0.15497 0.00000 6.61078
-6.61053 0.05775 0.00000 6.61078
-6.61066 -0.03948 0.00000 6.61078
-6.60937 -0.13671 0.00000 6.61078
-6.60664 -0.23390 0.00000 6.61078
-6.60249 -0.33104 0.00000 6.61078
-6.59690 -0.42812 0.00000 6.61078
-6.58989 -0.52510 0.00000 6.61078
-6.58146 -0.62196 0.00000 6.61078
-6.57160 -0.71869 0.00000 6.61078
-6.56032 -0.81527 0.00000 6.61078
-6.54762 -0.91167 0.00000 6.61078
-6.53350 -1.00787 0.00000 6.61078
-6.51797 -1.10385 0.00000 6.61078
-6.50103 -1.19960 0.00000 6.61078
-6.48268 -1.29508 0.00000 6.61078
-6.46293 -1.39029 0.00000 6.61078
-6.44179 -1.48519 0.00000 6.61078
-6.41925 -1.57978 0.00000 6.61078
-6.39532 -1.67402 0.00000 6.61078
-6.37000 -1.76790 0.00000 6.61078
-6.34331 -1.86139 0.00000 6.61078
-6.31525 -1.95449 0.00000 6.61078
-6.28582 -2.04716 0.00000 6.61078
-6.25503 -2.13939 0.00000 6.61078
-6.22289 -2.23115 0.00000 6.61078
-6.18940 -2.32244 0.00000 6.61078
-6.15457 -2.41322 0.00000 6.61078
-6.11842 -2.50348 0.00000 6.61078
