cos sin
6.62285 -0.000388578
6.62001 0.193872
6.61147 0.387967
6.59725 0.581727
6.57735 0.774987
6.55178 0.96758
6.52058 1.15934
6.48377 1.3501
6.44138 1.5397
6.39345 1.72798
6.34001 1.91477
6.28112 2.09991
6.21682 2.28324
6.14718 2.46461
6.07224 2.64386
5.99208 2.82083
5.90676 2.99538
5.81636 3.16735
5.72095 3.33659
5.62062 3.50296
5.51545 3.66632
5.40554 3.82652
5.29097 3.98343
5.17186 4.13691
5.04829 4.28683
4.92037 4.43306
4.78823 4.57547
4.65196 4.71395
4.51169 4.84838
4.36753 4.97863
4.21962 5.10459
4.06808 5.22617
3.91303 5.34324
3.75462 5.45572
3.59298 5.5635
3.42825 5.6665
3.26056 5.76462
3.09007 5.85778
2.91692 5.94589
2.74126 6.02889
2.56324 6.10671
2.38302 6.17926
2.20074 6.2465
2.01658 6.30837
1.83067 6.3648
1.64319 6.41576
1.4543 6.4612
1.26415 6.50108
1.07292 6.53536
0.880763 6.56402
0.687849 6.58703
0.494342 6.60437
0.300411 6.61603
0.10622 6.62199
0.0880612 -6.62226
0.282267 -6.61683
0.47623 -6.6057
0.669783 -6.58889
0.86276 -6.56641
1.05499 -6.53828
1.24632 -6.50452
1.43657 -6.46516
1.62559 -6.42024
1.81321 -6.3698
1.99927 -6.31387
2.18361 -6.25251
2.36607 -6.18577
2.54649 -6.11371
2.72472 -6.03639
2.90061 -5.95387
3.074 -5.86623
3.24474 -5.77354
3.4127 -5.67588
3.57771 -5.57333
3.73965 -5.466
3.89837 -5.35395
4.05373 -5.2373
4.20561 -5.11614
4.35387 -4.99058
4.49838 -4.86073
4.63901 -4.72669
4.77566 -4.58859
4.9082 -4.44653
5.03651 -4.30065
5.16049 -4.15107
5.28003 -3.99792
5.39503 -3.84133
5.50538 -3.68143
5.61099 -3.51836
5.71178 -3.35226
5.80765 -3.18328
5.89852 -3.01156
5.98432 -2.83725
6.06497 -2.6605
6.14039 -2.48146
6.21054 -2.30028
6.27534 -2.11712
6.33474 -1.93215
6.38868 -1.7455
6.43714 -1.55736
6.48005 -1.36788
6.51738 -1.17722
6.54911 -0.985542
6.5752 -0.79302
6.59563 -0.599816
6.61038 -0.406095
6.61945 -0.212025
6.62282 -0.0177726
6.62049 0.176495
6.61247 0.370611
6.59875 0.564408
6.57936 0.75772
6.5543 0.950379
6.5236 1.14222
6.48729 1.33308
6.4454 1.52279
6.39796 1.71119
6.34502 1.89812
6.28661 2.08341
6.22279 2.26692
6.15362 2.44847
6.07916 2.62791
5.99946 2.80509
5.9146 2.97986
5.82465 3.15207
5.72969 3.32156
5.62979 3.48819
5.52506 3.65183
5.41556 3.81231
5.30141 3.96952
5.1827 4.12332
5.05952 4.27356
4.93199 4.42013
4.80022 4.56289
4.66432 4.70173
4.5244 4.83652
4.38059 4.96715
4.23301 5.0935
4.08178 5.21547
3.92705 5.33295
3.76893 5.44585
3.60757 5.55405
3.44311 5.65748
3.27568 5.75604
3.10544 5.84964
2.93252 5.93822
2.75708 6.02168
2.57926 6.09996
2.39923 6.17299
2.21713 6.24071
2.03313 6.30305
1.84737 6.35998
1.66003 6.41143
1.47125 6.45736
1.28121 6.49774
1.09007 6.53252
0.897989 6.56168
0.705136 6.5852
0.511676 6.60305
0.317776 6.61522
0.123602 6.62169
0.0706785 -6.62247
0.264898 -6.61755
0.458889 -6.60693
0.652486 -6.59063
0.845521 -6.56865
1.03783 -6.54102
1.22924 -6.50777
1.4196 -6.46891
1.60873 -6.42449
1.79648 -6.37454
1.98269 -6.3191
2.16719 -6.25822
2.34982 -6.19196
2.53043 -6.12038
2.70887 -6.04352
2.88497 -5.96146
3.05859 -5.87428
3.22958 -5.78203
3.39779 -5.68482
3.56307 -5.58271
3.72529 -5.47579
3.8843 -5.36417
4.03997 -5.24792
4.19216 -5.12717
4.34075 -5.002
4.4856 -4.87252
4.62659 -4.73885
4.7636 -4.60111
4.89651 -4.4594
5.02521 -4.31386
5.14958 -4.1646
5.26952 -4.01176
5.38492 -3.85547
5.4957 -3.69586
5.60174 -3.53307
5.70296 -3.36724
5.79927 -3.19852
5.8906 -3.02704
5.97685 -2.85295
6.05796 -2.67641
6.13386 -2.49757
6.20448 -2.31658
6.26976 -2.13359
6.32964 -1.94877
6.38408 -1.76227
6.43303 -1.57425
6.47643 -1.38488
6.51427 -1.19432
6.5465 -1.00273
6.57309 -0.810276
6.59403 -0.617126
6.60929 -0.423445
6.61887 -0.229399
6.62275 -0.0351564
6.62093 0.159117
6.61342 0.353253
6.60021 0.547086
6.58132 0.740447
6.55677 0.933172
6.52658 1.12509
6.49077 1.31605
6.44938 1.50587
6.40243 1.69439
6.34998 1.88146
6.29206 2.06691
6.22872 2.25057
6.16003 2.43231
6.08603 2.61195
6.0068 2.78934
5.9224 2.96433
5.8329 3.13677
5.73839 3.30651
5.63893 3.4734
5.53462 3.63731
5.42555 3.79809
5.31181 3.95559
5.1935 4.1097
5.07072 4.26027
4.94358 4.40717
4.81218 4.55027
4.67664 4.68947
4.53708 4.82462
4.39361 4.95563
4.24636 5.08237
4.09546 5.20474
3.94103 5.32263
3.78321 5.43593
3.62214 5.54456
3.45795 5.64842
3.29078 5.74742
3.12078 5.84147
2.9481 5.9305
2.77287 6.01442
2.59527 6.09317
2.41543 6.16667
2.23351 6.23486
2.04966 6.29769
1.86406 6.35511
1.67685 6.40705
1.4882 6.45348
1.29826 6.49435
1.10721 6.52964
0.91521 6.5593
0.722419 6.58333
0.529006 6.60168
0.335139 6.61436
0.140982 6.62134
0.0532952 -6.62263
0.247527 -6.61822
0.441546 -6.60811
0.635184 -6.59232
0.828276 -6.57085
1.02066 -6.54373
1.21216 -6.51097
1.40261 -6.47262
1.59187 -6.42869
1.77975 -6.37923
1.9661 -6.32428
2.15075 -6.26389
2.33356 -6.19811
2.51436 -6.127
2.69299 -6.05061
2.86931 -5.96901
3.04316 -5.88228
3.21439 -5.79049
3.38285 -5.69372
3.5484 -5.59204
3.7109 -5.48555
3.87021 -5.37434
4.02618 -5.25851
4.17869 -5.13815
4.32761 -5.01337
4.4728 -4.88428
4.61414 -4.75098
4.75151 -4.6136
4.88479 -4.47224
5.01387 -4.32703
5.13863 -4.17811
5.25897 -4.02558
5.37479 -3.86959
5.48598 -3.71028
5.59244 -3.54777
5.6941 -3.3822
5.79086 -3.21373
5.88263 -3.04249
5.96934 -2.86863
6.05092 -2.6923
6.12728 -2.51366
6.19838 -2.33285
6.26414 -2.15004
6.32451 -1.96537
6.37943 -1.77902
6.42887 -1.59113
6.47278 -1.40188
6.51111 -1.21141
6.54384 -1.01991
6.57094 -0.827527
6.59239 -0.634433
6.60816 -0.440792
6.61825 -0.246772
6.62264 -0.05254
6.62133 0.141737
6.61432 0.335893
6.60162 0.529759
6.58324 0.72317
6.5592 0.915958
6.52951 1.10796
6.4942 1.299
6.45331 1.48893
6.40686 1.67758
6.35489 1.86478
6.29746 2.05038
6.23461 2.23422
6.16639 2.41613
6.09287 2.59596
6.0141 2.77356
5.93016 2.94877
5.84112 3.12145
5.74705 3.29144
5.64803 3.45859
5.54415 3.62277
5.4355 3.78383
5.32218 3.94164
5.20427 4.09605
5.08189 4.24694
4.95513 4.39418
4.82411 4.53763
4.68893 4.67718
4.54973 4.8127
4.4066 4.94408
4.25969 5.07121
4.10911 5.19397
3.95499 5.31226
3.79747 5.42599
3.63668 5.53504
3.47276 5.63933
3.30585 5.73876
3.1361 5.83326
2.96365 5.92274
2.78865 6.00712
2.61125 6.08633
2.4316 6.16031
2.24986 6.22898
2.06619 6.29229
1.88073 6.35019
1.69366 6.40262
1.50513 6.44955
1.31531 6.49092
1.12435 6.52671
0.932424 6.55688
0.739697 6.58141
0.546333 6.60027
0.352499 6.61346
0.158362 6.62095
0.0359116 -6.62275
0.230154 -6.61885
0.424199 -6.60925
0.617878 -6.59396
0.811026 -6.573
1.00348 -6.54638
1.19506 -6.51413
1.38562 -6.47627
1.57499 -6.43285
1.763 -6.38388
1.94949 -6.32942
2.1343 -6.26952
2.31728 -6.20421
2.49827 -6.13357
2.6771 -6.05766
2.85363 -5.97653
3.02771 -5.89025
3.19918 -5.79891
3.36789 -5.70258
3.53371 -5.60133
3.69649 -5.49527
3.85609 -5.38448
4.01237 -5.26906
4.16519 -5.1491
4.31443 -5.02471
4.45996 -4.896
4.60165 -4.76308
4.73938 -4.62605
4.87303 -4.48505
5.00249 -4.34018
5.12764 -4.19158
5.24839 -4.03937
5.36461 -3.88369
5.47622 -3.72466
5.58311 -3.56243
5.6852 -3.39714
5.7824 -3.22892
5.87462 -3.05792
5.96179 -2.88429
6.04383 -2.70818
6.12066 -2.52973
6.19223 -2.34912
6.25847 -2.16647
6.31933 -1.98197
6.37474 -1.79576
6.42467 -1.608
6.46907 -1.41886
6.50791 -1.2285
6.54114 -1.03708
6.56875 -0.844772
6.5907 -0.651734
6.60698 -0.458136
6.61758 -0.264143
6.62248 -0.0699233
6.62168 0.124357
6.61518 0.31853
6.60299 0.512429
6.58512 0.705887
6.56158 0.898738
6.5324 1.09081
6.49759 1.28195
6.45719 1.47199
6.41124 1.66076
6.35977 1.8481
6.30282 2.03385
6.24045 2.21784
6.17271 2.39994
6.09966 2.57996
6.02136 2.75776
5.93788 2.9332
5.84929 3.1061
5.75567 3.27634
5.65709 3.44375
5.55364 3.60821
5.44542 3.76955
5.3325 3.92765
5.215 4.08238
5.09302 4.23359
4.96665 4.38115
4.836 4.52495
4.7012 4.66485
4.56234 4.80074
4.41957 4.9325
4.27298 5.06001
4.12273 5.18317
3.96892 5.30186
3.8117 5.416
3.6512 5.52547
3.48755 5.63019
3.32091 5.73007
3.1514 5.82501
2.97919 5.91494
2.80441 5.99978
2.62722 6.07946
2.44777 6.1539
2.26621 6.22305
2.0827 6.28685
1.8974 6.34523
1.71046 6.39816
1.52206 6.44557
1.33234 6.48745
1.14148 6.52373
0.949632 6.55441
0.756969 6.57944
0.563656 6.59882
0.369857 6.61251
0.17574 6.62051
0.0185278 -6.62282
0.21278 -6.61943
0.406849 -6.61034
0.600568 -6.59556
0.79377 -6.57511
0.986289 -6.54899
1.17796 -6.51725
1.36862 -6.47989
1.55809 -6.43696
1.74623 -6.38849
1.93287 -6.33452
2.11784 -6.2751
2.30099 -6.21028
2.48216 -6.14011
2.66119 -6.06466
2.83794 -5.984
3.01224 -5.89818
3.18395 -5.80729
3.35291 -5.7114
3.519 -5.61059
3.68205 -5.50496
3.84194 -5.39459
3.99852 -5.27957
4.15166 -5.16002
4.30123 -5.03602
4.44709 -4.90769
4.58913 -4.77514
4.72722 -4.63848
4.86124 -4.49782
4.99108 -4.3533
5.11662 -4.20502
5.23776 -4.05314
5.3544 -3.89776
5.46642 -3.73903
5.57374 -3.57708
5.67627 -3.41205
5.77391 -3.24408
5.86658 -3.07333
5.9542 -2.89993
6.0367 -2.72403
6.114 -2.54579
6.18604 -2.36536
6.25276 -2.18289
6.3141 -1.99855
6.37001 -1.81248
6.42043 -1.62486
6.46533 -1.43584
6.50466 -1.24558
6.5384 -1.05425
6.56651 -0.862011
6.58897 -0.669032
6.60576 -0.475477
6.61686 -0.281513
6.62227 -0.087306
6.62198 0.106976
6.61599 0.301165
6.60431 0.495095
6.58695 0.6886
6.56392 0.881511
6.53524 1.07366
6.50093 1.26489
6.46103 1.45503
6.41557 1.64392
6.36459 1.8314
6.30814 2.01729
6.24625 2.20146
6.17899 2.38372
6.10641 2.56394
6.02858 2.74195
5.94556 2.9176
5.85742 3.09074
5.76425 3.26122
5.66611 3.42889
5.56309 3.59362
5.45529 3.75525
5.3428 3.91364
5.2257 4.06867
5.10411 4.2202
4.97813 4.3681
4.84786 4.51224
4.71342 4.6525
4.57493 4.78875
4.4325 4.92088
4.28625 5.04878
4.13632 5.17233
3.98282 5.29143
3.8259 5.40598
3.66569 5.51587
3.50232 5.62102
3.33594 5.72133
3.16668 5.81672
2.9947 5.9071
2.82015 5.9924
2.64317 6.07254
2.46391 6.14746
2.28253 6.21708
2.09919 6.28136
1.91404 6.34023
1.72725 6.39364
1.53897 6.44156
1.34936 6.48393
1.1586 6.52072
0.966833 6.55189
0.774237 6.57743
0.580975 6.59731
0.387213 6.61152
0.193118 6.62003
0.00114381 -6.62285
0.195404 -6.61996
0.389496 -6.61138
0.583254 -6.59711
0.776509 -6.57717
0.969096 -6.55156
1.16085 -6.52032
1.3516 -6.48346
1.54119 -6.44103
1.72946 -6.39305
1.91623 -6.33957
2.10136 -6.28063
2.28468 -6.21629
2.46603 -6.14661
2.64526 -6.07163
2.82222 -5.99142
2.99674 -5.90606
3.16869 -5.81562
3.33791 -5.72018
3.50426 -5.61981
3.66759 -5.5146
3.82777 -5.40465
3.98465 -5.29005
4.1381 -5.1709
4.28799 -5.04729
4.4342 -4.91935
4.57658 -4.78717
4.71503 -4.65087
4.84942 -4.51057
4.97964 -4.36638
5.10557 -4.21844
5.22711 -4.06687
5.34415 -3.9118
5.45659 -3.75336
5.56433 -3.59169
5.66729 -3.42694
5.76537 -3.25923
5.85849 -3.08872
5.94657 -2.91555
6.02953 -2.73987
6.1073 -2.56183
6.17981 -2.38159
6.24701 -2.1993
6.30883 -2.01512
6.36523 -1.8292
6.41614 -1.64171
6.46154 -1.4528
6.50137 -1.26265
6.53561 -1.07141
6.56422 -0.879244
6.58719 -0.686324
6.60448 -0.492814
6.6161 -0.29888
6.62202 -0.104688
6.62224 0.0895935
6.61676 0.283798
6.60559 0.477758
6.58873 0.671308
6.56621 0.864279
6.53803 1.05651
6.50423 1.24783
6.46483 1.43807
6.41987 1.62708
6.36938 1.81468
6.31341 2.00073
6.25201 2.18505
6.18523 2.3675
6.11312 2.5479
6.03576 2.72612
5.9532 2.90198
5.86552 3.07535
5.77279 3.24608
5.67509 3.41401
5.57251 3.579
5.46513 3.74091
5.35305 3.89961
5.23636 4.05494
5.11517 4.20679
4.98958 4.35502
4.85969 4.4995
4.72562 4.64011
4.58748 4.77672
4.4454 4.90923
4.29949 5.03751
4.14988 5.16145
3.9967 5.28096
3.84008 5.39591
3.68015 5.50623
3.51706 5.61181
3.35094 5.71255
3.18194 5.80839
3.0102 5.89922
2.83587 5.98498
2.6591 6.06558
2.48004 6.14097
2.29884 6.21107
2.11567 6.27583
1.93068 6.33518
1.74403 6.38909
1.55587 6.4375
1.36638 6.48036
1.17571 6.51765
0.984027 6.54933
0.791499 6.57538
0.59829 6.59577
0.404566 6.61048
0.210494 6.6195
0.0162402 6.62283
0.178027 -6.62045
0.372141 -6.61238
0.565935 -6.59862
0.759242 -6.57918
0.951895 -6.55408
1.14373 -6.52334
1.33458 -6.48699
1.52428 -6.44505
1.71267 -6.39756
1.89959 -6.34458
2.08487 -6.28613
2.26836 -6.22227
2.44989 -6.15306
2.62932 -6.07855
2.80648 -5.99881
2.98123 -5.91391
3.15342 -5.82392
3.32289 -5.72892
3.4895 -5.62899
3.6531 -5.52421
3.81357 -5.41468
3.97075 -5.30049
4.12452 -5.18174
4.27473 -5.05853
4.42127 -4.93097
4.564 -4.79916
4.70281 -4.66323
4.83756 -4.52328
4.96816 -4.37944
5.09448 -4.23183
5.21641 -4.08058
5.33386 -3.92581
5.44672 -3.76767
5.55489 -3.60629
5.65828 -3.4418
5.7568 -3.27435
5.85036 -3.10408
5.93889 -2.93115
6.02232 -2.75568
6.10055 -2.57785
6.17354 -2.3978
6.24122 -2.21569
6.30352 -2.03167
6.3604 -1.8459
6.41181 -1.65854
6.4577 -1.46976
6.49803 -1.27971
6.53277 -1.08856
6.56189 -0.896471
6.58536 -0.703613
6.60317 -0.510148
6.61529 -0.316245
6.62172 -0.12207
6.62245 0.0722108
6.61748 0.266429
6.60682 0.460418
6.59047 0.654011
6.56846 0.847041
6.54078 1.03934
6.50748 1.23075
6.46858 1.4211
6.42412 1.61022
6.37412 1.79796
6.31864 1.98415
6.25772 2.16864
6.19142 2.35125
6.11979 2.53185
6.04289 2.71026
5.96079 2.88635
5.87357 3.05995
5.78129 3.23091
5.68403 3.3991
5.58188 3.56436
5.47493 3.72656
5.36327 3.88554
5.24699 4.04119
5.1262 4.19335
5.00099 4.34191
4.87148 4.48673
4.73778 4.62769
4.6 4.76467
4.45827 4.89754
4.3127 5.0262
4.16341 5.15054
4.01055 5.27045
3.85423 5.38582
3.69459 5.49655
3.53178 5.60255
3.36592 5.70374
3.19717 5.80001
3.02567 5.8913
2.85157 5.97751
2.67501 6.05858
2.49615 6.13444
2.31514 6.20501
2.13214 6.27025
1.9473 6.33009
1.76079 6.38449
1.57276 6.43339
1.38338 6.47675
1.19281 6.51454
1.00121 6.54673
0.808756 6.57328
0.615601 6.59417
0.421916 6.60939
0.227868 6.61892
0.033624 6.62276
0.160649 -6.6209
0.354783 -6.61334
0.548613 -6.60008
0.74197 -6.58115
0.934689 -6.55656
1.1266 -6.52632
1.31755 -6.49047
1.50736 -6.44903
1.69587 -6.40204
1.88293 -6.34954
2.06836 -6.29158
2.25202 -6.2282
2.43373 -6.15947
2.61335 -6.08543
2.79073 -6.00616
2.9657 -5.92172
3.13812 -5.83218
3.30784 -5.73762
3.47471 -5.63813
3.63859 -5.53378
3.79934 -5.42467
3.95682 -5.3109
4.1109 -5.19255
4.26144 -5.06974
4.40831 -4.94256
4.55139 -4.81113
4.69055 -4.67556
4.82567 -4.53596
4.95665 -4.39246
5.08335 -4.24519
5.20569 -4.09425
5.32354 -3.9398
5.43681 -3.78195
5.5454 -3.62086
5.64922 -3.45664
5.74818 -3.28945
5.84219 -3.11943
5.93118 -2.94672
6.01506 -2.77148
6.09377 -2.59386
6.16723 -2.414
6.23538 -2.23206
6.29817 -2.04821
6.35554 -1.86259
6.40744 -1.67537
6.45382 -1.4867
6.49465 -1.29676
6.52989 -1.1057
6.55952 -0.913692
6.58349 -0.720896
6.60181 -0.527479
6.61444 -0.333608
6.62138 -0.13945
6.62262 0.0548276
6.61816 0.249058
6.60801 0.443075
6.59217 0.63671
6.57066 0.829797
6.54349 1.02217
6.51069 1.21366
6.47229 1.40411
6.42832 1.59335
6.37882 1.78122
6.32383 1.96756
6.26339 2.1522
6.19757 2.33499
6.12641 2.51578
6.04999 2.69439
5.96835 2.87069
5.88158 3.04452
5.78975 3.21573
5.69293 3.38417
5.59122 3.5497
5.48469 3.71217
5.37345 3.87145
5.25758 4.0274
5.13719 4.17988
5.01237 4.32877
4.88324 4.47393
4.74991 4.61524
4.6125 4.75257
4.47111 4.88582
4.32587 5.01487
4.17692 5.1396
4.02437 5.2599
3.86835 5.37568
3.70901 5.48683
3.54647 5.59327
3.38088 5.69488
3.21239 5.7916
3.04113 5.88333
2.86725 5.97001
2.6909 6.05154
2.51224 6.12786
2.33142 6.19892
2.14859 6.26463
1.96391 6.32496
1.77754 6.37984
1.58964 6.42924
1.40038 6.4731
1.20991 6.51139
1.0184 6.54408
0.826007 6.57113
0.632907 6.59253
0.439263 6.60826
0.245241 6.6183
0.0510077 6.62265
0.143269 -6.6213
0.337423 -6.61424
0.531287 -6.6015
0.724693 -6.58308
0.917475 -6.55899
1.10947 -6.52925
1.30051 -6.4939
1.49043 -6.45296
1.67906 -6.40647
1.86625 -6.35446
2.05184 -6.29699
2.23566 -6.23409
2.41756 -6.16583
2.59737 -6.09227
2.77495 -6.01346
2.95014 -5.92948
3.1228 -5.84039
3.29276 -5.74628
3.4599 -5.64723
3.62405 -5.54331
3.78509 -5.43463
3.94287 -5.32126
4.09726 -5.20332
4.24812 -5.0809
4.39532 -4.95411
4.53874 -4.82306
4.67826 -4.68785
4.81375 -4.54861
4.9451 -4.40546
5.07219 -4.25851
5.19492 -4.1079
5.31318 -3.95376
5.42686 -3.79621
5.53588 -3.6354
5.64013 -3.47146
5.73953 -3.30453
5.83399 -3.13475
5.92343 -2.96228
6.00777 -2.78726
6.08694 -2.60984
6.16087 -2.43018
6.2295 -2.24842
6.29277 -2.06473
6.35063 -1.87926
6.40302 -1.69218
6.4499 -1.50364
6.49122 -1.3138
6.52697 -1.12284
6.55709 -0.930907
6.58158 -0.738174
6.6004 -0.544806
6.61354 -0.350969
6.62099 -0.15683
6.62274 0.037444
6.61879 0.231686
6.60915 0.425728
6.59382 0.619404
6.57281 0.812547
6.54615 1.00499
6.51385 1.19657
6.47595 1.38712
6.43248 1.57647
6.38347 1.76447
6.32897 1.95095
6.26902 2.13575
6.20368 2.31872
6.133 2.49969
6.05704 2.6785
5.97587 2.85502
5.88955 3.02907
5.79817 3.20052
5.7018 3.36921
5.60052 3.53501
5.49442 3.69776
5.38359 3.85733
5.26813 4.01358
5.14814 4.16638
5.02372 4.31559
4.89497 4.46109
4.76201 4.60275
4.62495 4.74045
4.48392 4.87407
4.33902 5.0035
4.19039 5.12861
4.03816 5.24932
3.88245 5.36551
3.7234 5.47708
3.56114 5.58394
3.39582 5.68599
3.22758 5.78315
3.05656 5.87533
2.88291 5.96246
2.70678 6.04445
2.52832 6.12125
2.34768 6.19278
2.16503 6.25897
1.98051 6.31978
1.79428 6.37516
1.60652 6.42504
1.41736 6.4694
1.22699 6.50819
1.03557 6.54138
0.843252 6.56894
0.650209 6.59085
0.456607 6.60709
0.262612 6.61764
0.068391 6.62249
0.125889 -6.62165
0.320061 -6.61511
0.513957 -6.60287
0.707411 -6.58496
0.900256 -6.56137
1.09233 -6.53214
1.28346 -6.49729
1.47348 -6.45685
1.66224 -6.41085
1.84957 -6.35934
2.0353 -6.30235
2.21929 -6.23994
2.40136 -6.17216
2.58137 -6.09907
2.75916 -6.02072
2.93457 -5.9372
3.10746 -5.84857
3.27767 -5.75491
3.44506 -5.65629
3.60949 -5.55281
3.77081 -5.44454
3.92889 -5.3316
4.08358 -5.21406
4.23477 -5.09204
4.3823 -4.96563
4.52607 -4.83495
4.66594 -4.70012
4.8018 -4.56123
4.93352 -4.41842
5.061 -4.27181
5.18412 -4.12153
5.30278 -3.96769
5.41688 -3.81044
5.52632 -3.64992
5.631 -3.48625
5.73083 -3.31958
5.82574 -3.15006
5.91563 -2.97782
6.00043 -2.80302
6.08007 -2.62581
6.15447 -2.44634
6.22358 -2.26477
6.28733 -2.08124
6.34567 -1.89593
6.39855 -1.70898
6.44593 -1.52056
6.48775 -1.33084
6.524 -1.13997
6.55463 -0.948115
6.57962 -0.755447
6.59895 -0.562129
6.6126 -0.368327
6.62055 -0.174208
6.62281 0.0200602
6.61938 0.214312
6.61024 0.408378
6.59542 0.602094
6.57492 0.795291
6.54876 0.987804
6.51697 1.17947
6.47957 1.37012
6.4366 1.55958
6.38808 1.74771
6.33407 1.93433
6.27461 2.11929
6.20974 2.30243
6.13954 2.48358
6.06405 2.6626
5.98334 2.83932
5.89748 3.0136
5.80655 3.18529
5.71062 3.35424
5.60978 3.5203
5.50411 3.68333
5.3937 3.84319
5.27865 3.99974
5.15906 4.15285
5.03503 4.30239
4.90666 4.44823
4.77408 4.59024
4.63738 4.72829
4.4967 4.86228
4.35214 4.99209
4.20384 5.1176
4.05192 5.2387
3.89652 5.3553
3.73776 5.46729
3.57579 5.57457
3.41073 5.67706
3.24275 5.77466
3.07197 5.86729
2.89855 5.95487
2.72263 6.03733
2.54438 6.11459
2.36393 6.18659
2.18145 6.25327
1.99709 6.31456
1.81101 6.37043
1.62337 6.4208
1.43434 6.46566
1.24407 6.50495
1.05274 6.53864
0.860492 6.56671
0.667507 6.58912
0.473948 6.60587
0.279981 6.61692
0.0857738 6.62229
0.108508 -6.62196
0.302696 -6.61592
0.496624 -6.6042
0.690124 -6.58679
0.88303 -6.56371
1.07518 -6.53499
1.2664 -6.50064
1.45653 -6.4607
1.64541 -6.41519
1.83287 -6.36417
2.01875 -6.30767
2.2029 -6.24574
2.38515 -6.17844
2.56535 -6.10582
2.74335 -6.02795
2.91898 -5.94489
3.0921 -5.85671
3.26255 -5.76349
3.4302 -5.66531
3.5949 -5.56226
3.75651 -5.45442
3.91488 -5.34189
4.06988 -5.22476
4.22138 -5.10314
4.36925 -4.97712
4.51336 -4.84682
4.65359 -4.71235
4.78981 -4.57382
4.9219 -4.43136
5.04977 -4.28508
5.17328 -4.13512
5.29235 -3.9816
5.40686 -3.82465
5.51672 -3.66441
5.62183 -3.50102
5.7221 -3.33461
5.81745 -3.16534
5.90779 -2.99334
5.99305 -2.81876
6.07315 -2.64176
6.14803 -2.46249
6.21761 -2.28109
6.28184 -2.09774
6.34067 -1.91258
6.39404 -1.72577
6.44191 -1.53748
6.48424 -1.34786
6.52098 -1.15709
6.55212 -0.965317
6.57761 -0.772715
6.59745 -0.579448
6.61161 -0.385683
6.62007 -0.191586
6.62284 0.00267619
6.61992 0.196936
6.61129 0.391026
6.59698 0.58478
6.57699 0.77803
6.55134 0.970611
6.52005 1.16236
6.48315 1.3531
6.44067 1.54268
6.39265 1.73094
6.33912 1.9177
6.28015 2.10281
6.21577 2.28612
6.14603 2.46746
6.07101 2.64667
5.99077 2.82361
5.90537 2.99811
5.81489 3.17004
5.7194 3.33924
5.619 3.50556
5.51375 3.66887
5.40377 3.82902
5.28913 3.98587
5.16994 4.1393
5.0463 4.28916
4.91832 4.43533
4.78611 4.57769
4.64978 4.71611
4.50944 4.85046
4.36523 4.98065
4.21726 5.10655
4.06566 5.22805
3.91056 5.34505
3.7521 5.45746
3.59041 5.56517
3.42562 5.66808
3.25789 5.76613
3.08736 5.8592
2.91417 5.94724
2.73847 6.03016
2.56042 6.10789
2.38016 6.18037
2.19785 6.24752
2.01366 6.3093
1.82773 6.36565
1.64022 6.41652
1.45131 6.46187
1.26114 6.50166
1.06989 6.53586
0.877725 6.56443
0.6848 6.58735
0.491286 6.6046
0.297349 6.61617
0.103156 6.62204
0.0911257 -6.62222
0.285329 -6.6167
0.479287 -6.60548
0.672832 -6.58858
0.865798 -6.56601
1.05802 -6.53779
1.24933 -6.50394
1.43957 -6.4645
1.62856 -6.41949
1.81616 -6.36896
2.00219 -6.31295
2.1865 -6.2515
2.36893 -6.18468
2.54932 -6.11253
2.72751 -6.03513
2.90336 -5.95253
3.07671 -5.8648
3.24741 -5.77203
3.41532 -5.6743
3.58029 -5.57168
3.74218 -5.46426
3.90085 -5.35215
4.05616 -5.23543
4.20798 -5.1142
4.35617 -4.98857
4.50062 -4.85865
4.6412 -4.72455
4.77778 -4.58638
4.91026 -4.44426
5.0385 -4.29832
5.16241 -4.14868
5.28188 -3.99548
5.3968 -3.83883
5.50708 -3.67888
5.61262 -3.51576
5.71333 -3.34962
5.80912 -3.1806
5.89991 -3.00883
5.98563 -2.83448
6.0662 -2.65769
6.14154 -2.47862
6.2116 -2.29741
6.27632 -2.11422
6.33563 -1.92921
6.38949 -1.74255
6.43786 -1.55438
6.48068 -1.36488
6.51792 -1.1742
6.54956 -0.982512
6.57556 -0.789978
6.5959 -0.596764
6.61057 -0.403036
6.61955 -0.208962
6.62283 -0.0147078
6.62041 0.179559
6.6123 0.373671
6.59849 0.567462
6.57901 0.760764
6.55386 0.953412
6.52308 1.14524
6.48668 1.33608
6.4447 1.52577
6.39717 1.71415
6.34414 1.90106
6.28565 2.08632
6.22174 2.2698
6.15249 2.45131
6.07794 2.63072
5.99816 2.80787
5.91322 2.9826
5.82319 3.15476
5.72815 3.32421
5.62818 3.4908
5.52337 3.65438
5.4138 3.81482
5.29957 3.97198
5.18079 4.12571
5.05754 4.2759
4.92995 4.42241
4.79811 4.56511
4.66214 4.70388
4.52216 4.83861
4.37829 4.96917
4.23065 5.09546
4.07937 5.21736
3.92458 5.33477
3.76641 5.44759
3.605 5.55572
3.44049 5.65907
3.27302 5.75755
3.10273 5.85108
2.92977 5.93957
2.75429 6.02295
2.57644 6.10115
2.39637 6.1741
2.21424 6.24173
2.03021 6.30399
1.84443 6.36083
1.65706 6.41219
1.46826 6.45804
1.27821 6.49833
1.08705 6.53302
0.894953 6.5621
0.702089 6.58553
0.50862 6.60329
0.314714 6.61536
0.120538 6.62175
0.0737431 -6.62243
0.26796 -6.61742
0.461947 -6.60672
0.655536 -6.59032
0.848561 -6.56826
1.04086 -6.54054
1.23225 -6.5072
1.42259 -6.46825
1.61171 -6.42374
1.79943 -6.37371
1.98561 -6.31818
2.17008 -6.25722
2.35269 -6.19088
2.53326 -6.1192
2.71166 -6.04227
2.88773 -5.96013
3.06131 -5.87286
3.23225 -5.78054
3.40042 -5.68324
3.56565 -5.58106
3.72782 -5.47407
3.88678 -5.36237
4.0424 -5.24605
4.19454 -5.12523
4.34306 -4.99999
4.48786 -4.87044
4.62878 -4.73671
4.76573 -4.5989
4.89857 -4.45714
5.0272 -4.31153
5.1515 -4.16222
5.27137 -4.00933
5.38671 -3.85298
5.49741 -3.69332
5.60337 -3.53048
5.70452 -3.36461
5.80075 -3.19583
5.892 -3.02431
5.97817 -2.85019
6.0592 -2.67361
6.13501 -2.49473
6.20555 -2.3137
6.27075 -2.13069
6.33054 -1.94584
6.3849 -1.75931
6.43375 -1.57127
6.47707 -1.38188
6.51482 -1.1913
6.54696 -0.9997
6.57347 -0.807235
6.59432 -0.614075
6.60949 -0.420387
6.61898 -0.226336
6.62277 -0.0320917
6.62086 0.162181
6.61325 0.356314
6.59996 0.55014
6.58098 0.743493
6.55634 0.936206
6.52606 1.12811
6.49016 1.31905
6.44868 1.50885
6.40165 1.69735
6.3491 1.8844
6.2911 2.06982
6.22768 2.25346
6.1589 2.43516
6.08483 2.61476
6.00551 2.79212
5.92103 2.96707
5.83145 3.13947
5.73686 3.30916
5.63732 3.47601
5.53294 3.63987
5.42379 3.8006
5.30998 3.95805
5.1916 4.1121
5.06875 4.26261
4.94154 4.40945
4.81007 4.5525
4.67447 4.69163
4.53484 4.82672
4.39132 4.95766
4.24401 5.08434
4.09305 5.20663
3.93857 5.32445
3.7807 5.43768
3.61957 5.54624
3.45533 5.65002
3.28812 5.74894
3.11808 5.84292
2.94535 5.93186
2.77009 6.0157
2.59245 6.09437
2.41257 6.16779
2.23062 6.2359
2.04675 6.29864
1.86112 6.35597
1.67388 6.40782
1.48521 6.45416
1.29526 6.49495
1.10419 6.53015
0.912174 6.55973
0.719372 6.58366
0.525951 6.60193
0.332078 6.61451
0.137918 6.62141
0.0563599 -6.62261
0.25059 -6.6181
0.444603 -6.6079
0.638235 -6.59202
0.831317 -6.57046
1.02368 -6.54325
1.21517 -6.51041
1.40561 -6.47197
1.59484 -6.42795
1.7827 -6.37841
1.96902 -6.32337
2.15365 -6.2629
2.33643 -6.19703
2.51719 -6.12583
2.69579 -6.04936
2.87207 -5.96769
3.04588 -5.88088
3.21707 -5.789
3.38549 -5.69215
3.55099 -5.5904
3.71344 -5.48383
3.87269 -5.37255
4.02862 -5.25665
4.18107 -5.13622
4.32993 -5.01137
4.47506 -4.88221
4.61634 -4.74885
4.75364 -4.6114
4.88686 -4.46998
5.01587 -4.32471
5.14056 -4.17573
5.26083 -4.02315
5.37658 -3.86711
5.48769 -3.70774
5.59409 -3.54518
5.69567 -3.37957
5.79234 -3.21105
5.88404 -3.03977
5.97067 -2.86587
6.05216 -2.6895
6.12845 -2.51082
6.19946 -2.32998
6.26513 -2.14714
6.32542 -1.96245
6.38026 -1.77607
6.42961 -1.58816
6.47342 -1.39888
6.51167 -1.2084
6.54431 -1.01688
6.57132 -0.824486
6.59268 -0.631382
6.60836 -0.437734
6.61836 -0.24371
6.62266 -0.0494753
6.62126 0.144801
6.61417 0.338954
6.60138 0.532814
6.58291 0.726216
6.55878 0.918993
6.529 1.11098
6.4936 1.30201
6.45262 1.49192
6.40608 1.68054
6.35403 1.86772
6.29651 2.0533
6.23357 2.2371
6.16527 2.41898
6.09167 2.59878
6.01282 2.77634
5.9288 2.95152
5.83967 3.12415
5.74552 3.29409
5.64643 3.4612
5.54247 3.62534
5.43375 3.78635
5.32035 3.9441
5.20238 4.09846
5.07992 4.24929
4.9531 4.39647
4.82201 4.53986
4.68677 4.67935
4.5475 4.8148
4.40431 4.94612
4.25734 5.07318
4.1067 5.19587
3.95253 5.31409
3.79496 5.42774
3.63412 5.53672
3.47015 5.64093
3.3032 5.74029
3.1334 5.83471
2.96091 5.92411
2.78587 6.00841
2.60844 6.08754
2.42875 6.16143
2.24698 6.23002
2.06328 6.29325
1.8778 6.35106
1.6907 6.40341
1.50215 6.45024
1.3123 6.49153
1.12133 6.52723
0.92939 6.55731
0.736651 6.58175
0.543279 6.60052
0.349439 6.61362
0.155298 6.62102
0.0389764 -6.62273
0.233217 -6.61874
0.427257 -6.60905
0.62093 -6.59367
0.814068 -6.57262
1.00651 -6.54592
1.19808 -6.51358
1.38862 -6.47563
1.57796 -6.43212
1.76595 -6.38306
1.95242 -6.32852
2.13721 -6.26853
2.32015 -6.20314
2.50111 -6.13242
2.67991 -6.05642
2.8564 -5.9752
3.03043 -5.88885
3.20186 -5.79743
3.37053 -5.70102
3.53631 -5.5997
3.69903 -5.49356
3.85858 -5.3827
4.0148 -5.2672
4.16757 -5.14718
4.31676 -5.02272
4.46223 -4.89394
4.60385 -4.76095
4.74152 -4.62386
4.87511 -4.48279
5.0045 -4.33786
5.12958 -4.18921
5.25025 -4.03694
5.36641 -3.88121
5.47794 -3.72213
5.58476 -3.55985
5.68678 -3.39451
5.7839 -3.22624
5.87604 -3.0552
5.96313 -2.88153
6.04508 -2.70538
6.12183 -2.5269
6.19332 -2.34625
6.25947 -2.16358
6.32024 -1.97904
6.37557 -1.79281
6.42542 -1.60503
6.46973 -1.41587
6.50848 -1.22549
6.54162 -1.03406
6.56914 -0.841732
6.591 -0.648684
6.60719 -0.455078
6.6177 -0.261081
6.62251 -0.0668587
6.62162 0.127421
6.61503 0.321591
6.60275 0.515485
6.58479 0.708934
6.56116 0.901774
6.53189 1.09384
6.497 1.28496
6.45651 1.47498
6.41047 1.66372
6.35891 1.85104
6.30188 2.03676
6.23943 2.22073
6.1716 2.40279
6.09847 2.58278
6.02009 2.76055
5.93652 2.93594
5.84785 3.10881
5.75415 3.279
5.65549 3.44637
5.55197 3.61078
5.44367 3.77207
5.33069 3.93012
5.21312 4.08479
5.09106 4.23594
4.96462 4.38345
4.83391 4.52719
4.69904 4.66703
4.56012 4.80285
4.41728 4.93454
4.27064 5.06199
4.12033 5.18507
3.96647 5.3037
3.80919 5.41776
3.64864 5.52716
3.48495 5.63181
3.31825 5.7316
3.14871 5.82647
2.97645 5.91632
2.80163 6.00108
2.6244 6.08067
2.44492 6.15504
2.26333 6.2241
2.07979 6.28781
1.89446 6.34611
1.7075 6.39895
1.51907 6.44628
1.32934 6.48806
1.13846 6.52426
0.946598 6.55485
0.753925 6.57979
0.560602 6.59908
0.366797 6.61268
0.172677 6.62059
0.0215925 -6.62281
0.215843 -6.61933
0.409908 -6.61015
0.60362 -6.59528
0.796813 -6.57474
0.98932 -6.54854
1.18098 -6.5167
1.37161 -6.47926
1.56107 -6.43624
1.74919 -6.38768
1.9358 -6.33362
2.12074 -6.27412
2.30386 -6.20921
2.485 -6.13896
2.664 -6.06343
2.8407 -5.98268
3.01497 -5.89678
3.18663 -5.80581
3.35556 -5.70984
3.52159 -5.60896
3.6846 -5.50325
3.84444 -5.39281
4.00096 -5.27772
4.15405 -5.1581
4.30356 -5.03403
4.44936 -4.90563
4.59134 -4.77301
4.72937 -4.63629
4.86332 -4.49557
4.9931 -4.35099
5.11857 -4.20266
5.23964 -4.05071
5.3562 -3.89528
5.46815 -3.7365
5.5754 -3.5745
5.67785 -3.40942
5.77541 -3.24141
5.868 -3.07061
5.95554 -2.89717
6.03796 -2.72124
6.11518 -2.54296
6.18714 -2.3625
6.25377 -2.18
6.31503 -1.99563
6.37084 -1.80954
6.42118 -1.62189
6.46599 -1.43285
6.50524 -1.24257
6.53888 -1.05122
6.56691 -0.858972
6.58928 -0.665983
6.60597 -0.47242
6.61699 -0.27845
6.62231 -0.0842415
6.62193 0.11004
6.61585 0.304227
6.60408 0.498152
6.58663 0.691648
6.56351 0.884549
6.53474 1.07669
6.50035 1.2679
6.46036 1.45802
6.41481 1.64689
6.36375 1.83434
6.3072 2.02021
6.24523 2.20435
6.17789 2.38658
6.10523 2.56677
6.02731 2.74474
5.94421 2.92035
5.85599 3.09345
5.76274 3.26389
5.66452 3.43151
5.56143 3.59619
5.45355 3.75777
5.34098 3.91612
5.22382 4.07109
5.10216 4.22257
4.97611 4.3704
4.84577 4.51448
4.71127 4.65468
4.57271 4.79086
4.43022 4.92293
4.28391 5.05076
4.13392 5.17424
3.98037 5.29327
3.8234 5.40774
3.66313 5.51757
3.49972 5.62264
3.33329 5.72287
3.16399 5.81818
2.99197 5.90848
2.81738 5.9937
2.64036 6.07376
2.46107 6.1486
2.27966 6.21814
2.09629 6.28233
1.91111 6.34111
1.72429 6.39444
1.53599 6.44227
1.34636 6.48455
1.15558 6.52125
0.963801 6.55234
0.771193 6.57779
0.577922 6.59758
0.384153 6.61169
0.190054 6.62012
0.00420858 -6.62284
0.198468 -6.61987
0.392556 -6.6112
0.586306 -6.59684
0.779552 -6.57681
0.972127 -6.55111
1.16387 -6.51978
1.3546 -6.48283
1.54417 -6.44031
1.73242 -6.39225
1.91917 -6.33868
2.10427 -6.27966
2.28756 -6.21524
2.46888 -6.14546
2.64807 -6.0704
2.82499 -5.99012
2.99948 -5.90468
3.17138 -5.81416
3.34056 -5.71863
3.50686 -5.61819
3.67014 -5.51291
3.83027 -5.40288
3.9871 -5.28821
4.14049 -5.16898
4.29033 -5.04531
4.43647 -4.9173
4.5788 -4.78505
4.71718 -4.64869
4.85151 -4.50832
4.98166 -4.36408
5.10752 -4.21608
5.22899 -4.06445
5.34596 -3.90932
5.45833 -3.75084
5.566 -3.58912
5.66888 -3.42431
5.76688 -3.25656
5.85992 -3.08601
5.94792 -2.91279
6.0308 -2.73708
6.10848 -2.559
6.18092 -2.37873
6.24803 -2.19641
6.30977 -2.0122
6.36607 -1.82625
6.4169 -1.63874
6.46221 -1.44981
6.50195 -1.25964
6.5361 -1.06838
6.56463 -0.876206
6.5875 -0.683276
6.60471 -0.489758
6.61624 -0.295818
6.62207 -0.101624
6.6222 0.0926579
6.61663 0.28686
6.60537 0.480815
6.58842 0.674357
6.56581 0.867318
6.53754 1.05953
6.50365 1.25084
6.46416 1.44106
6.41911 1.63005
6.36854 1.81763
6.31248 2.00365
6.251 2.18795
6.18413 2.37036
6.11194 2.55073
6.0345 2.72891
5.95185 2.90474
5.86409 3.07807
5.77128 3.24875
5.67351 3.41663
5.57085 3.58158
5.4634 3.74344
5.35125 3.90208
5.23449 4.05737
5.11322 4.20916
4.98756 4.35733
4.85761 4.50175
4.72347 4.64229
4.58527 4.77885
4.44313 4.91128
4.29716 5.0395
4.14749 5.16337
3.99425 5.2828
3.83758 5.39769
3.6776 5.50793
3.51446 5.61343
3.3483 5.7141
3.17925 5.80986
3.00747 5.90061
2.8331 5.98629
2.65629 6.06681
2.4772 6.14212
2.29597 6.21213
2.11277 6.27681
1.92775 6.33608
1.74107 6.38989
1.55289 6.43821
1.36338 6.48099
1.17269 6.5182
0.980996 6.54979
0.788456 6.57574
0.595237 6.59604
0.401507 6.61066
0.20743 6.6196
0.0131754 6.62283
0.181091 -6.62037
0.375201 -6.61221
0.568989 -6.59836
0.762286 -6.57883
0.954928 -6.55364
1.14675 -6.52281
1.33758 -6.48637
1.52726 -6.44434
1.71563 -6.39677
1.90252 -6.3437
2.08778 -6.28516
2.27124 -6.22122
2.45274 -6.15192
2.63213 -6.07733
2.80926 -5.99751
2.98397 -5.91253
3.15611 -5.82246
3.32554 -5.72738
3.4921 -5.62737
3.65566 -5.52252
3.81607 -5.41292
3.9732 -5.29865
4.12691 -5.17983
4.27707 -5.05655
4.42355 -4.92892
4.56622 -4.79705
4.70496 -4.66105
4.83966 -4.52104
4.97019 -4.37714
5.09644 -4.22947
5.2183 -4.07816
5.33568 -3.92334
5.44846 -3.76515
5.55656 -3.60372
5.65987 -3.43918
5.75831 -3.27169
5.8518 -3.10138
5.94025 -2.9284
6.02359 -2.7529
6.10175 -2.57503
6.17465 -2.39495
6.24224 -2.2128
6.30446 -2.02875
6.36126 -1.84296
6.41258 -1.65558
6.45838 -1.46677
6.49862 -1.2767
6.53328 -1.08554
6.56231 -0.893435
6.58569 -0.700565
6.6034 -0.507093
6.61544 -0.313184
6.62178 -0.119005
6.62242 0.0752753
6.61736 0.269491
6.60661 0.463475
6.59017 0.657061
6.56806 0.85008
6.5403 1.04237
6.50691 1.23376
6.46792 1.42409
6.42337 1.61319
6.37329 1.80091
6.31772 1.98708
6.25672 2.17153
6.19033 2.35412
6.11862 2.53468
6.04164 2.71306
5.95946 2.88911
5.87215 3.06267
5.77979 3.23359
5.68246 3.40173
5.58023 3.56694
5.47321 3.72909
5.36147 3.88802
5.24512 4.04361
5.12426 4.19572
4.99898 4.34422
4.86941 4.48898
4.73564 4.62988
4.5978 4.76679
4.456 4.8996
4.31037 5.0282
4.16103 5.15247
4.00811 5.2723
3.85173 5.3876
3.69205 5.49826
3.52919 5.60419
3.36329 5.7053
3.19449 5.80149
3.02295 5.8927
2.8488 5.97883
2.67221 6.05982
2.49331 6.13559
2.31227 6.20609
2.12924 6.27124
1.94437 6.33099
1.75784 6.3853
1.56979 6.43412
1.38039 6.47739
1.1898 6.5151
0.998185 6.54719
0.805714 6.57365
0.612549 6.59446
0.418857 6.60959
0.224805 6.61903
0.0305593 6.62277
0.163713 -6.62082
0.357844 -6.61317
0.551667 -6.59983
0.745015 -6.58081
0.937723 -6.55612
1.12962 -6.5258
1.32055 -6.48986
1.51034 -6.44833
1.69884 -6.40125
1.88587 -6.34867
2.07127 -6.29062
2.2549 -6.22716
2.43658 -6.15834
2.61617 -6.08422
2.79351 -6.00487
2.96844 -5.92034
3.14082 -5.83072
3.31049 -5.73609
