6.610780 0.000000
6.610681 -0.036070
6.610386 -0.072117
6.609896 -0.108120
6.609210 -0.144055
6.608331 -0.179901
6.607262 -0.215634
6.606004 -0.251234
6.604561 -0.286677
6.602936 -0.321940
6.601133 -0.357003
6.599157 -0.391842
6.597012 -0.426435
6.594703 -0.460760
6.592237 -0.494795
6.589619 -0.528518
6.586856 -0.561906
6.583955 -0.594937
6.580922 -0.627590
6.577767 -0.659843
6.574496 -0.691673
6.571118 -0.723058
6.567642 -0.753977
6.564077 -0.784409
6.560433 -0.814330
6.556717 -0.843721
6.552942 -0.872558
6.549117 -0.900821
6.545252 -0.928488
6.541357 -0.955537
6.537445 -0.981948
6.533525 -1.007699
6.529609 -1.032769
6.525708 -1.057137
6.521834 -1.080782
6.517997 -1.103684
6.514210 -1.125820
6.510484 -1.147172
6.506831 -1.167718
6.503261 -1.187437
6.499786 -1.206311
6.496419 -1.224318
6.493169 -1.241438
6.490048 -1.257653
6.487066 -1.272942
6.484235 -1.287286
6.481565 -1.300665
6.479065 -1.313062
6.476745 -1.324457
6.474615 -1.334832
6.472683 -1.344168
6.470957 -1.352449
6.469447 -1.359656
6.468158 -1.365773
6.467098 -1.370783
6.466273 -1.374670
6.465689 -1.377418
6.465349 -1.379012
6.465258 -1.379438
6.465419 -1.378681
6.465836 -1.376728
6.466508 -1.373567
6.467437 -1.369185
6.468623 -1.363572
6.470064 -1.356718
6.471758 -1.348614
6.473702 -1.339250
6.475892 -1.328621
6.478322 -1.316720
6.480986 -1.303543
6.483878 -1.289085
6.486987 -1.273346
6.490305 -1.256324
6.493821 -1.238020
6.497524 -1.218437
6.501401 -1.197578
6.505438 -1.175451
6.509621 -1.152062
6.513933 -1.127422
6.518360 -1.101542
6.522883 -1.074435
6.527484 -1.046118
6.532145 -1.016609
6.536846 -0.985927
6.541568 -0.954095
6.546290 -0.921138
6.550992 -0.887084
6.555652 -0.851961
6.560250 -0.815802
6.564764 -0.778641
6.569174 -0.740514
6.573459 -0.701460
6.577598 -0.661521
6.581572 -0.620741
6.585361 -0.579164
6.588946 -0.536840
6.592310 -0.493817
6.595436 -0.450149
6.598308 -0.405887
6.600911 -0.361089
6.603232 -0.315811
6.605259 -0.270111
6.606982 -0.224049
6.608391 -0.177686
6.609480 -0.131084
6.610242 -0.084305
6.610674 -0.037411
6.610773 0.009532
6.610539 0.056463
6.609972 0.103318
6.609077 0.150033
6.607857 0.196545
6.606320 0.242793
6.604472 0.288716
6.602324 0.334251
6.599887 0.379342
6.597173 0.423929
6.594196 0.467956
6.590972 0.511369
6.587516 0.554114
6.583846 0.596141
6.579980 0.637399
6.575936 0.677843
6.571735 0.717428
6.567397 0.756110
6.562942 0.793849
6.558391 0.830608
6.553766 0.866351
6.549086 0.901043
6.544374 0.934655
6.539649 0.967158
6.534933 0.998526
6.530246 1.028734
6.525607 1.057762
6.521036 1.085590
6.516550 1.112200
6.512167 1.137578
6.507906 1.161712
6.503780 1.184589
6.499807 1.206202
6.495999 1.226543
6.492370 1.245607
6.488933 1.263390
6.485699 1.279892
6.482677 1.295110
6.479877 1.309048
6.477307 1.321706
6.474973 1.333090
6.472883 1.343205
6.471040 1.352056
6.469448 1.359652
6.468110 1.366001
6.467029 1.371112
6.466204 1.374997
6.465636 1.377666
6.465323 1.379131
6.465265 1.379407
6.465457 1.378505
6.465897 1.376440
6.466580 1.373228
6.467501 1.368883
6.468654 1.363422
6.470034 1.356860
6.471633 1.349215
6.473443 1.340503
6.475456 1.330743
6.477664 1.319952
6.480059 1.308148
6.482629 1.295350
6.485366 1.281576
6.488259 1.266846
6.491299 1.251179
6.494474 1.234594
6.497773 1.217111
6.501185 1.198750
6.504700 1.179530
6.508305 1.159473
6.511989 1.138597
6.515742 1.116925
6.519550 1.094475
6.523403 1.071269
6.527290 1.047328
6.531198 1.022672
6.535117 0.997323
6.539035 0.971302
6.542942 0.944629
6.546825 0.917326
6.550676 0.889415
6.554482 0.860916
6.558234 0.831851
6.561922 0.802243
6.565535 0.772112
6.569065 0.741479
6.572502 0.710368
6.575838 0.678800
6.579063 0.646795
6.582169 0.614378
6.585149 0.581568
6.587995 0.548389
6.590700 0.514863
6.593257 0.481011
6.595660 0.446855
6.597903 0.412419
6.599980 0.377723
6.601886 0.342791
6.603618 0.307644
6.605169 0.272304
6.606537 0.236795
6.607719 0.201139
6.608711 0.165357
6.609512 0.129472
6.610118 0.093507
6.610530 0.057483
6.610745 0.021424
6.610764 -0.014648
6.610585 -0.050712
6.610211 -0.086743
6.609641 -0.122721
6.608876 -0.158623
6.607920 -0.194426
6.606774 -0.230108
6.605440 -0.265646
6.603923 -0.301019
6.602225 -0.336204
6.600351 -0.371178
6.598306 -0.405920
6.596094 -0.440407
6.593720 -0.474617
6.591192 -0.508528
6.588514 -0.542117
6.585694 -0.575363
6.582739 -0.608244
6.579655 -0.640737
6.576452 -0.672820
6.573137 -0.704472
6.569718 -0.735671
6.566205 -0.766395
6.562606 -0.796622
6.558932 -0.826330
6.555191 -0.855499
6.551394 -0.884105
6.547551 -0.912129
6.543673 -0.939547
6.539770 -0.966340
6.535853 -0.992486
6.531934 -1.017963
6.528023 -1.042750
6.524131 -1.066827
6.520271 -1.090173
6.516453 -1.112766
6.512689 -1.134586
6.508991 -1.155613
6.505370 -1.175826
6.501838 -1.195204
6.498405 -1.213728
6.495084 -1.231378
6.491885 -1.248133
6.488820 -1.263974
6.485898 -1.278881
6.483131 -1.292836
6.480528 -1.305819
6.478100 -1.317811
6.475856 -1.328794
6.473806 -1.338749
6.471957 -1.347659
6.470318 -1.355506
6.468897 -1.362273
6.467700 -1.367942
6.466735 -1.372498
6.466007 -1.375924
6.465521 -1.378205
6.465282 -1.379327
6.465293 -1.379274
6.465558 -1.378032
6.466078 -1.375590
6.466854 -1.371935
6.467888 -1.367055
6.469177 -1.360939
6.470721 -1.353578
6.472517 -1.344964
6.474562 -1.335087
6.476850 -1.323942
6.479376 -1.311523
6.482134 -1.297826
6.485114 -1.282848
6.488310 -1.266588
6.491710 -1.249045
6.495303 -1.230222
6.499078 -1.210120
6.503022 -1.188746
6.507120 -1.166105
6.511357 -1.142207
6.515718 -1.117062
6.520186 -1.090682
6.524743 -1.063081
6.529370 -1.034278
6.534050 -1.004290
6.538762 -0.973138
6.543487 -0.940846
6.548203 -0.907441
6.552890 -0.872949
6.557528 -0.837401
6.562094 -0.800830
6.566569 -0.763272
6.570930 -0.724764
6.575158 -0.685346
6.579233 -0.645060
6.583134 -0.603951
6.586842 -0.562065
6.590340 -0.519451
6.593609 -0.476159
6.596634 -0.432244
6.599398 -0.387757
6.601888 -0.342757
6.604091 -0.297301
6.605996 -0.251447
6.607593 -0.205255
6.608872 -0.158787
6.609829 -0.112106
6.610457 -0.065273
6.610754 -0.018351
6.610718 0.028595
6.610349 0.075503
6.609648 0.122308
6.608621 0.168948
6.607271 0.215361
6.605606 0.261484
6.603636 0.307257
6.601369 0.352618
6.598818 0.397511
6.595995 0.441878
6.592916 0.485662
6.589595 0.528810
6.586050 0.571269
6.582298 0.612990
6.578358 0.653924
6.574248 0.694024
6.569989 0.733247
6.565601 0.771551
6.561105 0.808897
6.556521 0.845247
6.551871 0.880567
6.547175 0.914824
6.542456 0.947989
6.537732 0.980034
6.533025 1.010934
6.528355 1.040665
6.523742 1.069208
6.519203 1.096543
6.514757 1.122655
6.510421 1.147529
6.506213 1.171154
6.502148 1.193518
6.498240 1.214616
6.494503 1.234438
6.490951 1.252983
6.487595 1.270246
6.484445 1.286226
6.481512 1.300924
6.478805 1.314342
6.476330 1.326483
6.474095 1.337350
6.472104 1.346951
6.470363 1.355291
6.468874 1.362380
6.467640 1.368225
6.466663 1.372837
6.465942 1.376226
6.465478 1.378405
6.465269 1.379386
6.465313 1.379182
6.465606 1.377806
6.466145 1.375273
6.466925 1.371599
6.467942 1.366799
6.469188 1.360889
6.470657 1.353885
6.472343 1.345805
6.474236 1.336665
6.476330 1.326484
6.478615 1.315279
6.481082 1.303069
6.483721 1.289873
6.486523 1.275709
6.489477 1.260596
6.492572 1.244554
6.495799 1.227602
6.499145 1.209760
6.502601 1.191048
6.506153 1.171485
6.509792 1.151093
6.513505 1.129892
6.517282 1.107901
6.521110 1.085142
6.524978 1.061635
6.528875 1.037401
6.532789 1.012461
6.536709 0.986836
6.540624 0.960548
6.544522 0.933617
6.548393 0.906064
6.552227 0.877912
6.556013 0.849180
6.559740 0.819892
6.563398 0.790069
6.566979 0.759732
6.570473 0.728902
6.573869 0.697603
6.577161 0.665855
6.580339 0.633680
6.583395 0.601101
6.586321 0.568139
6.589111 0.534816
6.591756 0.501154
6.594252 0.467176
6.596590 0.432904
6.598766 0.398360
6.600775 0.363565
6.602611 0.328543
6.604269 0.293315
6.605747 0.257904
6.607040 0.222333
6.608145 0.186622
6.609060 0.150796
6.609782 0.114876
6.610309 0.078884
6.610641 0.042844
6.610776 0.006776
6.610715 -0.029295
6.610457 -0.065348
6.610003 -0.101361
6.609354 -0.137311
6.608511 -0.173175
6.607477 -0.208931
6.606255 -0.244558
6.604846 -0.280032
6.603255 -0.315331
6.601485 -0.350433
6.599541 -0.385316
6.597427 -0.419957
6.595149 -0.454334
6.592712 -0.488425
6.590122 -0.522208
6.587386 -0.555660
6.584510 -0.588761
6.581502 -0.621486
6.578369 -0.653816
6.575119 -0.685727
6.571761 -0.717197
6.568302 -0.748206
6.564753 -0.778731
6.561123 -0.808750
6.557420 -0.838241
6.553656 -0.867184
6.549839 -0.895556
6.545980 -0.923337
6.542091 -0.950504
6.538181 -0.977036
6.534262 -1.002913
6.530344 -1.028113
6.526439 -1.052614
6.522559 -1.076397
6.518715 -1.099439
6.514918 -1.121721
6.511179 -1.143222
6.507511 -1.163920
6.503924 -1.183797
6.500431 -1.202831
6.497043 -1.221002
6.493770 -1.238291
6.490624 -1.254677
6.487615 -1.270141
6.484755 -1.284664
6.482053 -1.298226
6.479521 -1.310809
6.477166 -1.322394
6.475000 -1.332961
6.473030 -1.342494
6.471265 -1.350975
6.469714 -1.358385
6.468383 -1.364708
6.467280 -1.369927
6.466410 -1.374026
6.465780 -1.376989
6.465394 -1.378801
6.465256 -1.379447
6.465370 -1.378914
6.465738 -1.377186
6.466362 -1.374253
6.467243 -1.370102
6.468380 -1.364721
6.469774 -1.358101
6.471420 -1.350232
6.473318 -1.341106
6.475462 -1.330715
6.477847 -1.319053
6.480468 -1.306115
6.483318 -1.291899
6.486387 -1.276400
6.489666 -1.259619
6.493146 -1.241556
6.496815 -1.222213
6.500660 -1.201594
6.504668 -1.179704
6.508825 -1.156552
6.513114 -1.132146
6.517520 -1.106497
6.522026 -1.079620
6.526614 -1.051529
6.531266 -1.022242
6.535961 -0.991779
6.540680 -0.960161
6.545404 -0.927414
6.550111 -0.893563
6.554781 -0.858639
6.559392 -0.822672
6.563923 -0.785696
6.568355 -0.747748
6.572665 -0.708865
6.576833 -0.669089
6.580839 -0.628463
6.584664 -0.587033
6.588289 -0.544845
6.591696 -0.501950
6.594868 -0.458399
6.597788 -0.414244
6.600443 -0.369543
6.602818 -0.324350
6.604901 -0.278725
6.606682 -0.232727
6.608151 -0.186416
6.609300 -0.139853
6.610124 -0.093103
6.610618 -0.046226
6.610780 0.000713
6.610608 0.047651
6.610104 0.094525
6.609270 0.141271
6.608111 0.187826
6.606632 0.234129
6.604842 0.280117
6.602750 0.325730
6.600366 0.370908
6.597703 0.415594
6.594775 0.459731
6.591596 0.503263
6.588182 0.546138
6.584551 0.588303
6.580720 0.629710
6.576708 0.670310
6.572536 0.710060
6.568222 0.748914
6.563787 0.786834
6.559253 0.823780
6.554639 0.859715
6.549968 0.894608
6.545261 0.928425
6.540537 0.961138
6.535818 0.992721
6.531124 1.023149
6.526474 1.052400
6.521888 1.080454
6.517385 1.107295
6.512982 1.132906
6.508696 1.157274
6.504544 1.180388
6.500541 1.202239
6.496701 1.222819
6.493038 1.242123
6.489564 1.260148
6.486290 1.276890
6.483228 1.292349
6.480385 1.306527
6.477772 1.319426
6.475393 1.331049
6.473257 1.341401
6.471367 1.350489
6.469728 1.358320
6.468342 1.364903
6.467212 1.370246
6.466339 1.374360
6.465723 1.377257
6.465363 1.378947
6.465256 1.379445
6.465402 1.378763
6.465795 1.376916
6.466433 1.373918
6.467310 1.369785
6.468420 1.364532
6.469758 1.358176
6.471316 1.350733
6.473087 1.342220
6.475063 1.332655
6.477235 1.322057
6.479595 1.310441
6.482133 1.297829
6.484840 1.284237
6.487704 1.269685
6.490717 1.254193
6.493867 1.237779
6.497144 1.220463
6.500536 1.202265
6.504032 1.183205
6.507621 1.163304
6.511292 1.142580
6.515032 1.121056
6.518831 1.098750
6.522677 1.075685
6.526558 1.051880
6.530463 1.027357
6.534381 1.002137
6.538300 0.976240
6.542209 0.949688
6.546098 0.922502
6.549955 0.894703
6.553771 0.866313
6.557534 0.837353
6.561234 0.807845
6.564862 0.777811
6.568409 0.747271
6.571864 0.716248
6.575219 0.684764
6.578466 0.652840
6.581595 0.620498
6.584599 0.587760
6.587471 0.554649
6.590203 0.521186
6.592788 0.487394
6.595221 0.453294
6.597494 0.418908
6.599603 0.384259
6.601541 0.349370
6.603306 0.314261
6.604892 0.278956
6.606295 0.243478
6.607512 0.207847
6.608540 0.172087
6.609376 0.136220
6.610019 0.100268
6.610467 0.064254
6.610720 0.028199
6.610775 -0.007872
6.610634 -0.043939
6.610296 -0.079978
6.609762 -0.115968
6.609035 -0.151886
6.608114 -0.187709
6.607003 -0.223415
6.605705 -0.258982
6.604222 -0.294388
6.602558 -0.329610
6.600716 -0.364626
6.598703 -0.399413
6.596522 -0.433949
6.594178 -0.468213
6.591678 -0.502182
6.589028 -0.535833
6.586234 -0.569145
6.583304 -0.602096
6.580244 -0.634664
6.577063 -0.666826
6.573768 -0.698560
6.570368 -0.729846
6.566872 -0.760661
6.563288 -0.790983
6.559627 -0.820790
6.555898 -0.850062
6.552111 -0.878775
6.548276 -0.906910
6.544404 -0.934444
6.540505 -0.961356
6.536590 -0.987625
6.532670 -1.013229
6.528756 -1.038148
6.524860 -1.062360
6.520993 -1.085844
6.517166 -1.108580
6.513392 -1.130547
6.509680 -1.151725
6.506044 -1.172092
6.502494 -1.191629
6.499042 -1.210315
6.495699 -1.228130
6.492476 -1.245055
6.489385 -1.261069
6.486435 -1.276153
6.483638 -1.290288
6.481004 -1.303455
6.478543 -1.315635
6.476263 -1.326809
6.474176 -1.336958
6.472288 -1.346066
6.470609 -1.354114
6.469147 -1.361085
6.467907 -1.366961
6.466898 -1.371728
6.466125 -1.375367
6.465593 -1.377865
6.465308 -1.379205
6.465272 -1.379374
6.465488 -1.378357
6.465960 -1.376141
6.466689 -1.372715
6.467674 -1.368066
6.468915 -1.362183
6.470412 -1.355057
6.472161 -1.346678
6.474159 -1.337039
6.476402 -1.326133
6.478884 -1.313953
6.481598 -1.300497
6.484538 -1.285760
6.487694 -1.269740
6.491056 -1.252438
6.494614 -1.233855
6.498356 -1.213993
6.502269 -1.192858
6.506339 -1.170454
6.510551 -1.146792
6.514890 -1.121880
6.519339 -1.095731
6.523881 -1.068358
6.528497 -1.039779
6.533168 -1.010012
6.537876 -0.979077
6.542599 -0.946998
6.547318 -0.913799
6.552013 -0.879509
6.556661 -0.844158
6.561243 -0.807777
6.565736 -0.770401
6.570121 -0.732069
6.574375 -0.692818
6.578480 -0.652692
6.582415 -0.611734
6.586161 -0.569990
6.589700 -0.527509
6.593013 -0.484341
6.596085 -0.440538
6.598899 -0.396155
6.601442 -0.351247
6.603700 -0.305872
6.605661 -0.260088
6.607317 -0.213955
6.608657 -0.167535
6.609674 -0.120888
6.610365 -0.074079
6.610724 -0.027169
6.610750 0.019777
6.610443 0.066697
6.609805 0.113526
6.608838 0.160203
6.607549 0.206663
6.605943 0.252845
6.604029 0.298688
6.601817 0.344131
6.599318 0.389117
6.596545 0.433586
6.593513 0.477484
6.590237 0.520756
6.586733 0.563348
6.583018 0.605211
6.579112 0.646296
6.575032 0.686557
6.570800 0.725948
6.566434 0.764428
6.561957 0.801956
6.557388 0.838496
6.552748 0.874012
6.548060 0.908471
6.543343 0.941844
6.538619 0.974101
6.533907 1.005218
6.529229 1.035170
6.524603 1.063938
6.520049 1.091501
6.515584 1.117844
6.511227 1.142951
6.506993 1.166812
6.502900 1.189414
6.498961 1.210749
6.495191 1.230812
6.491603 1.249597
6.488210 1.267101
6.485021 1.283322
6.482046 1.298261
6.479296 1.311919
6.476777 1.324299
6.474496 1.335406
6.472459 1.345244
6.470671 1.353821
6.469134 1.361143
6.467852 1.367221
6.466827 1.372064
6.466058 1.375682
6.465546 1.378088
6.465289 1.379293
6.465285 1.379310
6.465532 1.378153
6.466025 1.375837
6.466761 1.372376
6.467733 1.367786
6.468936 1.362083
6.470364 1.355283
6.472010 1.347404
6.473865 1.338462
6.475922 1.328475
6.478171 1.317461
6.480605 1.305439
6.483212 1.292426
6.485984 1.278442
6.488911 1.263506
6.491980 1.247637
6.495183 1.230855
6.498508 1.213178
6.501944 1.194628
6.505479 1.175224
6.509102 1.154986
6.512803 1.133935
6.516568 1.112091
6.520388 1.089475
6.524249 1.066107
6.528141 1.042008
6.532053 1.017199
6.535973 0.991701
6.539889 0.965536
6.543791 0.938724
6.547669 0.911286
6.551510 0.883245
6.555306 0.854621
6.559044 0.825436
6.562717 0.795711
6.566313 0.765469
6.569823 0.734730
6.573239 0.703517
6.576551 0.671852
6.579751 0.639756
6.582830 0.607251
6.585782 0.574359
6.588598 0.541102
6.591271 0.507502
6.593795 0.473582
6.596163 0.439364
6.598370 0.404868
6.600411 0.370119
6.602279 0.335138
6.603972 0.299947
6.605483 0.264569
6.606811 0.229026
6.607952 0.193340
6.608902 0.157534
6.609661 0.121629
6.610225 0.085650
6.610594 0.049616
6.610766 0.013552
6.610741 -0.022520
6.610520 -0.058578
6.610103 -0.094600
6.609490 -0.130563
6.608684 -0.166445
6.607686 -0.202224
6.606499 -0.237876
6.605125 -0.273381
6.603568 -0.308714
6.601831 -0.343855
6.599919 -0.378781
6.597837 -0.413469
6.595589 -0.447897
6.593182 -0.482044
6.590620 -0.515886
6.587911 -0.549403
6.585060 -0.582571
6.582076 -0.615368
6.578966 -0.647774
6.575738 -0.679765
6.572399 -0.711320
6.568959 -0.742417
6.565427 -0.773034
6.561811 -0.803150
6.558121 -0.832742
6.554367 -0.861790
6.550559 -0.890271
6.546708 -0.918164
6.542823 -0.945448
6.538916 -0.972102
6.534998 -0.998103
6.531079 -1.023432
6.527171 -1.048066
6.523286 -1.071985
6.519434 -1.095168
6.515627 -1.117595
6.511876 -1.139243
6.508194 -1.160094
6.504591 -1.180127
6.501080 -1.199320
6.497671 -1.217655
6.494375 -1.235111
6.491204 -1.251668
6.488169 -1.267307
6.485280 -1.282009
6.482548 -1.295753
6.479983 -1.308521
6.477595 -1.320294
6.475392 -1.331055
6.473385 -1.340783
6.471581 -1.349463
6.469989 -1.357075
6.468616 -1.363604
6.467469 -1.369032
6.466555 -1.373342
6.465880 -1.376520
6.465447 -1.378549
6.465263 -1.379416
6.465329 -1.379104
6.465649 -1.377602
6.466225 -1.374897
6.467058 -1.370975
6.468147 -1.365826
6.469492 -1.359440
6.471092 -1.351806
6.472943 -1.342916
6.475041 -1.332763
6.477381 -1.321341
6.479958 -1.308643
6.482765 -1.294667
6.485794 -1.279409
6.489035 -1.262869
6.492478 -1.245047
6.496112 -1.225944
6.499925 -1.205564
6.503903 -1.183913
6.508033 -1.160997
6.512299 -1.136826
6.516685 -1.111410
6.521173 -1.084762
6.525747 -1.056898
6.530388 -1.027834
6.535076 -0.997590
6.539793 -0.966187
6.544517 -0.933650
6.549229 -0.900005
6.553907 -0.865280
6.558531 -0.829506
6.563079 -0.792717
6.567531 -0.754949
6.571865 -0.716238
6.576061 -0.676627
6.580100 -0.636158
6.583960 -0.594875
6.587624 -0.552826
6.591073 -0.510059
6.594291 -0.466627
6.597260 -0.422582
6.599965 -0.377979
6.602394 -0.332874
6.604533 -0.287326
6.606371 -0.241393
6.607899 -0.195136
6.609109 -0.148616
6.609994 -0.101896
6.610551 -0.055038
6.610775 -0.008106
6.610666 0.038837
6.610224 0.085728
6.609452 0.132503
6.608353 0.179098
6.606934 0.225453
6.605202 0.271505
6.603166 0.317193
6.600836 0.362457
6.598224 0.407240
6.595345 0.451484
6.592211 0.495134
6.588840 0.538136
6.585249 0.580439
6.581454 0.621992
6.577475 0.662747
6.573331 0.702660
6.569042 0.741686
6.564628 0.779784
6.560111 0.816915
6.555511 0.853044
6.550849 0.888134
6.546147 0.922156
6.541424 0.955079
6.536703 0.986876
6.532003 1.017522
6.527343 1.046996
6.522744 1.075277
6.518224 1.102346
6.513801 1.128189
6.509492 1.152791
6.505313 1.176142
6.501281 1.198231
6.497409 1.219050
6.493712 1.238595
6.490201 1.256860
6.486889 1.273843
6.483786 1.289543
6.480902 1.303962
6.478245 1.317100
6.475822 1.328963
6.473639 1.339553
6.471703 1.348878
6.470016 1.356945
6.468583 1.363761
6.467405 1.369336
6.466484 1.373680
6.465819 1.376805
6.465411 1.378721
6.465257 1.379442
6.465355 1.378981
6.465703 1.377351
6.466295 1.374569
6.467127 1.370647
6.468194 1.365604
6.469490 1.359453
6.471007 1.352213
6.472738 1.343900
6.474676 1.334532
6.476813 1.324126
6.479138 1.312700
6.481643 1.300273
6.484319 1.286864
6.487155 1.272491
6.490140 1.257174
6.493266 1.240931
6.496519 1.223783
6.499890 1.205750
6.503368 1.186851
6.506940 1.167105
6.510596 1.146535
6.514325 1.125159
6.518113 1.102999
6.521951 1.080075
6.525827 1.056408
6.529728 1.032018
6.533644 1.006927
6.537564 0.981155
6.541476 0.954725
6.545370 0.927656
6.549234 0.899971
6.553058 0.871690
6.556831 0.842836
6.560544 0.813429
6.564187 0.783492
6.567749 0.753045
6.571222 0.722111
6.574597 0.690712
6.577864 0.658869
6.581016 0.626604
6.584045 0.593939
6.586942 0.560897
6.589701 0.527498
6.592314 0.493766
6.594776 0.459722
6.597079 0.425388
6.599219 0.390787
6.601190 0.355941
6.602988 0.320872
6.604607 0.285602
6.606045 0.250155
6.607297 0.214551
6.608361 0.178813
6.609234 0.142964
6.609913 0.107027
6.610398 0.071022
6.610687 0.034974
6.610780 -0.001096
6.610675 -0.037165
6.610374 -0.073211
6.609878 -0.109212
6.609186 -0.145145
6.608302 -0.180988
6.607227 -0.216718
6.605963 -0.252313
6.604514 -0.287751
6.602884 -0.323009
6.601076 -0.358065
6.599094 -0.392897
6.596944 -0.427482
6.594630 -0.461799
6.592160 -0.495824
6.589537 -0.529537
6.586770 -0.562915
6.583864 -0.595935
6.580828 -0.628576
6.577669 -0.660816
6.574395 -0.692633
6.571014 -0.724004
6.567535 -0.754909
6.563968 -0.785325
6.560321 -0.815231
6.556604 -0.844605
6.552827 -0.873425
6.549000 -0.901670
6.545134 -0.929318
6.541239 -0.956349
6.537326 -0.982740
6.533406 -1.008471
6.529490 -1.033520
6.525590 -1.057866
6.521717 -1.081489
6.517882 -1.104367
6.514096 -1.126481
6.510372 -1.147808
6.506721 -1.168329
6.503154 -1.188023
6.499682 -1.206870
6.496318 -1.224851
6.493072 -1.241944
6.489955 -1.258131
6.486978 -1.273391
6.484152 -1.287706
6.481486 -1.301056
6.478991 -1.313423
6.476677 -1.324787
6.474553 -1.335131
6.472627 -1.344435
6.470908 -1.352684
6.469404 -1.359858
6.468123 -1.365942
6.467070 -1.370918
6.466252 -1.374770
6.465675 -1.377483
6.465342 -1.379042
6.465259 -1.379432
6.465428 -1.378639
6.465852 -1.376650
6.466532 -1.373451
6.467469 -1.369033
6.468663 -1.363382
6.470111 -1.356491
6.471813 -1.348348
6.473765 -1.338946
6.475962 -1.328278
6.478400 -1.316339
6.481071 -1.303122
6.483969 -1.288626
6.487085 -1.272847
6.490409 -1.255786
6.493931 -1.237444
6.497640 -1.217822
6.501521 -1.196925
6.505563 -1.174759
6.509750 -1.151332
6.514066 -1.126654
6.518496 -1.100736
6.523021 -1.073593
6.527625 -1.045239
6.532287 -1.015694
6.536989 -0.984977
6.541712 -0.953110
6.546433 -0.920120
6.551134 -0.886033
6.555793 -0.850878
6.560388 -0.814688
6.564900 -0.777496
6.569306 -0.739341
6.573587 -0.700260
6.577721 -0.660295
6.581690 -0.619489
6.585473 -0.577889
6.589052 -0.535543
6.592409 -0.492500
6.595527 -0.448812
6.598391 -0.404534
6.600986 -0.359720
6.603298 -0.314428
6.605316 -0.268717
6.607029 -0.222645
6.608429 -0.176274
6.609508 -0.129665
6.610260 -0.082881
6.610682 -0.035986
6.610771 0.010959
6.610526 0.057888
6.609950 0.104739
6.609045 0.151449
6.607815 0.197955
6.606268 0.244194
6.604411 0.290105
6.602254 0.335628
6.599809 0.380704
6.597086 0.425275
6.594102 0.469284
6.590870 0.512677
6.587408 0.555401
6.583731 0.597405
6.579859 0.638640
6.575811 0.679059
6.571606 0.718617
6.567264 0.757271
6.562805 0.794981
6.558252 0.831709
6.553624 0.867420
6.548943 0.902080
6.544230 0.935659
6.539506 0.968128
6.534791 0.999461
6.530104 1.029634
6.525467 1.058625
6.520898 1.086416
6.516415 1.112989
6.512036 1.138330
6.507778 1.162425
6.503657 1.185264
6.499688 1.206839
6.495886 1.227141
6.492263 1.246166
6.488832 1.263911
6.485604 1.280373
6.482588 1.295553
6.479795 1.309451
6.477232 1.322071
6.474906 1.333416
6.472823 1.343492
6.470987 1.352305
6.469403 1.359863
6.468074 1.366174
6.467000 1.371248
6.466183 1.375096
6.465623 1.377728
6.465318 1.379157
6.465267 1.379396
6.465467 1.378459
6.465914 1.376360
6.466604 1.373113
6.467533 1.368734
6.468693 1.363239
6.470079 1.356644
6.471684 1.348966
6.473501 1.340222
6.475520 1.330430
6.477734 1.319608
6.480134 1.307773
6.482710 1.294945
6.485452 1.281143
6.488350 1.266384
6.491393 1.250689
6.494572 1.234076
6.497875 1.216566
6.501290 1.198179
6.504808 1.178933
6.508416 1.158851
6.512102 1.137951
6.515856 1.116254
6.519667 1.093781
6.523521 1.070553
6.527408 1.046589
6.531317 1.021912
6.535236 0.996542
6.539154 0.970501
6.543060 0.943809
6.546943 0.916487
6.550792 0.888557
6.554597 0.860041
6.558347 0.830960
6.562033 0.801335
6.565644 0.771188
6.569171 0.740541
6.572605 0.709416
6.575937 0.677834
6.579159 0.645817
6.582261 0.613387
6.585237 0.580566
6.588079 0.547376
6.590780 0.513839
6.593332 0.479978
6.595730 0.445813
6.597968 0.411368
6.600040 0.376665
6.601942 0.341726
6.603667 0.306573
6.605213 0.271228
6.606576 0.235714
6.607752 0.200053
6.608739 0.164268
6.609533 0.128380
6.610134 0.092413
6.610539 0.056388
6.610748 0.020328
6.610761 -0.015744
6.610577 -0.051807
6.610196 -0.087837
6.609620 -0.123813
6.608850 -0.159712
6.607888 -0.195512
6.606736 -0.231190
6.605397 -0.266724
6.603874 -0.302091
6.602171 -0.337270
6.600292 -0.372237
6.598241 -0.406972
6.596024 -0.441451
6.593646 -0.475652
6.591113 -0.509553
6.588430 -0.543133
6.585606 -0.576368
6.582647 -0.609237
6.579560 -0.641718
6.576353 -0.673788
6.573034 -0.705427
6.569613 -0.736612
6.566097 -0.767321
6.562496 -0.797532
6.558819 -0.827224
6.555077 -0.856376
6.551278 -0.884965
6.547434 -0.912971
6.543555 -0.940371
6.539651 -0.967144
6.535734 -0.993270
6.531815 -1.018726
6.527904 -1.043492
6.524013 -1.067547
6.520154 -1.090870
6.516338 -1.113440
6.512576 -1.135237
6.508880 -1.156239
6.505262 -1.176427
6.501732 -1.195780
6.498303 -1.214278
6.494985 -1.231900
6.491790 -1.248628
6.488729 -1.264441
6.485811 -1.279319
6.483049 -1.293245
6.480452 -1.306198
6.478029 -1.318160
6.475791 -1.329111
6.473746 -1.339035
6.471904 -1.347913
6.470271 -1.355728
6.468857 -1.362461
6.467667 -1.368097
6.466709 -1.372619
6.465988 -1.376010
6.465510 -1.378256
6.465278 -1.379342
6.465297 -1.379253
6.465570 -1.377976
6.466097 -1.375497
6.466882 -1.371805
6.467923 -1.366887
6.469220 -1.360734
6.470772 -1.353335
6.472576 -1.344682
6.474628 -1.334767
6.476923 -1.323584
6.479457 -1.311126
6.482221 -1.297390
6.485208 -1.282373
6.488410 -1.266074
6.491816 -1.248492
6.495415 -1.229630
6.499196 -1.209489
6.503144 -1.188077
6.507247 -1.165398
6.511488 -1.141461
6.515852 -1.116278
6.520323 -1.089861
6.524882 -1.062224
6.529512 -1.033384
6.534193 -1.003360
6.538906 -0.972174
6.543630 -0.939848
6.548346 -0.906409
6.553032 -0.871884
6.557667 -0.836305
6.562232 -0.799704
6.566703 -0.762116
6.571061 -0.723580
6.575285 -0.684135
6.579354 -0.643823
6.583249 -0.602690
6.586952 -0.560781
6.590443 -0.518145
6.593705 -0.474834
6.596721 -0.430900
6.599478 -0.386398
6.601959 -0.341383
6.604154 -0.295913
6.606049 -0.250048
6.607636 -0.203847
6.608906 -0.157372
6.609853 -0.110685
6.610471 -0.063848
6.610758 -0.016925
6.610712 0.030021
6.610332 0.076926
6.609622 0.123728
6.608584 0.170362
6.607225 0.216767
6.605551 0.262880
6.603571 0.308641
6.601295 0.353989
6.598736 0.398867
6.595905 0.443217
6.592819 0.486982
6.589491 0.530110
6.585939 0.572548
6.582181 0.614245
6.578235 0.655154
6.574121 0.695229
6.569858 0.734424
6.565466 0.772700
6.560967 0.810016
6.556381 0.846335
6.551729 0.881623
6.547032 0.915848
6.542312 0.948979
6.537589 0.980990
6.532883 1.011854
6.528214 1.041550
6.523602 1.070056
6.519066 1.097354
6.514623 1.123429
6.510292 1.148265
6.506087 1.171852
6.502026 1.194178
6.498123 1.215236
6.494392 1.235021
6.490846 1.253526
6.487496 1.270750
6.484353 1.286692
6.481427 1.301351
6.478726 1.314730
6.476259 1.326832
6.474031 1.337661
6.472048 1.347223
6.470314 1.355525
6.468833 1.362576
6.467607 1.368383
6.466637 1.372958
6.465924 1.376310
6.465468 1.378453
6.465267 1.379397
6.465318 1.379157
6.465619 1.377746
6.466165 1.375179
6.466953 1.371470
6.467976 1.366636
6.469229 1.360692
6.470705 1.353655
6.472397 1.345543
6.474297 1.336371
6.476397 1.326159
6.478687 1.314923
6.481159 1.302683
6.483804 1.289457
6.486610 1.275264
6.489569 1.260122
6.492668 1.244052
6.495899 1.227073
6.499249 1.209204
6.502707 1.190466
6.506263 1.170878
6.509904 1.150461
6.513619 1.129235
6.517398 1.107221
6.521227 1.084438
6.525096 1.060909
6.528994 1.036654
6.532908 1.011693
6.536828 0.986047
6.540742 0.959739
6.544640 0.932789
6.548511 0.905217
6.552343 0.877047
6.556127 0.848299
6.559852 0.818994
6.563508 0.789155
6.567087 0.758802
6.570577 0.727958
6.573971 0.696645
6.577259 0.664884
6.580433 0.632696
6.583486 0.600105
6.586408 0.567131
6.589193 0.533798
6.591834 0.500127
6.594325 0.466140
6.596659 0.431859
6.598830 0.397306
6.600833 0.362504
6.602664 0.327476
6.604317 0.292242
6.605789 0.256826
6.607076 0.221250
6.608176 0.185536
6.609084 0.149706
6.609800 0.113783
6.610322 0.077790
6.610648 0.041748
6.610777 0.005680
6.610710 -0.030391
6.610446 -0.066443
6.609986 -0.102454
6.609331 -0.138401
6.608483 -0.174263
6.607443 -0.210016
6.606215 -0.245638
6.604800 -0.281107
6.603204 -0.316400
6.601429 -0.351496
6.599479 -0.386372
6.597360 -0.421005
6.595077 -0.455374
6.592635 -0.489456
6.590041 -0.523229
6.587300 -0.556671
6.584420 -0.589760
6.581408 -0.622474
6.578272 -0.654791
6.575018 -0.686689
6.571657 -0.718146
6.568196 -0.749140
6.564644 -0.779650
6.561011 -0.809653
6.557307 -0.839129
6.553540 -0.868054
6.549722 -0.896409
6.545863 -0.924171
6.541972 -0.951319
6.538062 -0.977832
6.534142 -1.003689
6.530225 -1.028867
6.526321 -1.053347
6.522442 -1.077108
6.518599 -1.100128
6.514803 -1.122386
6.511067 -1.143862
6.507401 -1.164536
6.503817 -1.184388
6.500327 -1.203396
6.496941 -1.221540
6.493672 -1.238802
6.490530 -1.255160
6.487526 -1.270596
6.484671 -1.285090
6.481974 -1.298623
6.479446 -1.311176
6.477098 -1.322730
6.474937 -1.333266
6.472973 -1.342768
6.471215 -1.351216
6.469670 -1.358593
6.468346 -1.364883
6.467250 -1.370068
6.466387 -1.374133
6.465765 -1.377061
6.465386 -1.378838
6.465256 -1.379449
6.465377 -1.378879
6.465753 -1.377115
6.466385 -1.374145
6.467274 -1.369956
6.468419 -1.364538
6.469820 -1.357880
6.471474 -1.349973
6.473379 -1.340809
6.475531 -1.330379
6.477924 -1.318679
6.480552 -1.305702
6.483408 -1.291447
6.486483 -1.275909
6.489769 -1.259089
6.493255 -1.240987
6.496929 -1.221605
6.500780 -1.200947
6.504792 -1.179019
6.508953 -1.155829
6.513246 -1.131385
6.517656 -1.105699
6.522165 -1.078784
6.526755 -1.050657
6.531408 -1.021334
6.536104 -0.990835
6.540824 -0.959183
6.545547 -0.926402
6.550253 -0.892518
6.554922 -0.857562
6.559531 -0.821563
6.564060 -0.784557
6.568487 -0.746580
6.572793 -0.707670
6.576957 -0.667867
6.580958 -0.627217
6.584777 -0.585762
6.588396 -0.543552
6.591796 -0.500636
6.594960 -0.457066
6.597873 -0.412894
6.600519 -0.368177
6.602886 -0.322970
6.604960 -0.277333
6.606731 -0.231324
6.608191 -0.185004
6.609330 -0.138436
6.610144 -0.091680
6.610628 -0.044801
6.610779 0.002139
6.610598 0.049077
6.610083 0.095947
6.609240 0.142688
6.608071 0.189237
6.606583 0.235531
6.604783 0.281508
6.602682 0.327109
6.600289 0.372273
6.597618 0.416943
6.594682 0.461062
6.591495 0.504575
6.588075 0.547429
6.584437 0.589572
6.580601 0.630955
6.576584 0.671531
6.572407 0.711253
6.568089 0.750080
6.563651 0.787971
6.559114 0.824886
6.554498 0.860791
6.549826 0.895651
6.545117 0.929435
6.540393 0.962115
6.535675 0.993663
6.530982 1.024055
6.526334 1.053270
6.521750 1.081288
6.517250 1.108091
6.512850 1.133664
6.508568 1.157994
6.504420 1.181070
6.500422 1.202883
6.496587 1.223424
6.492929 1.242690
6.489461 1.260675
6.486194 1.277378
6.483138 1.292799
6.480303 1.306938
6.477696 1.319798
6.475325 1.331382
6.473196 1.341696
6.471313 1.350746
6.469682 1.358539
6.468304 1.365083
6.467182 1.370389
6.466317 1.374466
6.465708 1.377326
6.465356 1.378980
6.465257 1.379442
6.465410 1.378724
6.465811 1.376842
6.466456 1.373809
6.467340 1.369642
6.468458 1.364355
6.469802 1.357966
6.471367 1.350490
6.473144 1.341945
6.475126 1.332349
6.477304 1.321719
6.479670 1.310073
6.482213 1.297430
6.484924 1.283809
6.487794 1.269228
6.490811 1.253707
6.493965 1.237266
6.497245 1.219923
6.500641 1.201699
6.504140 1.182613
6.507732 1.162686
6.511404 1.141938
6.515147 1.120390
6.518947 1.098061
6.522794 1.074973
6.526676 1.051146
6.530582 1.026601
6.534500 1.001360
6.538419 0.975443
6.542328 0.948871
6.546216 0.921666
6.550072 0.893849
6.553886 0.865442
6.557647 0.836465
6.561346 0.806940
6.564971 0.776890
6.568515 0.746335
6.571968 0.715298
6.575319 0.683800
6.578562 0.651863
6.581688 0.619509
6.584688 0.586760
6.587556 0.553638
6.590284 0.520164
6.592864 0.486362
6.595292 0.452253
6.597560 0.417859
6.599664 0.383203
6.601598 0.348306
6.603357 0.313192
6.604937 0.277881
6.606334 0.242397
6.607546 0.206762
6.608568 0.170999
6.609399 0.135129
6.610036 0.099175
6.610478 0.063159
6.610724 0.027104
6.610774 -0.008968
6.610626 -0.045034
6.610283 -0.081072
6.609743 -0.117060
6.609010 -0.152976
6.608083 -0.188795
6.606967 -0.224498
6.605663 -0.260061
6.604174 -0.295461
6.602504 -0.330677
6.600658 -0.365686
6.598639 -0.400466
6.596453 -0.434994
6.594104 -0.469249
6.591600 -0.503209
6.588945 -0.536850
6.586147 -0.570152
6.583213 -0.603091
6.580149 -0.635647
6.576964 -0.667796
6.573666 -0.699518
6.570263 -0.730789
6.566764 -0.761589
6.563178 -0.791896
6.559515 -0.821687
6.555784 -0.850942
6.551995 -0.879639
6.548159 -0.907755
6.544286 -0.935271
6.540386 -0.962163
6.536471 -0.988412
6.532551 -1.013996
6.528638 -1.038894
6.524742 -1.063084
6.520876 -1.086546
6.517051 -1.109259
6.513278 -1.131202
6.509569 -1.152356
6.505935 -1.172698
6.502388 -1.192209
6.498939 -1.210869
6.495599 -1.228657
6.492380 -1.245555
6.489293 -1.261541
6.486348 -1.276597
6.483556 -1.290703
6.480927 -1.303840
6.478471 -1.315989
6.476197 -1.327132
6.474115 -1.337250
6.472234 -1.346326
6.470562 -1.354342
6.469106 -1.361279
6.467873 -1.367123
6.466871 -1.371855
6.466105 -1.375460
6.465581 -1.377923
6.465303 -1.379227
6.465274 -1.379360
6.465499 -1.378307
6.465979 -1.376055
6.466715 -1.372592
6.467708 -1.367905
6.468957 -1.361985
6.470461 -1.354821
6.472218 -1.346404
6.474224 -1.336726
6.476474 -1.325781
6.478963 -1.313563
6.481684 -1.300068
6.484631 -1.285292
6.487793 -1.269234
6.491161 -1.251893
6.494725 -1.233271
6.498472 -1.213370
6.502390 -1.192196
6.506465 -1.169754
6.510681 -1.146053
6.515024 -1.121104
6.519476 -1.094917
6.524020 -1.067508
6.528638 -1.038893
6.533311 -1.009090
6.538019 -0.978120
6.542743 -0.946006
6.547462 -0.912774
6.552155 -0.878451
6.556802 -0.843067
6.561381 -0.806656
6.565871 -0.769251
6.570252 -0.730890
6.574502 -0.691612
6.578602 -0.651460
6.582532 -0.610477
6.586272 -0.568710
6.589804 -0.526207
6.593110 -0.483019
6.596174 -0.439198
6.598980 -0.394798
6.601515 -0.349875
6.603764 -0.304487
6.605716 -0.258691
6.607362 -0.212549
6.608692 -0.166121
6.609700 -0.119468
6.610380 -0.072655
6.610730 -0.025743
6.610746 0.021203
6.610429 0.068121
6.609780 0.114947
6.608804 0.161617
6.607504 0.208070
6.605889 0.254243
6.603966 0.300074
6.601745 0.345505
6.599238 0.390476
6.596457 0.434929
6.593417 0.478808
6.590134 0.522060
6.586623 0.564631
6.582902 0.606471
6.578990 0.647532
6.574906 0.687766
6.570669 0.727130
6.566300 0.765582
6.561819 0.803081
6.557248 0.839590
6.552607 0.875075
6.547917 0.909501
6.543200 0.942840
6.538475 0.975063
6.533765 1.006145
6.529088 1.036062
6.524464 1.064793
6.519912 1.092319
6.515450 1.118625
6.511096 1.143695
6.506867 1.167517
6.502778 1.190081
6.498844 1.211378
6.495080 1.231402
6.491497 1.250148
6.488110 1.267613
6.484927 1.283795
6.481960 1.298695
6.479216 1.312314
6.476704 1.324655
6.474431 1.335723
6.472401 1.345523
6.470620 1.354061
6.469092 1.361346
6.467817 1.367387
6.466800 1.372192
6.466039 1.375773
6.465534 1.378142
6.465285 1.379310
6.465289 1.379292
6.465543 1.378100
6.466044 1.375748
6.466787 1.372253
6.467766 1.367629
6.468977 1.361893
6.470411 1.355060
6.472063 1.347148
6.473925 1.338174
6.475987 1.328156
6.478243 1.317111
6.480681 1.305058
6.483294 1.292016
6.486071 1.278003
6.489002 1.263038
6.492076 1.247141
6.495283 1.230331
6.498611 1.212628
6.502050 1.194051
6.505588 1.174622
6.509214 1.154359
6.512916 1.133283
6.516684 1.111415
6.520504 1.088776
6.524367 1.065385
6.528260 1.041264
6.532172 1.016434
6.536092 0.990916
6.540008 0.964731
6.543910 0.937899
6.547786 0.910443
6.551626 0.882384
6.555420 0.853742
6.559157 0.824541
6.562827 0.794800
6.566421 0.764542
6.569929 0.733789
6.573341 0.702562
6.576650 0.670883
6.579846 0.638774
6.582922 0.606257
6.585869 0.573354
6.588681 0.540086
6.591350 0.506477
6.593869 0.472547
6.596233 0.438320
6.598435 0.403816
6.600470 0.369060
6.602333 0.334072
6.604020 0.298875
6.605527 0.263492
6.606849 0.227944
6.607984 0.192254
6.608928 0.156444
6.609681 0.120537
6.610239 0.084556
6.610602 0.048521
6.610768 0.012457
6.610738 -0.023616
6.610510 -0.059673
6.610087 -0.095694
6.609469 -0.131655
6.608657 -0.167534
6.607653 -0.203309
6.606460 -0.238957
6.605080 -0.274457
6.603517 -0.309785
6.601775 -0.344919
6.599858 -0.379838
6.597771 -0.414519
6.595518 -0.448939
6.593106 -0.483076
6.590540 -0.516909
6.587826 -0.550415
6.584972 -0.583573
6.581984 -0.616359
6.578870 -0.648752
6.575638 -0.680730
6.572296 -0.712272
6.568853 -0.743354
6.565318 -0.773957
6.561700 -0.804057
6.558008 -0.833633
6.554252 -0.862664
6.550443 -0.891127
6.546590 -0.919002
6.542705 -0.946268
6.538797 -0.972901
6.534879 -0.998883
6.530960 -1.024190
6.527053 -1.048803
6.523168 -1.072700
6.519317 -1.095861
6.515512 -1.118264
6.511763 -1.139889
6.508083 -1.160715
6.504483 -1.180722
6.500975 -1.199890
6.497569 -1.218199
6.494277 -1.235628
6.491110 -1.252157
6.488079 -1.267768
6.485195 -1.282440
6.482468 -1.296155
6.479908 -1.308893
6.477525 -1.320636
6.475328 -1.331365
6.473327 -1.341063
6.471529 -1.349710
6.469944 -1.357290
6.468578 -1.363785
6.467438 -1.369179
6.466531 -1.373456
6.465863 -1.376599
6.465438 -1.378593
6.465261 -1.379424
6.465335 -1.379076
6.465663 -1.377538
6.466247 -1.374795
6.467087 -1.370837
6.468184 -1.365650
6.469537 -1.359226
6.471144 -1.351554
6.473003 -1.342626
6.475108 -1.332435
6.477456 -1.320974
6.480040 -1.308238
6.482854 -1.294222
6.485889 -1.278926
6.489136 -1.262347
6.492585 -1.244485
6.496225 -1.225343
6.500043 -1.204925
6.504027 -1.183235
6.508161 -1.160281
