0.003906 0.007812 1.000000 1.961693
0.007812 0.015475 1.000000 1.923386
0.011719 0.022989 1.000000 1.885078
0.015625 0.030352 1.000000 1.846771
0.019531 0.037566 1.000000 1.808464
0.023438 0.044630 1.000000 1.770157
0.027344 0.051545 1.000000 1.731849
0.031250 0.058310 1.000000 1.693542
0.035156 0.064926 1.000000 1.655235
0.039062 0.071391 1.000000 1.616928
0.042969 0.077707 1.000000 1.578621
0.046875 0.083874 1.000000 1.540313
0.050781 0.089891 1.000000 1.502006
0.054688 0.095758 1.000000 1.463699
0.058594 0.101476 1.000000 1.425392
0.062500 0.107043 1.000000 1.387084
0.066406 0.112462 1.000000 1.348777
0.070312 0.117730 1.000000 1.310470
0.074219 0.122849 1.000000 1.272163
0.078125 0.127819 1.000000 1.233855
0.082031 0.132639 1.000000 1.195548
0.085938 0.137309 1.000000 1.157241
0.089844 0.141829 1.000000 1.118934
0.093750 0.146200 1.000000 1.080627
0.097656 0.150421 1.000000 1.042319
0.101562 0.154493 1.000000 1.004012
0.105469 0.158415 1.000000 0.965705
0.109375 0.162187 1.000000 0.927398
0.113281 0.165810 1.000000 0.889090
0.117188 0.169283 1.000000 0.850783
0.121094 0.172606 1.000000 0.812476
0.125000 0.175780 1.000000 0.774169
0.128906 0.178804 1.000000 0.735862
0.132812 0.181678 1.000000 0.697554
0.136719 0.184403 1.000000 0.659247
0.140625 0.186978 1.000000 0.620940
0.144531 0.189404 1.000000 0.582633
0.148438 0.191680 1.000000 0.544325
0.152344 0.193806 1.000000 0.506018
0.156250 0.195783 1.000000 0.467711
0.160156 0.197610 1.000000 0.429404
0.164062 0.199287 1.000000 0.391096
0.167969 0.200815 1.000000 0.352789
0.171875 0.202193 1.000000 0.314482
0.175781 0.203421 1.000000 0.276175
0.179688 0.204500 1.000000 0.237868
0.183594 0.205429 1.000000 0.199560
0.187500 0.206209 1.000000 0.161253
0.191406 0.206839 1.000000 0.122946
0.195312 0.207319 1.000000 0.084639
0.199219 0.207650 1.000000 0.046331
0.203125 0.207831 1.000000 0.008024
0.207031 0.207862 1.000000 -0.030283
0.210938 0.207744 1.000000 -0.068590
0.214844 0.207476 1.000000 -0.106897
0.218750 0.207058 1.000000 -0.145205
0.222656 0.206491 1.000000 -0.183512
0.226562 0.205774 1.000000 -0.221819
0.230469 0.204908 1.000000 -0.260126
0.234375 0.203891 1.000000 -0.298434
0.238281 0.202726 1.000000 -0.336741
0.242188 0.201410 1.000000 -0.375048
0.246094 0.199945 1.000000 -0.413355
0.250000 0.198331 1.000000 -0.451662
0.253906 0.196566 1.000000 -0.489970
0.257812 0.194652 1.000000 -0.528277
0.261719 0.192589 1.000000 -0.566584
0.265625 0.190376 1.000000 -0.604891
0.269531 0.188013 1.000000 -0.643199
0.273438 0.185500 1.000000 -0.681506
0.277344 0.182838 1.000000 -0.719813
0.281250 0.180026 1.000000 -0.758120
0.285156 0.177065 1.000000 -0.796428
0.289062 0.173954 1.000000 -0.834735
0.292969 0.170693 1.000000 -0.873042
0.296875 0.167283 1.000000 -0.911349
0.300781 0.163723 1.000000 -0.949656
0.304688 0.160013 1.000000 -0.987964
0.308594 0.156154 1.000000 -1.026271
0.312500 0.152145 1.000000 -1.064578
0.316406 0.147987 1.000000 -1.102885
0.320312 0.143679 1.000000 -1.141193
0.324219 0.139221 1.000000 -1.179500
0.328125 0.134613 1.000000 -1.217807
0.332031 0.129856 1.000000 -1.256114
0.335938 0.124950 1.000000 -1.294421
0.339844 0.119893 1.000000 -1.332729
0.343750 0.114687 1.000000 -1.371036
0.347656 0.109332 1.000000 -1.409343
0.351562 0.103826 1.000000 -1.447650
0.355469 0.098172 1.000000 -1.485958
0.359375 0.092367 1.000000 -1.524265
0.363281 0.086413 1.000000 -1.562572
0.367188 0.080309 1.000000 -1.600879
0.371094 0.074056 1.000000 -1.639187
0.375000 0.067653 1.000000 -1.677494
0.378906 0.061100 1.000000 -1.715801
0.382812 0.054397 1.000000 -1.754108
0.386719 0.047545 1.000000 -1.792415
0.390625 0.040544 1.000000 -1.830723
0.394531 0.033393 1.000000 -1.869030
0.398438 0.026092 1.000000 -1.907337
0.402344 0.018641 1.000000 -1.945644
0.406250 0.011041 1.000000 -1.983952
0.410156 0.003291 1.000000 -2.022259
0.414062 -0.004608 1.000000 -2.060566
