0.000000 0.000000 
0.000000 0.000000 
0.000000 0.000000 
0.000000 0.000000 
0.000000 0.000000 
0.000000 0.000000 
0.000000 0.000000 
0.000000 0.000000 
0.000000 0.000000 
0.000000 0.000000 
0.000000 0.000000 
0.000000 0.000000 
0.000000 0.000000 
0.000000 0.000000 
0.000000 0.000000 
0.000000 0.000000 
0.000000 0.000000 
0.000000 0.000000 
0.000000 0.000000 
0.000000 0.000000 
0.000000 0.000000 
0.000000 0.000000 
0.000000 0.000000 
0.000000 0.000000 
0.000000 0.000000 
0.000000 0.000000 
0.000000 0.000000 
0.000000 0.000000 
0.000000 0.000000 
0.000000 0.000000 
0.000000 0.000000 
0.000000 0.000000 
0.000000 0.000000 
0.000000 0.000000 
0.000000 0.000000 
0.000000 0.000000 
0.000000 0.000000 
0.000000 0.000000 
0.000000 0.000000 
0.000000 0.000000 
0.000000 0.000000 
0.000000 0.000000 
0.000000 0.000000 
0.000000 0.000000 
0.000001 0.000000 
0.000002 0.000001 
0.000008 0.000005 
0.000026 0.000016 
0.000085 0.000049 
0.000253 0.000137 
0.000706 0.000355 
0.001828 0.000850 
0.004400 0.001878 
0.009841 0.003827 
0.020445 0.007173 
0.039449 0.012339 
0.070665 0.019409 
0.117465 0.027777 
0.181113 0.035887 
0.258872 0.041330 
0.342807 0.041463 
0.420284 0.034464 
0.476684 0.020380 
0.499740 0.001581 
0.483807 -0.017816 
0.432076 -0.033384 
0.355556 -0.042034 
0.269255 -0.043015 
0.187376 -0.037840 
0.119643 -0.029297 
0.069974 -0.020196 
0.037415 -0.012471 
0.018251 -0.006918 
0.008103 -0.003451 
0.003266 -0.001549 
0.001191 -0.000624 
0.000392 -0.000226 
0.000116 -0.000073 
0.000031 -0.000021 
0.000007 -0.000005 
0.000002 -0.000001 
0.000000 -0.000000 
0.000000 -0.000000 
0.000000 -0.000000 
0.000000 -0.000000 
0.000000 -0.000000 
0.000000 -0.000000 
0.000000 -0.000000 
0.000000 -0.000000 
0.000000 -0.000000 
0.000000 -0.000000 
0.000000 0.000000 
0.000000 -0.000000 
0.000000 -0.000000 
0.000000 0.000000 
0.000000 0.000000 
0.000000 -0.000000 
0.000000 0.000000 
0.000000 -0.000000 
0.000000 0.000000 
0.000000 0.000000 
0.000000 0.000000 
0.000000 0.000000 
0.000000 0.000000 
0.000000 -0.000000 
0.000000 0.000000 
0.000000 0.000000 
0.000000 -0.000000 
0.000000 0.000000 
0.000000 0.000000 
0.000000 0.000000 
0.000000 0.000000 
0.000000 -0.000000 
0.000000 0.000000 
0.000000 0.000000 
0.000000 0.000000 
0.000000 -0.000000 
0.000000 -0.000000 
0.000000 0.000000 
0.000000 -0.000000 
0.000000 -0.000000 
0.000000 -0.000000 
0.000000 -0.000000 
0.000000 0.000000 
0.000000 0.000000 
0.000000 0.000000 
0.000000 0.000000 
0.000000 -0.000000 
0.000000 -0.000000 
0.000000 0.000000 
0.000000 0.000000 
0.000000 -0.000000 
0.000000 -0.000000 
0.000000 -0.000000 
0.000000 0.000000 
0.000000 0.000000 
0.000000 0.000000 
0.000000 -0.000000 
0.000000 -0.000000 
0.000000 -0.000000 
0.000000 -0.000000 
0.000000 0.000000 
0.000000 0.000000 
0.000000 -0.000000 
0.000000 -0.000000 
0.000000 -0.000000 
0.000000 -0.000000 
0.000000 0.000000 
0.000000 0.000000 
0.000000 0.000000 
0.000000 0.000000 
0.000000 0.000000 
0.000000 -0.000000 
0.000000 -0.000000 
0.000000 -0.000000 
0.000000 0.000000 
0.000000 0.000000 
0.000000 -0.000000 
-0.000000 -0.000000 
-0.000000 -0.000000 
-0.000000 -0.000000 
-0.000000 -0.000000 
-0.000000 -0.000000 
-0.000000 -0.000000 
-0.000000 -0.000000 
-0.000000 -0.000000 
-0.000000 -0.000000 
-0.000000 -0.000000 
-0.000000 -0.000000 
-0.000000 -0.000000 
-0.000000 -0.000000 
-0.000002 -0.000001 
-0.000005 -0.000003 
-0.000017 -0.000010 
-0.000049 -0.000027 
-0.000139 -0.000072 
-0.000371 -0.000179 
-0.000931 -0.000422 
-0.002205 -0.000932 
-0.004922 -0.001928 
-0.010348 -0.003730 
-0.020466 -0.006729 
-0.038042 -0.011287 
-0.066378 -0.017530 
-0.108590 -0.025076 
-0.166334 -0.032791 
-0.238205 -0.038750 
-0.318416 -0.040581 
-0.396584 -0.036235 
-0.459314 -0.024957 
-0.493580 -0.008010 
-0.490912 0.011337 
-0.450642 0.028752 
-0.380596 0.040383 
-0.294657 0.044274 
-0.208236 0.040934 
-0.133668 0.032812 
-0.077476 0.023048 
-0.040258 0.014224 
-0.018587 0.007696 
-0.007539 0.003627 
-0.002645 0.001473 
-0.000786 0.000507 
-0.000191 0.000144 
-0.000036 0.000033 
-0.000005 0.000005 
-0.000000 0.000001 
0.000000 -0.000000 
0.000000 -0.000000 
-0.000000 0.000000 
-0.000000 0.000000 
0.000000 0.000000 
0.000000 -0.000000 
-0.000000 0.000000 
-0.000000 0.000000 
0.000000 -0.000000 
-0.000000 -0.000000 
-0.000000 0.000000 
0.000000 0.000000 
-0.000000 -0.000000 
0.000000 0.000000 
-0.000000 0.000000 
0.000000 -0.000000 
0.000000 0.000000 
0.000000 -0.000000 
0.000000 0.000000 
-0.000000 -0.000000 
-0.000000 -0.000000 
0.000000 -0.000000 
-0.000000 0.000000 
0.000000 -0.000000 
0.000000 0.000000 
0.000000 0.000000 
0.000000 0.000000 
-0.000000 0.000000 
-0.000000 0.000000 
-0.000000 0.000000 
-0.000000 0.000000 
-0.000000 -0.000000 
-0.000000 -0.000000 
-0.000000 -0.000000 
0.000000 -0.000000 
0.000000 0.000000 
-0.000000 0.000000 
-0.000000 -0.000000 
-0.000000 0.000000 
-0.000000 -0.000000 
0.000000 0.000000 
-0.000000 0.000000 
0.000000 0.000000 
-0.000000 0.000000 
-0.000000 -0.000000 
0.000000 -0.000000 
0.000000 -0.000000 
0.000000 0.000000 
0.000000 -0.000000 
0.000000 0.000000 
0.000000 0.000000 
311546779121068136898790376186407860947780976243128248742798176435763098779898161197111027240333652025396975990122162827553800901917141654166003349302339853531911265204092935038066781387445166189455740702592534623017118254547063013342445568.000000 0.000000 
0.000000 0.000000 
0.000000 -0.000000 
0.000000 -0.000000 
0.000000 -0.000000 
0.000000 -0.000000 
0.000000 0.000000 
0.000000 0.000000 
0.000000 0.000000 
0.000000 0.000000 
0.000000 0.000000 
0.000000 -0.000000 
0.000000 -0.000000 
0.000000 0.000000 
0.000000 0.000000 
0.000000 0.000000 
0.000000 0.000000 
0.000000 0.000000 
0.000000 0.000000 
0.000000 -0.000000 
0.000000 -0.000000 
0.000000 -0.000000 
0.000000 0.000000 
0.000000 -0.000000 
0.000000 -0.000000 
0.000000 -0.000000 
0.000000 -0.000000 
0.000000 -0.000000 
0.000000 -0.000000 
0.000000 -0.000000 
0.000000 -0.000000 
0.000000 -0.000000 
0.000000 -0.000000 
0.000000 -0.000000 
0.000000 -0.000000 
0.000000 -0.000000 
0.000000 -0.000000 
0.000000 -0.000000 
0.000000 -0.000000 
932856605562587199265172020333853972744295615720227649993415568916480.000000 -0.000000 
387316361882259366414511992125162970189636696505305602773389142045271344572842816977421883025556886416999092655324549606690003231383991072482514669093746495490109696625308983319993264707251781848841225789405327585865699500057983713280.000000 -0.000001 
0.000000 -0.000004 
21213947767229236943277101681190688026374592282280731381116854943630939935702941568073728.000000 -0.000012 
4791613.286156 -0.000033 
35063890251944574907086678889640738294024049805297734872424637335488371192994432143773048476362491482312341037618710983659014818548159814209734682083328.000000 -0.000088 
11736446327445608488165603462117170616800043669134356871142975832177084873587390812930686732799366509334432131261594384144098136993570039866213110918905512733497736379635581604208927354810474743071321299351335075840.000000 -0.000226 
0.000000 -0.000551 
1414751110335142131454409333086060135779543928338806501594718779549957311952450138688358345824351107785454897524563292083058925496388969408302395240276876433466904342949107890403242169960155316224.000000 -0.001281 
11107065550711861301790850653259020218859302739176420301871709054524166818193419093954281685333181035793874516587435905433449291267316673088639235694594006765227045437515473714541745726823324167588324552229914544692072397471789995408372464043695938732032.000000 -0.002833 
83811391027892594459642955896432209736699826129736654548326854338206157082119800930397757343790675271863310129822887513355183546549561855385231273459175301093339896479744.000000 -0.005951 
6791931313932442096673160838218353938267833452778178933538636851538026030956544.000000 -0.011871 
931476717498353395655943051761643189527894330162034197109255670917753631470768727475934444770832913241842383410676509386367074073116182089976616908950848251248553707732477939041252987067209192249664681978250216312885647640849761200521491775488.000000 -0.022453 
128623803147850746825310715306852133490252063606579624865971549882569770315042835492041852276475491066091323705380152377149393459148059160910729072789996571518835301515611489730843373641994408214218210656822176873620745756660923468742414628743544832.000000 -0.040220 
0.000000 -0.068135 
0.000000 -0.108990 
579589882205034244263375406097097861861865655158714287548202164612620032105128411033790902145397896090603767759057075972531524336509486493484028911206912840251691738595328.000000 -0.164342 
0.000000 -0.233145 
52787857536111132883571297233218158824502309699923600691724207235449344841431994298499592671166465239551641160874803220340706480104878290280496875505576937441667540914189656696220132153087215309312413619223762113988227776360560459776.000000 -0.310522 
4812817263547147532079556843066237344458588379867633158245940680335284502831121743686452379648.000000 -0.387348 
3551520768592372740302587149020316488610518624794211589540900475750914415016053953341392119876242405305025895209132282411431186624039453833329237337921069677910354767561532333096960.000000 -0.451298 
1141153828311523686352988229150131201121850679948728850508643917343431992326651366930050559205702577461030938417575326505498425828882271855130167459273377086387530161414641481469732441497397798389738595828223301988127764850980419303300944363520.000000 -0.489566 
198130119727779052008078244625107834485589356910149452341642336373079136281163784155339179028627648381667997966483403578193909738609983271371032204037433264701440.000000 -0.492666 
0.000000 -0.457939 
60142414250583795440122065929147927535955745169440089596568389520428910726641655414245527367505937245090732512176659130473903525288897881098330512766480642477704865262426128384.000000 -0.391129 
11997537294749981592519963829266050625109458440966067675076194588914266555465725072478551538674738123738069665626418556491589899789698692122312659959808.000000 -0.305015 
11970446451292001433981822812316670325823576712027967231839900500207348297126064210554495170445839092360616113419564165946483653653318096156953208160256.000000 -0.215436 
0.000000 -0.136378 
96717768234215256520392704.000000 -0.076268 
1723872275233982315489843310846606540298780672.000000 -0.036892 
0.000000 -0.014915 
0.000000 -0.004717 
2387560.353308 -0.000978 
0.000000 -0.000021 
0.000000 0.000071 
0.000000 0.000023 
576346724838670.375000 0.000000 
51449693285534960785533450007433192398299482451432086823428423680.000000 -0.000002 
107482479334795855868978753166804753909148750367912729626696095741172852018840185962773009288061322609030753776124537392280153792354538873160248240133714589557928000250606420802142264901966318175200133677419718438128108992195189663873954953689434961336188880872924273180672.000000 -0.000000 
26302767733474944547749674591057258479616.000000 0.000000 
136910840524795839869500709878432988503083778331743974229886480646448087040.000000 0.000000 
0.000000 -0.000000 
0.000000 -0.000000 
16855055355098210695200529543323249949494514682883114982356657933494340869417319159873072923031027458962522410443431123453645256774836451499278239276901210701526159222512654884643077841173347144040448.000000 0.000000 
0.000000 0.000000 
4923067955232275553461632173093501505837861698402291319746822904684382130455764435886338267790057462645139434004202030389799810611144420580684857126089413542035849216.000000 -0.000000 
51791322208949214317287663811033860032519894494971781963864604672.000000 -0.000000 
0.000000 0.000000 
123656174568814112864103801823717374709037428276300134715178334359012807475051799125531636715278221634305819682046807075021726609756606361901258852339183242516033093367639735249998823145455198070799802525325190427575446405120.000000 -0.000000 
0.000000 -0.000000 
35063890251923793134281618897426152027708915979651495558639865537508802825219459305247310202938749027790333109752197661641248455988684192879969331838976.000000 0.000000 
11307340949587713668967548877498987835565989782848631959151551230924101512130550425605340695205821391594994989390511868576926738543280806971972569223706285931561965423221101492953990511585691084266037056520705609909154456333606468525547083384556503576917971675346898198208708608.000000 0.000000 
3031826419239726795163796845798393422313363347416925080711295212315822339808932385055667303708420907937480551474184186228031258729579573642168511927268136229544729119096496690561024.000000 -0.000000 
2786295730667864592587433812904080371679247040047129185968149240931628396915291561826222866432.000000 0.000000 
16649125762903834348571450497813726143554048630253767051686241276532092294922897753021851787407673153592509734762200425668289762604234230730881308295168.000000 0.000000 
314509867405691587966529804915703808.000000 -0.000000 
0.000000 0.000000 
27569850184114283684548204635935427526656.000000 0.000000 
767581407300163882286667039567647785672243094266145330412843623726044613751373264662033150097851167816047286185775553990974292537257646327715979830453336067023821057556480.000000 0.000000 
13817861837422207417883275665693980958353288053946148136447029267758664841986595840904577777942435950930625976292508153193363810751864308452227424547669048033280.000000 0.000000 
13756461345819692893797712786375036844571493724583035644205199880850354851565034758799889676426227176082686599247080493422276682925966356171172131790467635238193817090720997267321091357973519101496327589398103195648.000000 0.000000 
0.000000 0.000000 
210096598536837571418986291310972978402757088962547400443880209569928875815809011540491043819458986260712964941090943430848431208841258152017564682281754479736182209090079923635749674198231407388358864562814976.000000 0.000000 
0.000000 0.000000 
3983861098561266347198557477023195806208390647292511946358683591491926739601899534650916573373058034458231747484087449478377579735666321434630142764289641359419689593637514138579012390147759721372174949265729996547005146082137590587168865809980178038784.000000 0.000000 
4669202190918394421725857243890929643191454708673738122992925787304206130160817027458485258016056002026173434543629144452618002624060420916595592345009755323565095701656898244122411335912427984665944581395299239817637751592020584077485552606763810816000.000000 -0.000000 
0.000000 0.000000 
4546040636379329660728906781420425603387412202698284124186611679305359727774681595859882175359660179400999375545087994997227902739477209855783755317248.000000 0.000000 
6971287325309390038811428445152329413065929176572639655888668582822462740809800243139142813409377420527496285932862101304692205869411368431022244384066199798263134325421010953697664639275227598126361552816475029578512012691898368.000000 0.000000 
98084829291479980294575965720107499927381249475899367308988372748268480462902478933234618435548723015186295894414339239221711048350490688562255700991588820401237795661337263448412132384786904686309382539406117500332588090841690651069952032768.000000 0.000000 
5013847182519326933188998950416733641956273362943134856288934672351453640018395373642492121403112740416464129166853626051787669647292804564863207728598036693759754272811164287107072.000000 0.000000 
8423400392845527989224016463792154706915506553435746123397270835658984230844298515134705644697372286567003265639677567751016364017512041871683733122102229282836372870157330686518988863651933496689230487878474017530634604000091781021193916718525291036130675557500576298004643840.000000 0.000000 
5388236517880346779848356111642520671505481103711404181775078910658117997529497823182414320943858949735815210279180488480197172418205802814840331403723614416895299393274720158023554302110810668003244592554144988393168997858672640.000000 0.000000 
5112683106880124313250003193301848969003745591398075774785366351940557109054247838039704580339559384609442507768531632379463933628708912003463620896386497621066962085946010925077872702688755148816972439859690758285798740446445533706543865864170866760731788308792400289174913024.000000 0.000000 
22666705200431889749182312409529851016652918232572800685793477532690901894769817900929202223323341887181447175445458133555245120170952128260989595040086792204740063585490965219009101109727109767747518746951209703752351045033733914624.000000 0.000000 
0.000000 0.000000 
948701666451788327261523151886448282810527980703228522574020003050035600304551213761223804070673702770560372248382102291516065671238811339754493292470433712241256668594176.000000 -0.000000 
426252833832983738854180013981802539994755814464863821022659492680624924318157658595377286637575798730567399909180353742835436753070703784021914347848126248076989248621808556404066074349499782833437550900988843586125162942216874755480081201524511136601341952.000000 0.000000 
8905687971910866039184187832821098705761728592828620025354060856734327934758662889901178488907846638564411991206322932442378396932694715761228542555951970577319094900218161077777045872390254672270463438601823205337706159110566684711583232208334049247232.000000 -0.000000 
767581407300163560499276720945317395895643137325838270908063929508603548385898615339696428332723724571064130180093289430209696061592425837622792343735657352616244911538176.000000 0.000000 
1094763803254937876482699448547121655303280091572554029582033133372156555325938159278447998747934842805026604027528336366597466246217692856049023246737984633570896617914757845789542795182080.000000 0.000000 
13380237612647945501001622931468994590821490135461027241783374997736576034001898071105457501945556604547990983882827381550220601396655333903352664185839615475712.000000 0.000000 
0.000000 0.000000 
43499709715635208054491944296812319867284301547892863431359223209769159148669675175720380703556484589162219749561559192687897537642490266722518056656239690702119070988653788745998852504122456826445824.000000 -0.000000 
1323653891023706059634532970523563009861304133501813190429497309770287471041298102947497346485040635632501538893639121798864353362069154760871070854409907630625339575978847098140456879311273626022863640463241379840.000000 0.000000 
44132868541985350021872754649302602129820352053044185744497408739872230808872619973920263580175009057422557342880670509334089716094952424496057231054071670641271396309572418658034542335307514411745280.000000 0.000000 
905457127174541984024386789337637339099105488107531669731341926501285889821440746279875348719325087225195769626938995905270212903073641956060667439944220353039958016.000000 0.000000 
0.000000 -0.000000 
44132869407506475617869127170625011598525470330279499385880945918629166361447710503287150974574050329549157173453117840190676551334929303418170010786459080612315558358390531144953915945152348583624704.000000 0.000000 
0.000000 0.000000 
948701662873910705182730413315601441535698487008136999621730370116916401084719590919832650952812598534935549830655083164767374309155128170206176270507350759138417801428992.000000 0.000000 
0.000000 0.000000 
0.000000 0.000000 
2075913127568109331516640338878848476222606892581903175859345521964880542175741037450131170996522919169115997801127963320645894012379221104478441967456258211245209427784268619537818257695955660589320791376798986553078362327119514906523204583424.000000 0.000000 
0.000000 0.000000 
948701662873910705182730413315601441535698487008136999621730370116916401084719590919832650952812598534935549830655083164767374309155128170206176270507350759138417801428992.000000 0.000000 
0.000000 0.000000 
44132861420425028933227531407714773471093924926705231322893912460498590022563981365709025428809290065563390120829278163993564491513277974874496106855822288434471301655397019892945687333290327773544448.000000 0.000000 
905457127174541984024386789337637339099105488107531669731341926501285889821440746279875348719325087225195769626938995905270212903073641956060667439944220353039958016.000000 0.000000 
0.000000 0.000000 
148120224667454489627701223303704656121442662139689397777991436467005697153234932841512661428060189295581838179685839640387957506949023639105520680529986685108284878627795013116248303900335794758619637392503453850625011368490468385574292068094705664.000000 0.000000 
43497549393737256224800091367348741492977728528261906257766818215792782201116972519892270531227953098682910060632060711613749481907386552499208890785450171308498422896102899058562689060498054878068736.000000 0.000000 
1323653891023706059634532970523563009861304133501813190429497309770287471041298102947497346485040635632501538893639121798864353362069154760871070854409907630625339575978847098140456879311273626022863640463241379840.000000 0.000000 
73403863380892667958909473187396643548670358613069012231986577314406469072772126119861760877898022395418722656254106975227350112281575647122925430841551290570774861694235502932390591270978576061186432682746261807624072724480.000000 0.000000 
5341589061845808343991964260193881076145481578692784647230487978000611756942559593956195099791305850558971399904452141947639241022577429018948954332478260275212652424193143993052062305683189043074365511314638130187682822448218112.000000 -0.000000 
73406853388912556830880062398587337355107707578048469606094207670714973387496796208542630127563111649388506621980784974506906434696270220780976548201419302587190720446213357610242400963080281229345861052037757983006111301632.000000 -0.000000 
37030131799797315765787095650319587081709511440285954819666977283675495681290341732605509161299220792818273729085844787981343379571283111979214573161879842048013360060809667713545563446682361515360124840538198999647649400683185298832776875628036096.000000 0.000000 
73474629728679367521163210271433736433009946450425789624355024850994761781410910818337058428240769932888794259217437491157416686188640320116168063350225938096826133640103012745264287617371177669204155362072749098919167787008.000000 0.000000 
1887537089464782535785666925044181479837819569820193364694808255283398150871941751647837212487541548366904836780243843060884029682745795665668622148199459143942955236958416901572332842255924191645638757574871289958498304.000000 0.000000 
6988690532064327918834413208309134144171486216325862487243327061465666335403925252014426304540387227310084692860874210082068368530822133346546806384098360358760163836973261479221578577592995896282283164843855987863610860664520704.000000 -0.000000 
0.000000 0.000000 
932645981104403057294072472021286694992293369107482453265543275216896.000000 0.000000 
0.000000 -0.000000 
84811688159359111066774823131417149593916111405673843383931357453780779008.000000 0.000000 
1144258938953623998876913518858340205111362923171642766751622609347202070213065456667295624631245238826718877711280279429649889989294036218947231410290461595272529389969890971613785214950099545087927738821504311048800452902171190188958044651520.000000 0.000000 
357541274784722640128573153982988724234864848344688461633870861004448211950859143066239955346030094055069964999927977953684793776981565765395111291708949718368256.000000 0.000000 
0.000000 0.000000 
70734493149315570174263296.000000 0.000000 
0.000000 0.000000 
0.000000 0.000000 
261600908350347083569494488030511884203279913269528149583650167856528618229507915859597768790795720046143915364425552117385041008068744799557454271596435158328738484948892745463424396463824032764323394209656509960589639179350912808884285742077644572456910848.000000 0.000000 
7100554377945876601781969386963571312541635113580245646051969705663874585225181861501074100463572743656162318383088821419360707955913636847529301219139025593279654046186176030930627516985135609419368718401287786377615111554564693084340224.000000 0.000000 
8031157203632389614612079781074189357441732966496059533451909133638935096707056246415888380060089721146436728756797820428818447993363656177674197424660574403155920941479273664726192968138972912202024723910242101052120370511071645373698810192736107395537835768432461611008.000000 0.000000 
42297891402926506629638206852107247163919058097824695911501933803296531254867635380158464.000000 0.000000 
1723872275109932246140059181017591783851294720.000000 0.000000 
0.000000 0.000000 
13699115156730286699681334832268832950970550230238340481421409707811159907170433467568939049991393414966887951947895736642985404255177832924215348519731772522496.000000 0.000000 
1044403024081178066944.000000 0.000000 
5013847230158784352727052417484283199613999851542511060669766159905261323533995731753112125693236733243801900706064012676697897919919310926291291993621457933170637050759046519324672.000000 0.000001 
8423400392845527989224016463792154706915506553435746123397270835658984230844298515134705644697372286567003265639677567751016364017512041871683733122102229282836372870157330686518988863651933496689230487878474017530634604000091781021193916718525291036130675557500576298004643840.000000 0.000002 
3819959551441699346532953012053067577533519629619246924336261137320928212195665652769993923405733054811928827985091013643306828661325817457120982974469686856919384738500004747935744.000000 0.000007 
17514060184020976752802785434336360792142178583357104008685022852480299621619659266409649941971836697848004927639844088823288832352727291736764201706374616670247382630122449793684938843750400.000000 0.000018 
0.000000 0.000048 
350942363115456268050989996583269769917646613056346897922770638761939291936592874826173657917573208451174789555169508830203815690793086896785556719943052725544125401893780000294851688510415578069419811459212884614955643077351004157074340704800782488317198336.000000 0.000120 
0.000000 0.000288 
0.000000 0.000663 
11169239935705145052049261179612011374669024008186566100435931293942724941830644224565255698103763033602286042522846527322350968485631240416228613147494951033047611147009184734148405306351226298017196881137056796901376.000000 0.001461 
61805109074382958703066134086012402581561209793068371473439000160991455771120277734349620070504125686389610535769107649163179919392412368903073184282629170785791768134441905054858472337909507600679699590195399259723747295232.000000 0.003084 
8579574117185067961922644657066625320569573568361702111486391492880823879789488907628529391355399388003052702260150314582951240559994083116919736297921849134994068247894076412696824391706074132217142602892285863751069681443527732053182157205474819381438545239623090569216.000000 0.006223 
0.000000 0.011992 
0.000000 0.022041 
1105427234120487267958725388328176305500630162702114512961491310526238839940052861807583776273378070312394453800680954481935660542910655750658861340912260307933462528.000000 0.038590 
0.000000 0.064268 
0.000000 0.101645 
0.000000 0.152395 
0.000000 0.216159 
0.000000 0.289405 
0.000000 0.364786 
0.000000 0.431580 
0.000000 0.477581 
0.000000 0.492235 
0.000000 0.470137 
0.000000 0.413479 
0.000000 0.332144 
0.000000 0.241057 
0.000000 0.155649 
0.000000 0.087326 
0.000000 0.040854 
0.000000 0.014577 
0.000000 0.002892 
0.000000 -0.000594 
0.000000 -0.000767 
0.000000 -0.000273 
0.000000 0.000005 
0.000000 0.000046 
0.000000 0.000015 
0.000000 -0.000003 
73587646122184068869009199492344647121170126408167458649751689463095527270095844684347295227348345770908721749520235783668588170331774085036263002962932363150937245050067977067909742411429320516436172011578250004218890944512.000000 -0.000003 
0.000000 -0.000000 
0.000000 0.000001 
0.000000 0.000000 
0.000000 -0.000000 
0.000000 -0.000000 
0.000000 0.000000 
0.000000 0.000000 
0.000000 -0.000000 
0.000000 -0.000000 
90328265079730058519244165863449643015869953210599677895826988981358177552624766655978304888798757317997831606309857197945531476943091715545938093693320554749778776661306101405635686701956650608437248990011117875976598219645297681624549732019588372898815394454716742107136.000000 0.000000 
8041129738445968713517514794184514757553569771732565861324914551554061223213169289616087936924867561893065244744583369547542705932460052654157188927417628068285513728.000000 0.000000 
0.000000 -0.000000 
0.000000 0.000000 
0.000000 0.000000 
0.000000 -0.000000 
0.000000 -0.000000 
0.000000 0.000000 
0.000000 -0.000000 
0.000000 -0.000000 
0.000000 0.000000 
0.000000 -0.000000 
0.000000 -0.000000 
0.000000 0.000000 
0.000000 -0.000000 
0.000000 -0.000000 
0.000000 0.000000 
0.000000 -0.000000 
0.000000 0.000000 
0.000000 0.000000 
22047334339483924662894756524290811982335834656260296524005158044958536239653887925098235333658987659104521964646896935970063550010894485230012454699173092880417415879121403507494563453342785334924969433344113639424.000000 0.000000 
0.000000 0.000000 
0.000000 -0.000000 
0.000000 -0.000000 
0.000000 -0.000000 
0.000000 -0.000000 
0.000000 -0.000000 
0.000000 -0.000000 
0.000000 -0.000000 
0.000000 0.000000 
60174455072675190779694507423552389585378777362763016258008013127368730943496574442962761324154758148971558383513634986189968796875077030863745462498585679940992586570801348608.000000 0.000000 
0.000000 0.000000 
0.000000 0.000000 
0.000000 0.000000 
0.000000 -0.000000 
0.000000 -0.000000 
0.000000 0.000000 
0.000000 0.000000 
0.000000 0.000000 
0.000000 0.000000 
258686043184358362686196289935145724172259836220883361143274666226839157675633155966362818606293835110643936222715950291052218218230256283650594491132653621739520.000000 311546779121068136898790376186407860947780976243128248742798176435763098779898161197111027240333652025396975990122162827553800901917141654166003349302339853531911265204092935038066781387445166189455740702592534623017118254547063013342445568.000000 
0.000000 0.000000 
0.000000 0.000000 
0.000000 0.000000 
0.000000 0.000000 
0.000000 0.000000 
0.000000 0.000000 
0.000000 0.000000 
0.000000 0.000000 
0.000000 0.000000 
0.000000 0.000000 
0.000000 0.000000 
0.000000 0.000000 
0.000000 0.000000 
0.000000 0.000000 
0.000000 0.000000 
0.000000 0.000000 
0.000000 0.000000 
0.000000 0.000000 
0.000000 0.000000 
0.000000 0.000000 
0.000000 0.000000 
0.000000 0.000000 
0.000000 0.000000 
0.000000 0.000000 
0.000000 0.000000 
0.000000 0.000000 
0.000000 0.000000 
0.000000 0.000000 
73372314375109008351100335691303985367811925913279072175469198493866371894433919528202758277095452407098930525623418135148423035537532707110650207286849898797872977570704029240612997927409329409125221392842295141987967303680.000000 0.000000 
0.000000 0.000000 
0.000000 0.000000 
0.000000 0.000000 
0.000000 0.000000 
0.000000 0.000000 
0.000000 0.000000 
0.000000 0.000000 
0.000000 0.000000 
0.000000 0.000000 
0.000000 932856605562587199265172020333853972744295615720227649993415568916480.000000 
0.000000 387316361882259366414511992125162970189636696505305602773389142045271344572842816977421883025556886416999092655324549606690003231383991072482514669093746495490109696625308983319993264707251781848841225789405327585865699500057983713280.000000 
0.000000 0.000000 
0.000000 21213947767229236943277101681190688026374592282280731381116854943630939935702941568073728.000000 
0.000000 4791613.286156 
0.000000 35063890251944574907086678889640738294024049805297734872424637335488371192994432143773048476362491482312341037618710983659014818548159814209734682083328.000000 
0.000000 11736446327445608488165603462117170616800043669134356871142975832177084873587390812930686732799366509334432131261594384144098136993570039866213110918905512733497736379635581604208927354810474743071321299351335075840.000000 
0.000000 0.000000 
0.000000 1414751110335142131454409333086060135779543928338806501594718779549957311952450138688358345824351107785454897524563292083058925496388969408302395240276876433466904342949107890403242169960155316224.000000 
0.000000 11107065550711861301790850653259020218859302739176420301871709054524166818193419093954281685333181035793874516587435905433449291267316673088639235694594006765227045437515473714541745726823324167588324552229914544692072397471789995408372464043695938732032.000000 
0.000000 83811391027892594459642955896432209736699826129736654548326854338206157082119800930397757343790675271863310129822887513355183546549561855385231273459175301093339896479744.000000 
0.000000 6791931313932442096673160838218353938267833452778178933538636851538026030956544.000000 
0.000000 931476717498353395655943051761643189527894330162034197109255670917753631470768727475934444770832913241842383410676509386367074073116182089976616908950848251248553707732477939041252987067209192249664681978250216312885647640849761200521491775488.000000 
0.000000 128623803147850746825310715306852133490252063606579624865971549882569770315042835492041852276475491066091323705380152377149393459148059160910729072789996571518835301515611489730843373641994408214218210656822176873620745756660923468742414628743544832.000000 
0.000000 0.000000 
0.000000 0.000000 
0.000000 579589882205034244263375406097097861861865655158714287548202164612620032105128411033790902145397896090603767759057075972531524336509486493484028911206912840251691738595328.000000 
0.000000 0.000000 
0.000000 52787857536111132883571297233218158824502309699923600691724207235449344841431994298499592671166465239551641160874803220340706480104878290280496875505576937441667540914189656696220132153087215309312413619223762113988227776360560459776.000000 
0.000000 4812817263547147532079556843066237344458588379867633158245940680335284502831121743686452379648.000000 
1119578046442899756892362111922742172844586164306215327587800686444082097912300054824748187736619717848115858724283230744127838813503735749071772505360487868717231710215544635843874524276163961942984112093296993148862464.000000 3551520768592372740302587149020316488610518624794211589540900475750914415016053953341392119876242405305025895209132282411431186624039453833329237337921069677910354767561532333096960.000000 
4251097641410817668324684207836105457275474622080036552061481698039151379170703030213877195967294206847783580685057850893487520829631736402955167351264049494058349820623825749743805413494762781774520248953920138683579111890223104.000000 1141153828311523686352988229150131201121850679948728850508643917343431992326651366930050559205702577461030938417575326505498425828882271855130167459273377086387530161414641481469732441497397798389738595828223301988127764850980419303300944363520.000000 
0.000000 198130119727779052008078244625107834485589356910149452341642336373079136281163784155339179028627648381667997966483403578193909738609983271371032204037433264701440.000000 
0.000000 0.000000 
0.000000 60142414250583795440122065929147927535955745169440089596568389520428910726641655414245527367505937245090732512176659130473903525288897881098330512766480642477704865262426128384.000000 
0.000000 11997537294749981592519963829266050625109458440966067675076194588914266555465725072478551538674738123738069665626418556491589899789698692122312659959808.000000 
0.000000 11970446451292001433981822812316670325823576712027967231839900500207348297126064210554495170445839092360616113419564165946483653653318096156953208160256.000000 
0.000000 0.000000 
0.000000 96717768234215256520392704.000000 
0.000000 1723872275233982315489843310846606540298780672.000000 
40018355149296556068082583893544685094703150583679766220883312177063423149596914104293839391874267890408531784367140039068241936064411089806943848497152.000000 0.000000 
0.000000 0.000000 
0.000000 2387560.353308 
0.000000 0.000000 
0.000000 0.000000 
0.000000 0.000000 
0.000000 576346724838670.375000 
0.000000 51449693285534960785533450007433192398299482451432086823428423680.000000 
0.000000 107482479334795855868978753166804753909148750367912729626696095741172852018840185962773009288061322609030753776124537392280153792354538873160248240133714589557928000250606420802142264901966318175200133677419718438128108992195189663873954953689434961336188880872924273180672.000000 
0.000000 26302767733474944547749674591057258479616.000000 
90881598039329926221288400892135146096297039258998272008982036528453801653065267613657962398480525176101508106654576409983898156021935621854426577474693430228105722680654547646073363217563955957354170096882490579139556278272.000000 136910840524795839869500709878432988503083778331743974229886480646448087040.000000 
0.000000 0.000000 
0.000000 0.000000 
0.000000 16855055355098210695200529543323249949494514682883114982356657933494340869417319159873072923031027458962522410443431123453645256774836451499278239276901210701526159222512654884643077841173347144040448.000000 
0.000000 0.000000 
0.000000 4923067955232275553461632173093501505837861698402291319746822904684382130455764435886338267790057462645139434004202030389799810611144420580684857126089413542035849216.000000 
0.000000 51791322208949214317287663811033860032519894494971781963864604672.000000 
0.000000 0.000000 
0.000000 123656174568814112864103801823717374709037428276300134715178334359012807475051799125531636715278221634305819682046807075021726609756606361901258852339183242516033093367639735249998823145455198070799802525325190427575446405120.000000 
0.000000 0.000000 
0.000000 35063890251923793134281618897426152027708915979651495558639865537508802825219459305247310202938749027790333109752197661641248455988684192879969331838976.000000 
0.000000 11307340949587713668967548877498987835565989782848631959151551230924101512130550425605340695205821391594994989390511868576926738543280806971972569223706285931561965423221101492953990511585691084266037056520705609909154456333606468525547083384556503576917971675346898198208708608.000000 
0.000000 3031826419239726795163796845798393422313363347416925080711295212315822339808932385055667303708420907937480551474184186228031258729579573642168511927268136229544729119096496690561024.000000 
0.000000 2786295730667864592587433812904080371679247040047129185968149240931628396915291561826222866432.000000 
0.000000 16649125762903834348571450497813726143554048630253767051686241276532092294922897753021851787407673153592509734762200425668289762604234230730881308295168.000000 
0.000000 314509867405691587966529804915703808.000000 
0.000000 0.000000 
0.000000 27569850184114283684548204635935427526656.000000 
0.000000 767581407300163882286667039567647785672243094266145330412843623726044613751373264662033150097851167816047286185775553990974292537257646327715979830453336067023821057556480.000000 
0.000000 13817861837422207417883275665693980958353288053946148136447029267758664841986595840904577777942435950930625976292508153193363810751864308452227424547669048033280.000000 
0.000000 13756461345819692893797712786375036844571493724583035644205199880850354851565034758799889676426227176082686599247080493422276682925966356171172131790467635238193817090720997267321091357973519101496327589398103195648.000000 
785615961482590027776.000000 0.000000 
0.000000 210096598536837571418986291310972978402757088962547400443880209569928875815809011540491043819458986260712964941090943430848431208841258152017564682281754479736182209090079923635749674198231407388358864562814976.000000 
0.000000 0.000000 
0.000000 3983861098561266347198557477023195806208390647292511946358683591491926739601899534650916573373058034458231747484087449478377579735666321434630142764289641359419689593637514138579012390147759721372174949265729996547005146082137590587168865809980178038784.000000 
0.000000 4669202190918394421725857243890929643191454708673738122992925787304206130160817027458485258016056002026173434543629144452618002624060420916595592345009755323565095701656898244122411335912427984665944581395299239817637751592020584077485552606763810816000.000000 
0.000000 0.000000 
0.000000 4546040636379329660728906781420425603387412202698284124186611679305359727774681595859882175359660179400999375545087994997227902739477209855783755317248.000000 
0.000000 6971287325309390038811428445152329413065929176572639655888668582822462740809800243139142813409377420527496285932862101304692205869411368431022244384066199798263134325421010953697664639275227598126361552816475029578512012691898368.000000 
0.000000 98084829291479980294575965720107499927381249475899367308988372748268480462902478933234618435548723015186295894414339239221711048350490688562255700991588820401237795661337263448412132384786904686309382539406117500332588090841690651069952032768.000000 
0.000000 5013847182519326933188998950416733641956273362943134856288934672351453640018395373642492121403112740416464129166853626051787669647292804564863207728598036693759754272811164287107072.000000 
0.000000 8423400392845527989224016463792154706915506553435746123397270835658984230844298515134705644697372286567003265639677567751016364017512041871683733122102229282836372870157330686518988863651933496689230487878474017530634604000091781021193916718525291036130675557500576298004643840.000000 
0.000000 5388236517880346779848356111642520671505481103711404181775078910658117997529497823182414320943858949735815210279180488480197172418205802814840331403723614416895299393274720158023554302110810668003244592554144988393168997858672640.000000 
0.000000 5112683106880124313250003193301848969003745591398075774785366351940557109054247838039704580339559384609442507768531632379463933628708912003463620896386497621066962085946010925077872702688755148816972439859690758285798740446445533706543865864170866760731788308792400289174913024.000000 
0.000000 22666705200431889749182312409529851016652918232572800685793477532690901894769817900929202223323341887181447175445458133555245120170952128260989595040086792204740063585490965219009101109727109767747518746951209703752351045033733914624.000000 
0.000000 0.000000 
0.000000 948701666451788327261523151886448282810527980703228522574020003050035600304551213761223804070673702770560372248382102291516065671238811339754493292470433712241256668594176.000000 
0.000000 426252833832983738854180013981802539994755814464863821022659492680624924318157658595377286637575798730567399909180353742835436753070703784021914347848126248076989248621808556404066074349499782833437550900988843586125162942216874755480081201524511136601341952.000000 
0.000000 8905687971910866039184187832821098705761728592828620025354060856734327934758662889901178488907846638564411991206322932442378396932694715761228542555951970577319094900218161077777045872390254672270463438601823205337706159110566684711583232208334049247232.000000 
0.000000 767581407300163560499276720945317395895643137325838270908063929508603548385898615339696428332723724571064130180093289430209696061592425837622792343735657352616244911538176.000000 
0.000000 1094763803254937876482699448547121655303280091572554029582033133372156555325938159278447998747934842805026604027528336366597466246217692856049023246737984633570896617914757845789542795182080.000000 
0.000000 13380237612647945501001622931468994590821490135461027241783374997736576034001898071105457501945556604547990983882827381550220601396655333903352664185839615475712.000000 
0.000000 0.000000 
2075912755996838340576434388318976432932203589296003368733102203500496573646596150017174490900055465252282113266113619556708541340962736420955447958655293501493423296360129414102621046890320152997896331873180221662795087341869716077346795028480.000000 43499709715635208054491944296812319867284301547892863431359223209769159148669675175720380703556484589162219749561559192687897537642490266722518056656239690702119070988653788745998852504122456826445824.000000 
34191856986996901099229624406860987059876071584068149774249045023330593914513555735800799247576331464666300995578459754122872368011121392785832454773728227525570950991805817582077887191334501711133702248585683271680.000000 1323653891023706059634532970523563009861304133501813190429497309770287471041298102947497346485040635632501538893639121798864353362069154760871070854409907630625339575978847098140456879311273626022863640463241379840.000000 
0.000000 44132868541985350021872754649302602129820352053044185744497408739872230808872619973920263580175009057422557342880670509334089716094952424496057231054071670641271396309572418658034542335307514411745280.000000 
0.000000 905457127174541984024386789337637339099105488107531669731341926501285889821440746279875348719325087225195769626938995905270212903073641956060667439944220353039958016.000000 
-3141096157196991892016562857130101810585877344400019260192374200678046637956725048922159590974082282855968308749670633086910464.000000 0.000000 
0.000000 44132869407506475617869127170625011598525470330279499385880945918629166361447710503287150974574050329549157173453117840190676551334929303418170010786459080612315558358390531144953915945152348583624704.000000 
0.000000 0.000000 
0.000000 948701662873910705182730413315601441535698487008136999621730370116916401084719590919832650952812598534935549830655083164767374309155128170206176270507350759138417801428992.000000 
0.000000 0.000000 
0.000000 0.000000 
0.000000 2075913127568109331516640338878848476222606892581903175859345521964880542175741037450131170996522919169115997801127963320645894012379221104478441967456258211245209427784268619537818257695955660589320791376798986553078362327119514906523204583424.000000 
0.000000 0.000000 
0.000000 948701662873910705182730413315601441535698487008136999621730370116916401084719590919832650952812598534935549830655083164767374309155128170206176270507350759138417801428992.000000 
0.000000 0.000000 
0.000000 44132861420425028933227531407714773471093924926705231322893912460498590022563981365709025428809290065563390120829278163993564491513277974874496106855822288434471301655397019892945687333290327773544448.000000 
0.000000 905457127174541984024386789337637339099105488107531669731341926501285889821440746279875348719325087225195769626938995905270212903073641956060667439944220353039958016.000000 
0.000000 0.000000 
0.000000 148120224667454489627701223303704656121442662139689397777991436467005697153234932841512661428060189295581838179685839640387957506949023639105520680529986685108284878627795013116248303900335794758619637392503453850625011368490468385574292068094705664.000000 
0.000000 43497549393737256224800091367348741492977728528261906257766818215792782201116972519892270531227953098682910060632060711613749481907386552499208890785450171308498422896102899058562689060498054878068736.000000 
0.000000 1323653891023706059634532970523563009861304133501813190429497309770287471041298102947497346485040635632501538893639121798864353362069154760871070854409907630625339575978847098140456879311273626022863640463241379840.000000 
0.000000 73403863380892667958909473187396643548670358613069012231986577314406469072772126119861760877898022395418722656254106975227350112281575647122925430841551290570774861694235502932390591270978576061186432682746261807624072724480.000000 
0.000000 5341589061845808343991964260193881076145481578692784647230487978000611756942559593956195099791305850558971399904452141947639241022577429018948954332478260275212652424193143993052062305683189043074365511314638130187682822448218112.000000 
0.000000 73406853388912556830880062398587337355107707578048469606094207670714973387496796208542630127563111649388506621980784974506906434696270220780976548201419302587190720446213357610242400963080281229345861052037757983006111301632.000000 
0.000000 37030131799797315765787095650319587081709511440285954819666977283675495681290341732605509161299220792818273729085844787981343379571283111979214573161879842048013360060809667713545563446682361515360124840538198999647649400683185298832776875628036096.000000 
0.000000 73474629728679367521163210271433736433009946450425789624355024850994761781410910818337058428240769932888794259217437491157416686188640320116168063350225938096826133640103012745264287617371177669204155362072749098919167787008.000000 
0.000000 1887537089464782535785666925044181479837819569820193364694808255283398150871941751647837212487541548366904836780243843060884029682745795665668622148199459143942955236958416901572332842255924191645638757574871289958498304.000000 
0.000000 6988690532064327918834413208309134144171486216325862487243327061465666335403925252014426304540387227310084692860874210082068368530822133346546806384098360358760163836973261479221578577592995896282283164843855987863610860664520704.000000 
0.000000 0.000000 
0.000000 932645981104403057294072472021286694992293369107482453265543275216896.000000 
0.000000 0.000000 
0.000000 84811688159359111066774823131417149593916111405673843383931357453780779008.000000 
0.000000 1144258938953623998876913518858340205111362923171642766751622609347202070213065456667295624631245238826718877711280279429649889989294036218947231410290461595272529389969890971613785214950099545087927738821504311048800452902171190188958044651520.000000 
0.000000 357541274784722640128573153982988724234864848344688461633870861004448211950859143066239955346030094055069964999927977953684793776981565765395111291708949718368256.000000 
0.000000 0.000000 
0.000000 70734493149315570174263296.000000 
0.000000 0.000000 
0.000000 0.000000 
0.000000 261600908350347083569494488030511884203279913269528149583650167856528618229507915859597768790795720046143915364425552117385041008068744799557454271596435158328738484948892745463424396463824032764323394209656509960589639179350912808884285742077644572456910848.000000 
0.000000 7100554377945876601781969386963571312541635113580245646051969705663874585225181861501074100463572743656162318383088821419360707955913636847529301219139025593279654046186176030930627516985135609419368718401287786377615111554564693084340224.000000 
0.000000 8031157203632389614612079781074189357441732966496059533451909133638935096707056246415888380060089721146436728756797820428818447993363656177674197424660574403155920941479273664726192968138972912202024723910242101052120370511071645373698810192736107395537835768432461611008.000000 
0.000000 42297891402926506629638206852107247163919058097824695911501933803296531254867635380158464.000000 
0.000000 1723872275109932246140059181017591783851294720.000000 
0.000000 0.000000 
0.000000 13699115156730286699681334832268832950970550230238340481421409707811159907170433467568939049991393414966887951947895736642985404255177832924215348519731772522496.000000 
0.000000 1044403024081178066944.000000 
0.000000 5013847230158784352727052417484283199613999851542511060669766159905261323533995731753112125693236733243801900706064012676697897919919310926291291993621457933170637050759046519324672.000000 
0.000000 8423400392845527989224016463792154706915506553435746123397270835658984230844298515134705644697372286567003265639677567751016364017512041871683733122102229282836372870157330686518988863651933496689230487878474017530634604000091781021193916718525291036130675557500576298004643840.000000 
0.000000 3819959551441699346532953012053067577533519629619246924336261137320928212195665652769993923405733054811928827985091013643306828661325817457120982974469686856919384738500004747935744.000000 
0.000000 17514060184020976752802785434336360792142178583357104008685022852480299621619659266409649941971836697848004927639844088823288832352727291736764201706374616670247382630122449793684938843750400.000000 
0.000000 0.000000 
0.000000 350942363115456268050989996583269769917646613056346897922770638761939291936592874826173657917573208451174789555169508830203815690793086896785556719943052725544125401893780000294851688510415578069419811459212884614955643077351004157074340704800782488317198336.000000 
0.000000 0.000000 
0.000000 0.000000 
0.000000 11169239935705145052049261179612011374669024008186566100435931293942724941830644224565255698103763033602286042522846527322350968485631240416228613147494951033047611147009184734148405306351226298017196881137056796901376.000000 
0.000000 61805109074382958703066134086012402581561209793068371473439000160991455771120277734349620070504125686389610535769107649163179919392412368903073184282629170785791768134441905054858472337909507600679699590195399259723747295232.000000 
0.000000 8579574117185067961922644657066625320569573568361702111486391492880823879789488907628529391355399388003052702260150314582951240559994083116919736297921849134994068247894076412696824391706074132217142602892285863751069681443527732053182157205474819381438545239623090569216.000000 
0.000000 0.000000 
0.000000 0.000000 
0.000000 1105427234120487267958725388328176305500630162702114512961491310526238839940052861807583776273378070312394453800680954481935660542910655750658861340912260307933462528.000000 
0.000000 0.000000 
0.000000 0.000000 
0.000000 0.000000 
0.000000 0.000000 
0.000000 0.000000 
0.000000 0.000000 
0.000000 0.000000 
0.000000 0.000000 
0.000000 0.000000 
0.000000 0.000000 
0.000000 0.000000 
0.000000 0.000000 
0.000000 0.000000 
0.000000 0.000000 
0.000000 0.000000 
0.000000 0.000000 
0.000000 0.000000 
0.000000 0.000000 
0.000000 0.000000 
0.000000 0.000000 
0.000000 0.000000 
0.000000 0.000000 
0.000000 0.000000 
0.000000 0.000000 
0.000000 0.000000 
0.000000 73587646122184068869009199492344647121170126408167458649751689463095527270095844684347295227348345770908721749520235783668588170331774085036263002962932363150937245050067977067909742411429320516436172011578250004218890944512.000000 
0.000000 0.000000 
0.000000 0.000000 
0.000000 0.000000 
0.000000 0.000000 
0.000000 0.000000 
0.000000 0.000000 
0.000000 0.000000 
0.000000 0.000000 
0.000000 0.000000 
0.000000 90328265079730058519244165863449643015869953210599677895826988981358177552624766655978304888798757317997831606309857197945531476943091715545938093693320554749778776661306101405635686701956650608437248990011117875976598219645297681624549732019588372898815394454716742107136.000000 
0.000000 8041129738445968713517514794184514757553569771732565861324914551554061223213169289616087936924867561893065244744583369547542705932460052654157188927417628068285513728.000000 
0.000000 0.000000 
0.000000 0.000000 
0.000000 0.000000 
0.000000 0.000000 
0.000000 0.000000 
0.000000 0.000000 
0.000000 0.000000 
0.000000 0.000000 
0.000000 0.000000 
0.000000 0.000000 
0.000000 0.000000 
0.000000 0.000000 
0.000000 0.000000 
0.000000 0.000000 
0.000000 0.000000 
0.000000 0.000000 
0.000000 0.000000 
0.000000 0.000000 
0.000000 22047334339483924662894756524290811982335834656260296524005158044958536239653887925098235333658987659104521964646896935970063550010894485230012454699173092880417415879121403507494563453342785334924969433344113639424.000000 
0.000000 0.000000 
0.000000 0.000000 
0.000000 0.000000 
0.000000 0.000000 
0.000000 0.000000 
0.000000 0.000000 
0.000000 0.000000 
0.000000 0.000000 
0.000000 0.000000 
0.000000 60174455072675190779694507423552389585378777362763016258008013127368730943496574442962761324154758148971558383513634986189968796875077030863745462498585679940992586570801348608.000000 
0.000000 0.000000 
0.000000 0.000000 
0.000000 0.000000 
0.000000 0.000000 
0.000000 0.000000 
0.000000 0.000000 
0.000000 0.000000 
0.000000 0.000000 
0.000000 0.000000 
0.000000 258686043184358362686196289935145724172259836220883361143274666226839157675633155966362818606293835110643936222715950291052218218230256283650594491132653621739520.000000 
0.000000 0.000000 
0.000000 0.000000 
0.000000 0.000000 
0.000000 0.000000 
0.000000 0.000000 
0.000000 0.000000 
0.000000 0.000000 
0.000000 0.000000 
0.000000 0.000000 
0.000000 0.000000 
0.000000 0.000000 
0.000000 0.000000 
0.000000 0.000000 
0.000000 0.000000 
0.000000 0.000000 
0.000000 0.000000 
0.000000 0.000000 
0.000000 0.000000 
0.000000 0.000000 
0.000000 0.000000 
0.000000 0.000000 
0.000000 0.000000 
0.000000 0.000000 
0.000000 0.000000 
0.000000 0.000000 
0.000000 0.000000 
0.000000 0.000000 
0.000000 0.000000 
0.000000 73372314375109008351100335691303985367811925913279072175469198493866371894433919528202758277095452407098930525623418135148423035537532707110650207286849898797872977570704029240612997927409329409125221392842295141987967303680.000000 
0.000000 0.000000 
0.000000 0.000000 
0.000000 0.000000 
0.000000 0.000000 
0.000000 0.000000 
0.000000 0.000000 
0.000000 0.000000 
0.000000 0.000000 
0.000000 0.000000 
0.000000 0.000000 
0.000000 0.000000 
0.000000 0.000000 
0.000000 0.000000 
0.000000 0.000000 
0.000000 0.000000 
0.000000 0.000000 
0.000000 0.000000 
0.000000 0.000000 
0.000000 0.000000 
0.000000 0.000000 
0.000000 0.000000 
0.000000 0.000000 
0.000000 0.000000 
0.000000 0.000000 
0.000000 0.000000 
0.000000 0.000000 
0.000000 0.000000 
0.000000 0.000000 
0.000000 0.000000 
0.000000 1119578046442899756892362111922742172844586164306215327587800686444082097912300054824748187736619717848115858724283230744127838813503735749071772505360487868717231710215544635843874524276163961942984112093296993148862464.000000 
0.000000 4251097641410817668324684207836105457275474622080036552061481698039151379170703030213877195967294206847783580685057850893487520829631736402955167351264049494058349820623825749743805413494762781774520248953920138683579111890223104.000000 
0.000000 0.000000 
0.000000 0.000000 
0.000000 0.000000 
0.000000 0.000000 
0.000000 0.000000 
0.000000 0.000000 
0.000000 0.000000 
0.000000 0.000000 
0.000000 40018355149296556068082583893544685094703150583679766220883312177063423149596914104293839391874267890408531784367140039068241936064411089806943848497152.000000 
0.000000 0.000000 
0.000000 0.000000 
0.000000 0.000000 
0.000000 0.000000 
0.000000 0.000000 
0.000000 0.000000 
0.000000 0.000000 
0.000000 0.000000 
0.000000 0.000000 
0.000000 90881598039329926221288400892135146096297039258998272008982036528453801653065267613657962398480525176101508106654576409983898156021935621854426577474693430228105722680654547646073363217563955957354170096882490579139556278272.000000 
0.000000 0.000000 
0.000000 0.000000 
0.000000 0.000000 
0.000000 0.000000 
0.000000 0.000000 
0.000000 0.000000 
0.000000 0.000000 
0.000000 0.000000 
0.000000 0.000000 
0.000000 0.000000 
0.000000 0.000000 
0.000000 0.000000 
0.000000 0.000000 
0.000000 0.000000 
0.000000 0.000000 
0.000000 0.000000 
0.000000 0.000000 
0.000000 0.000000 
0.000000 0.000000 
0.000000 0.000000 
0.000000 785615961482590027776.000000 
0.000000 0.000000 
0.000000 0.000000 
0.000000 0.000000 
0.000000 0.000000 
0.000000 0.000000 
0.000000 0.000000 
0.000000 0.000000 
0.000000 0.000000 
0.000000 0.000000 
0.000000 0.000000 
0.000000 0.000000 
0.000000 0.000000 
0.000000 0.000000 
0.000000 0.000000 
0.000000 0.000000 
0.000000 0.000000 
0.000000 0.000000 
0.000000 0.000000 
0.000000 0.000000 
0.000000 0.000000 
0.000000 0.000000 
0.000000 2075912755996838340576434388318976432932203589296003368733102203500496573646596150017174490900055465252282113266113619556708541340962736420955447958655293501493423296360129414102621046890320152997896331873180221662795087341869716077346795028480.000000 
0.000000 34191856986996901099229624406860987059876071584068149774249045023330593914513555735800799247576331464666300995578459754122872368011121392785832454773728227525570950991805817582077887191334501711133702248585683271680.000000 
0.000000 0.000000 
0.000000 0.000000 
0.000000 -3141096157196991892016562857130101810585877344400019260192374200678046637956725048922159590974082282855968308749670633086910464.000000 
0.000000 0.000000 
0.000000 0.000000 
0.000000 0.000000 
0.000000 0.000000 
0.000000 0.000000 
0.000000 0.000000 
0.000000 0.000000 
0.000000 0.000000 
0.000000 0.000000 
0.000000 0.000000 
0.000000 0.000000 
0.000000 0.000000 
0.000000 0.000000 
0.000000 0.000000 
0.000000 0.000000 
0.000000 0.000000 
0.000000 0.000000 
0.000000 0.000000 
0.000000 0.000000 
0.000000 0.000000 
0.000000 0.000000 
0.000000 0.000000 
0.000000 0.000000 
0.000000 0.000000 
0.000000 0.000000 
0.000000 0.000000 
0.000000 0.000000 
0.000000 0.000000 
0.000000 0.000000 
0.000000 0.000000 
0.000000 0.000000 
0.000000 0.000000 
0.000000 0.000000 
0.000000 0.000000 
0.000000 0.000000 
0.000000 0.000000 
0.000000 0.000000 
0.000000 0.000000 
0.000000 0.000000 
0.000000 0.000000 
0.000000 0.000000 
0.000000 0.000000 
0.000000 0.000000 
0.000000 0.000000 
0.000000 0.000000 
0.000000 0.000000 
0.000000 0.000000 
0.000000 0.000000 
0.000000 0.000000 
0.000000 0.000000 
0.000000 0.000000 
0.000000 0.000000 
0.000000 0.000000 
0.000000 0.000000 
0.000000 0.000000 
0.000000 0.000000 
-0.000000 0.000000 
-0.000000 0.000000 
0.000000 0.000000 
0.000000 0.000000 
0.000000 0.000000 
-152630578067342461867276136750059762929843608705706329363584741221489111524483032477918576508216208355918311171822715193944647783433274114264516476464656030229312032136201502720.000000 0.000000 
0.000000 0.000000 
14853741083149981311316981674050636222597377945066343494417812863549206133758283590172162911528890649442731642838269504356589206669304100151953514492928415075454772259863142309696953481402652747854511952263493164466176.000000 0.000000 
-84415560285484418044670295423835742366264164588988834748323553655868226535077809678172563959840399117627656497031389978381199622322057165843916314750768281891789563975389044753449891916997491258678717619636152366771799310936271882908968212161974916385593718003340197993053475693804420925180776678619460141056.000000 0.000000 
0.000000 0.000000 
0.000000 0.000000 
0.000000 0.000000 
-5486124084583056189840226161174839768292160612402305701014290778495106291642549628893630037177254788970383629344970362328002739462253378377996021895605371895087556083688001925282767757261617295256152952377214049346217050598432448434615460282364660288406886151444624826370493659865669449394138536568946688.000000 0.000000 
29353591071011451342953374049458125275136.000000 0.000000 
4853788492707342908151947427859871628069251466523014867155460964184755752602287517349249864838364004352.000000 0.000000 
16962312541863471208306210041486408417280.000000 0.000000 
-0.000000 0.000000 
978744407766928192949977088.000000 0.000000 
26870451984164361027250824173429686521190632968788257775715336321163319027223323044487294503095297848647491483971767703336165356922609753035359690995073460816180856706187059488978091916479471754909263588946436369003211771501917536908235387137263745840371029115594061189750124557874280414758831438954496.000000 0.000000 
34991622992788680730082675467384460625566192024749201832487178847887427983717796254761878381616343142003245525023850496.000000 0.000000 
2820992556340664587212751158944768110624768.000000 0.000000 
1417458539557199727551229347116238745108480.000000 0.000000 
0.000000 0.000000 
0.000000 0.000000 
-0.000000 0.000000 
-0.000000 0.000000 
0.000000 0.000000 
-0.000000 0.000000 
1041874141005547125046804252011190550528.000000 0.000000 
-0.000000 0.000000 
-672.000883 0.000000 
-3178589143315739061574908772352.000000 0.000000 
45.087941 0.000000 
0.000000 0.000000 
25265788153380495868620314690071750050576179894258251532425990445727744.000000 0.000000 
5220505251053703411029549896505903053863001134720342693508131427894994444443644947033330674707030222127983074105687227556414498448723734388732218754611278439834427651964943306790521340807741439181630065265550774770254730873442833990068339585177930369597440.000000 0.000000 
-173387450498946652276022955756940565466511444723879345487290005013493506532942476078329502347077068015650558506620180721549584229249823878806836845151609144659960916992184867427458396612422507919598292041728.000000 0.000000 
88825420199650570309717458166865990855657331048117264554735803290049463000843563349121761196491053535631640111955920695818448627165593021027641674296916513761248177931826450213601681586924262685235153347784468840239648712739273940343455744.000000 0.000000 
6459667672113081120969621475284500420231168.000000 0.000000 
-0.000000 0.000000 
22942071062236637132056769231381408103006208.000000 0.000000 
-28741617197007207070014042279122200785318284477306241024.000000 0.000000 
286016.172354 0.000000 
-0.000000 0.000000 
-0.000000 0.000000 
